-0.011736191,-0.03825678,-0.048201993,-0.08171352,-0.00837129
0.07100986,0.013286792,-0.039369933,0.037130527,0.06125759
0.00086834107,-0.009857406,-0.05560642,0.0822024,0.010509297
-0.026125612,-0.034404166,-0.035455953,0.01763051,0.014869182
0.023435742,-0.006259034,-0.012275321,0.040082783,0.029737944
-0.06310141,-0.043598857,0.025422536,-0.007933424,0.053591978
-0.036015946,0.12563509,0.12626176,-0.08178968,-0.034247644
-0.018821262,-0.054459926,-0.0049892683,0.00086993695,-0.107002504
-0.07501074,-0.023250557,0.034201976,-0.0707228,-0.03576619
-0.022679348,0.00018118406,-0.06357695,-0.016959596,0.02337789
-0.037708484,0.012941365,-0.07026793,-0.022177534,-0.0753733
-0.036834422,-0.03827666,-0.07000595,-0.0824332,0.039645113
-0.040502157,0.03288521,-0.026492245,0.0229555,-0.0025294116
-0.036952596,-0.043141317,-0.07384895,0.009476075,0.010183726
-0.01531315,0.015327166,-0.08610037,-0.012392735,0.022807049
-0.011510109,0.031195665,0.04566232,0.07399126,0.04910365
-0.040571082,-0.031106958,0.08415488,0.037608534,-0.0414387
0.0060609076,-0.071505316,0.06919942,-0.01972801,-0.05594119
-0.04807073,-0.084674954,-0.011997256,0.012214262,-0.01850297
0.011185734,-0.024268718,0.052643202,-0.044912484,-0.029199805
0.048050676,0.0028275535,-0.1086527,-0.08639097,-0.104290694
0.03994362,0.0039313706,-0.1401995,-0.1709208,-0.06573052
0.0047845496,-0.037141513,-0.07167174,-0.09076131,0.03385332
-0.045284122,-0.023486262,-0.08843112,-0.06639104,-0.021989461
-0.010178745,0.10765727,0.018410651,0.02130166,0.0025911941
-0.014654511,-0.044396758,-0.049655773,0.005076526,-0.0265337
0.07494257,0.06716147,0.04756785,-0.021763757,-0.02054128
-0.0119077815,-0.0047490504,-0.07935648,-0.06696878,-0.03533312
-0.043013718,-0.08453177,-0.0072159017,-0.006502819,0.06843027
-0.061612185,-0.03505446,-0.0025664363,0.11547533,0.037012886
-0.053601045,0.066055864,0.007301881,-0.027402386,-0.022954674
-0.07919229,-0.09530582,-0.03374236,-0.10085434,-0.097304426
-0.0020462112,-0.026198216,-0.010717273,-0.031536534,-0.020595701
-0.06242597,-0.0125494255,-0.04501905,0.042225573,-0.06254089
0.02276677,0.059580296,-0.011358478,-0.014945213,-0.05500904
0.0010021869,0.029065207,0.024256138,-0.070818156,0.000476767
-0.015260759,0.01499641,0.038024127,-0.04238773,-0.066662975
-0.0338161,-0.030908128,-0.0599779,-0.07224008,-0.017360447
-0.00953578,-0.00045844732,-0.027959185,-0.036002062,0.018427012
-0.017580446,-0.032046247,-0.055571236,0.015273301,-0.09157355
-0.015661221,-0.039425433,-0.031001668,-0.041640896,0.0063624484
-0.04880631,0.06294747,0.013984352,-0.08353681,-0.03388804
0.02619778,-0.008851023,-0.033770975,-0.05086784,-0.023856116
-0.0073256013,-0.01649993,-0.034117997,-0.087629475,0.017186528
0.003907386,-0.03236358,0.035925306,0.035168614,0.016684428
-0.016676735,-0.066607095,-0.037797023,-0.041215852,-0.056925766
-0.03666771,0.024175283,0.0684484,-0.02311631,0.023774073
-0.055971887,0.014492637,0.10376681,0.022478389,-0.061548766
0.006482319,0.017386548,0.034139954,0.006718577,-0.029115709
-0.017562598,-0.022951487,0.027018152,-0.03914804,-0.09727352
-0.038327232,0.051996358,0.037793025,-0.022116054,-0.0064205537
-0.098649725,-0.0918415,-0.10215507,-0.1548386,-0.18051362
0.016667435,-0.09133216,-0.037852827,-0.13749443,0.0023520908
-0.048380412,-0.113514684,-0.16098057,-0.04891183,0.10567303
-0.064933784,-0.035168532,0.003982063,0.021086363,-0.061861955
-0.080812044,0.0036584989,-0.09066604,-0.100074574,-0.09141084
0.010921762,0.011881539,-0.13501467,-0.10394546,0.04153574
0.034623433,0.054554913,-0.15556319,-0.10730873,0.05670996
0.038614225,-0.0052984385,-0.102659136,-0.06732292,-0.0018078045
0.015717685,-0.08430482,0.005290035,0.08218741,0.08533062
-0.05745824,0.033663433,-0.01924696,0.015370689,0.04953181
-0.07125905,0.085842706,0.10039994,-0.064120546,0.038243696
0.00965446,0.0056043477,0.039729737,-0.004153762,-0.015830845
-0.026065521,-0.04366366,0.016662862,-0.018018462,-0.00433499
-0.03856216,0.06286397,0.0051942035,-0.057635203,-0.0650079
0.04729202,0.009753831,-0.022054184,-0.115799256,0.02256586
-0.011302778,-0.046139717,0.010464374,-0.006212587,-0.08102436
0.019994596,-0.086507455,0.08526357,0.05848062,-0.01499234
0.013091133,-0.016681634,0.14814286,0.14337902,-0.080174506
-0.035431094,-0.02153714,0.0676471,0.10805622,-0.07242496
0.00046557866,-0.10401446,-0.03626231,0.0702403,-0.033708375
-0.08315765,-0.055306982,-0.022238515,0.13149421,0.071993984
-0.09377444,-0.06813738,0.061386164,0.12639336,-0.004781588
-0.07053933,-0.079020604,0.037493087,0.0015546153,-0.032808013
-0.0032031785,-0.0887736,-0.028537171,0.035620604,-0.033386383
0.0032240883,-0.055244297,0.0057349894,-0.05591757,0.021488994
-0.023933157,0.032829005,-0.006770495,0.013589212,0.032350156
0.0335458,0.0026601898,-0.047696926,-0.035659567,-0.053596623
-0.004100816,-0.056530457,-0.0053136065,-0.019479718,-0.078465685
0.0153181655,-0.042782526,0.017078888,-0.024775602,0.024150386
0.015797496,-0.045985766,-0.044267543,-0.05583318,0.05591127
-0.00085851294,-0.0454944,-0.023205794,0.009757171,0.048353925
-0.014056059,-0.102658,-0.089614265,-0.110895984,-0.02649199
-0.018448047,-0.05600254,-0.013943957,0.06270123,-0.045973312
-0.014285762,0.023889292,-0.015500625,-0.021196822,-0.06414908
-0.16257979,-0.10563625,0.078890435,0.08492134,-0.0004536918
-0.09348699,-0.17953752,0.15483871,0.097322755,-0.043285783
-0.114407465,-0.18170552,0.17422858,-0.038949754,-0.096026964
-0.122960374,-0.1760607,0.064611375,-0.0945341,-0.04829991
-0.05893345,-0.09880781,-0.007944728,-0.06270126,-0.1918644
-0.023856811,-0.044089478,-0.011061788,-0.0037187173,-0.0044257725
0.014378932,0.099556774,0.029688004,-0.036501806,0.04822941
0.045991655,-0.023786902,-0.05428206,-0.08899665,0.0023492936
0.014945097,-0.10536317,-0.14518957,-0.10651976,-0.07065801
-0.086830385,-0.06607958,-0.048964843,0.09701187,0.025060827
-0.091283806,-0.07271434,0.016046036,-0.08713019,0.005868555
-0.0874488,-0.036944266,-0.03197876,0.05237092,-0.0049169865
-0.09595059,-0.055022113,-0.04131633,-0.0471058,-0.009159725
-0.06040169,-0.05841749,0.043282755,-0.056866806,0.062072635
-0.07034631,-0.114836164,-0.060153145,0.1062581,0.045239154
