-0.18250348,-0.24014021,-0.1707186,-0.180871,-0.18687174
-0.20700096,-0.25186044,-0.16414122,-0.10011991,-0.16224201
-0.17415966,-0.22636405,-0.19459805,-0.17338246,-0.14461006
-0.22409044,-0.19808042,-0.1907479,-0.18401672,-0.13915126
-0.17408589,-0.17039552,-0.122143514,-0.14079338,-0.11155439
-0.18331487,-0.23650329,-0.20757197,-0.1832696,-0.13894454
-0.20341496,-0.23814599,-0.19462468,-0.11103801,-0.17994662
-0.2476292,-0.22942817,-0.13650148,-0.18559222,-0.15121469
-0.1744853,-0.24329916,-0.15414256,-0.1518833,-0.11530951
-0.15897942,-0.17104922,-0.16459246,-0.12561308,-0.15055606
-0.16815974,-0.22793739,-0.22286959,-0.10181799,-0.17742862
-0.19380769,-0.12006834,-0.20965938,-0.102994,-0.1836612
-0.21275641,-0.23139594,-0.18743673,-0.09801099,-0.18615912
-0.2270087,-0.24189888,-0.16694479,-0.12872148,-0.20456137
-0.24099861,-0.1688774,-0.17117326,-0.20168127,-0.24202688
-0.24095456,-0.17807941,-0.1692546,-0.10950951,-0.2265593
-0.19451919,-0.14821854,-0.223094,-0.12136029,-0.23505872
-0.20572893,-0.17252448,-0.18090723,-0.104926825,-0.17552368
-0.18634951,-0.21204904,-0.15904517,-0.22977239,-0.23788346
-0.1851454,-0.14850509,-0.13342835,-0.24860804,-0.16107246
-0.17320193,-0.13580367,-0.22415607,-0.18131433,-0.24511312
-0.12945192,-0.1257453,-0.19095883,-0.2940743,-0.27545986
-0.13953981,-0.18529524,-0.22633676,-0.29502812,-0.22750685
-0.13588865,-0.18415998,-0.16815943,-0.21853217,-0.25629234
-0.1462828,-0.1754435,-0.23788881,-0.21971448,-0.20339425
-0.2363778,-0.2293749,-0.2168033,-0.17716873,-0.10177926
-0.1295133,-0.22276597,-0.20645504,-0.20553747,-0.19051434
-0.17958118,-0.24734989,-0.15697655,-0.18983032,-0.23226689
-0.20917076,-0.15353741,-0.115633,-0.22946803,-0.16518039
-0.18468088,-0.17219828,-0.21756653,-0.21216813,-0.18585993
-0.25059617,-0.2185648,0.16961727,-0.13802788,-0.21182874
-0.17562015,-0.21331224,-0.14804009,0.23715083,0.30114904
-0.21659471,0.024123859,-0.16616106,0.1862385,0.13034263
-0.16245548,-0.21007465,-0.12200005,0.21583517,-0.1666548
0.23803264,-0.14993678,-0.13489722,-0.14017464,0.26246893
-0.16922985,-0.22032537,-0.12237626,-0.15398464,-0.10627058
-0.24749847,-0.20024501,-0.14555828,-0.1116083,-0.13747321
-0.19868556,-0.24933384,-0.22961287,-0.10051479,-0.14628352
-0.18808372,-0.2423638,-0.1193381,-0.16188288,-0.14676407
-0.16351864,-0.1737009,-0.18119657,-0.16237585,-0.11601198
-0.19573994,-0.15234181,-0.22614178,-0.054946847,-0.16247892
0.19021311,-0.15233031,-0.15329523,-0.26436105,-0.1507628
0.20178953,-0.2256727,-0.18133412,0.1990871,-0.094779894
0.1820383,-0.14415729,-0.14416789,-0.21066086,-0.18069556
0.21283236,0.21802102,-0.09998388,0.19714607,0.19303173
-0.24119622,-0.24900667,-0.24732284,-0.1596055,-0.08481039
-0.230209,-0.23038332,-0.21810164,-0.23118916,-0.09992029
-0.22239873,-0.18209484,-0.24207698,-0.094397694,-0.1268714
-0.21514016,-0.21039182,-0.21064334,-0.16085629,-0.15186338
-0.2674666,-0.29241836,-0.19449048,-0.14139052,-0.163997
-0.20465825,-0.18023394,-0.1013535,-0.16821033,-0.12363035
-0.20147136,-0.22803633,-0.13245149,-0.13742647,-0.11516533
-0.16953874,-0.18408534,-0.13372855,-0.17601216,-0.17975792
-0.18523116,-0.16923091,-0.20428981,-0.10791909,-0.119619705
-0.14720607,-0.13486712,-0.20384653,-0.1384898,-0.10285612
-0.027360275,0.03892988,0.0021465605,0.04241434,-0.019067321
0.02749193,-0.02458667,-0.03664172,0.032507572,0.015458752
0.043963257,0.018125564,-0.018866813,-0.026597312,0.03660486
-0.008865671,-0.026570598,-0.033030845,-0.029936772,-0.018785534
-0.035955943,0.043042596,0.0051671285,0.014754362,-0.022001246
-0.20499822,-0.1761638,-0.22160305,-0.106098704,-0.1557407
-0.22357272,-0.2413511,-0.25071743,-0.12218352,-0.16988108
-0.234628,-0.22470625,-0.23953271,-0.23978023,-0.17123447
-0.16548629,-0.2034701,-0.22230217,-0.20886634,-0.10460432
-0.1681317,-0.18734021,-0.21392548,-0.17985538,-0.112382546
0.020659745,0.032868624,0.020474518,0.0072869584,0.013749606
-0.033387076,0.04309656,-0.028807554,0.031551175,-0.028316215
-0.03231915,0.018430497,0.029309064,-0.012180735,0.012525472
-0.038980525,-0.0050218585,0.03945778,0.04178727,-0.014240392
0.016523788,0.04124534,0.016585363,0.008198034,-0.03603662
-0.19286014,-0.19548899,-0.23274902,-0.18320341,-0.17153382
-0.16513513,-0.20956066,-0.17474045,-0.2170082,-0.16470924
-0.17463607,-0.1814746,-0.16405717,-0.12893988,-0.1605973
-0.23447078,-0.25178587,-0.20534946,-0.098004475,-0.15702735
-0.21788643,-0.17653123,-0.16585425,-0.12968978,-0.17016338
-0.16382366,-0.17010091,-0.2337349,-0.17293502,-0.15263611
-0.18982475,-0.23759998,-0.16116361,-0.13850656,-0.15358786
-0.17695957,-0.18259424,-0.11136725,-0.1184691,-0.16817088
-0.24321266,-0.23547563,-0.21076277,-0.10720614,-0.15226674
-0.16618124,-0.17170845,-0.18475518,-0.12168999,-0.16122068
-0.18481503,-0.12627661,-0.15722202,-0.24486361,-0.2367635
-0.10939429,-0.15261069,-0.10675926,-0.15783839,-0.16159485
-0.15360476,-0.09921881,-0.124882974,-0.23899914,-0.12291441
-0.12314611,-0.17878425,-0.18108667,-0.20298278,-0.118063815
-0.1041994,-0.15446317,-0.24745257,-0.18511581,-0.1388164
-0.20921999,-0.11429686,-0.13003962,-0.100781135,-0.1003936
-0.21929558,-0.17201258,-0.11566355,-0.18304172,-0.09597672
-0.18630429,0.17397995,-0.07241043,-0.08102568,-0.1770276
-0.20983301,-0.14327691,-0.1510422,-0.21394107,-0.15485002
-0.15398555,-0.116321295,-0.08147117,-0.11832924,-0.094040744
-0.19675638,-0.19586998,-0.10292913,-0.15796319,-0.14071958
-0.25022963,-0.22650304,-0.21007313,-0.09718236,-0.11423709
-0.21917479,-0.2189596,-0.13001776,-0.22448693,-0.21303521
-0.19639261,-0.22064155,-0.10770663,-0.18879735,-0.14488442
-0.1484103,-0.13433795,-0.1185141,-0.19467866,-0.15220734
-0.19924057,-0.20817849,-0.2381214,-0.1756115,-0.13970059
-0.1766675,-0.23899171,-0.18259406,-0.14684747,-0.10968936
-0.2749295,-0.24065876,-0.12376746,-0.11794256,-0.1755117
-0.2288627,-0.19993064,-0.13124241,-0.1616641,-0.1802617
-0.1004805,-0.11258369,-0.18414687,-0.1585267,-0.12422297
