-0.023205642,-0.0631403,0.011098759,0.020572044,-0.034459904
-0.015791845,-0.04998946,-0.025663462,0.0024781239,0.011381065
-0.044195786,-0.06418242,-0.042036712,-0.011435005,0.03268115
0.0025185992,-0.029273221,-0.07711999,-0.01370798,0.07518573
0.01724507,-0.082803935,-0.11277826,-0.018922456,0.024244593
-0.0046811523,-0.05600304,-0.07142835,-0.027312841,0.0047773174
-0.029118532,-0.00060269126,-0.053021677,0.058966275,-0.06657666
-0.031165386,0.024945918,0.044036284,0.005485231,-0.016493818
-0.027743328,0.009795318,-0.0198667,-0.07130604,-0.04800724
-0.020449929,-0.052109648,-0.052454833,-0.0074476893,-0.021523971
0.034332126,0.0021739574,0.06741918,0.014148648,0.071889944
0.011590237,-0.01834304,0.0127724195,-0.043150183,-0.03131637
-0.05709575,-0.030517444,-0.060026463,0.024310179,-0.06152435
-0.028917737,-0.014251359,0.04793909,0.0030239085,-0.018803047
0.061495494,0.02887448,0.079612866,0.009869047,0.09942201
-0.019528361,-0.023537815,-0.052846327,-0.032807294,0.005268019
0.0310551,0.06464975,-0.005455639,-0.05922978,-0.04177775
0.052071903,-0.0032856187,-0.03727334,-0.0016714792,-0.06293383
-0.022515766,0.013795501,-0.0011225223,0.135415,0.053778943
-0.0051462357,-0.042703334,0.024613455,-0.051974975,-0.050839704
-0.0951727,-0.11934477,-0.036455758,0.16414921,0.0047170524
-0.104059234,-0.12614515,-0.08097435,0.031621,0.11035757
-0.12026456,-0.021860246,-0.047043804,-0.14351656,-0.058451124
0.020005627,0.0059925793,0.039553575,-0.05820297,-0.14200826
-0.052284025,-0.089506045,0.031021565,-0.1751625,-0.12968045
0.015678974,-0.03385854,-0.03494805,-0.0052095996,-0.0065024733
-0.06776277,-0.04186751,0.04978792,0.0067598177,-0.06533298
-0.019057168,0.01595344,0.00020305486,-0.0519363,-0.112621464
0.0028390284,-0.04038885,-0.14724806,-0.07430412,-0.08952623
-0.086977266,-0.05089506,0.042106386,0.06781396,-0.007543237
0.00797105,0.03926623,0.022073196,-0.039662722,0.002245759
0.022982942,-0.041227426,0.015289913,-0.019639932,-0.016560484
0.024769887,-0.0006686848,-0.03826254,0.0155235715,-0.022381447
0.01937105,-0.015508409,0.09251703,0.062324576,-0.06041425
0.046812285,-0.0107024675,0.04751609,0.011946356,-0.07516629
-0.0061359657,0.021480825,-0.0789147,-0.00023175012,-0.010991111
-0.044216342,-0.019116314,0.115811095,-0.008421565,-0.037111983
-0.03153731,0.008891067,0.058206614,0.035034947,-0.046109892
-0.03779871,-0.011918746,-0.07771128,-0.03410543,-0.012877709
0.011200033,-0.051303394,0.012723993,-0.07687782,-0.11845459
-0.01478324,-0.0689397,-0.037777245,0.0226443,0.07273984
-0.039564822,-0.018486457,0.019386979,-0.02362962,-0.06008786
-0.10072654,-0.012013271,0.10004167,-0.015744979,-0.10705738
-0.09251851,-0.06455201,-0.094450206,-0.124964915,-0.12168284
-0.070985995,-0.046877813,-0.112099946,-0.13495399,-0.12341138
0.01857071,0.038370457,-0.04609535,-0.033401288,-0.026833303
0.010194118,-0.025026508,-0.019269317,-0.0474259,-0.008346925
-0.06199016,-0.0027926257,0.006038474,0.06031743,-0.01766379
0.0023897823,-0.07821715,0.017254585,0.04791102,0.019035783
-0.014483538,0.0038006322,0.009161063,-0.059135847,-0.058966603
0.0022253108,0.035748705,0.018270902,0.096317485,0.0012217375
-0.0922633,-0.055205066,-0.023963774,0.04151766,0.052846376
-0.046641864,0.025646381,-0.033121407,-0.14114296,-0.13279276
-0.050901484,0.036239725,-0.011413213,0.048144493,-0.13320114
-0.008105731,0.03374466,0.16619937,-0.010270602,-0.084088586
-0.07823417,-0.012595545,-0.1027738,-0.0009765346,0.1720759
-0.00037214288,-0.028633911,-0.1005705,-0.14809264,-0.12497174
-0.10328938,-0.04568682,-0.03396316,-0.09389306,-0.123527534
-0.056614924,-0.0962258,-0.12563887,-0.15474503,-0.048746567
-0.017602919,-0.12580852,-0.120282084,0.04057809,0.093142435
0.016090471,-0.03154009,-0.08790822,0.010062041,0.027430762
0.029419757,-0.02169073,-0.055643197,-0.03378099,-0.03620178
0.020637004,-0.040944833,0.0009730212,0.20933042,-0.048932143
0.009561998,0.081778474,0.047459777,0.08950333,-0.061439946
0.057863176,-0.016039878,-0.0036286395,-0.12049178,-0.05496537
0.01181073,0.015030918,-0.0929741,-0.1116721,-0.16617224
-0.0022291327,-0.05730226,0.089513876,0.16869174,0.0117510855
-0.045208033,-0.094484635,0.011636891,0.30282095,0.083952226
0.033082385,-0.038718723,-0.003288324,0.021836696,-0.037716035
0.08663178,0.032156326,-0.078551345,-0.03466194,-0.12975983
-0.035085432,-0.036546376,0.04784744,0.08150316,0.0072723064
-0.0031392719,0.014150736,-0.08449038,-0.014497701,-0.14185998
0.06093596,-0.05164668,-0.071282886,-0.014450812,0.024496835
0.052224282,-0.004870685,-0.06412457,0.16409333,0.111223534
-0.026533742,0.014337801,0.12592146,0.16459633,0.019731145
-0.07786691,-0.0045097414,-0.00584022,0.058171906,0.037614036
-0.044657495,-0.02442961,-0.022198288,-0.018608354,-0.029375212
-0.015456501,0.018127639,0.07931349,-0.030021034,0.0068861223
-0.035037786,-0.028816707,-0.007202491,0.018952437,-0.016772801
0.026947683,0.04429781,0.0221344,0.040837903,-0.05059779
-0.013524492,-0.05631036,-0.037103985,-0.046176385,-0.078780904
-0.035732385,0.019244753,0.11091972,0.08336551,0.010073532
-0.03700308,-0.0745334,0.08631706,0.12737922,0.03541764
-0.08475657,-0.020070331,-0.0045189955,-0.041786548,-0.037405636
0.009657896,-0.019448234,-0.03262982,-0.08387077,-0.05219608
-0.057405468,0.021725064,0.053602464,0.045895427,-0.10840363
0.011564471,-0.0010335306,0.016412968,-0.09355026,-0.012323754
0.050078545,0.06922414,-0.09272519,0.03535235,-0.0663446
0.07671872,-0.06297758,-0.04574722,0.2431162,0.09973578
0.021237839,0.042275645,0.026436243,-0.027229656,-0.18084586
-0.04733169,-0.045974225,-0.06259591,0.042262804,0.11097013
0.010461308,-0.03758019,-0.07843963,-0.050595738,-0.05485714
-0.15196742,-0.008026987,0.13190259,0.039733976,-0.17487346
-0.01079528,0.0069108442,-0.048350204,-0.18055488,-0.11613899
-0.0735506,-0.06953221,-0.036953446,-0.07421233,-0.01148435
-0.031901293,0.03202313,-0.004421403,0.036148857,-0.04686045
0.032164477,0.02181695,-0.04212169,-0.0901174,-0.11372378
0.0029093877,0.03944361,0.0028762203,-0.12945305,-0.09265432
0.02404301,-0.09016366,-0.014188673,0.15226386,-0.0766367
-0.011867183,-0.01861781,0.25071284,0.1662244,-0.0035283228
