-0.19345254,-0.1269909,-0.22401696,-0.18002544,-0.18711893
-0.12650324,-0.17276171,-0.12440436,-0.19461514,-0.20475575
-0.15091674,-0.15012112,-0.12011028,-0.17845109,-0.22205192
-0.21351653,-0.16011985,-0.1625768,-0.18541911,-0.16423985
-0.1263346,-0.16322692,-0.1228789,-0.16317658,-0.19386949
-0.11519356,-0.14062625,-0.21506491,-0.19050193,-0.19452022
-0.13740982,-0.16122514,-0.17609331,-0.24665223,-0.2340283
-0.18621303,-0.16029924,-0.18031903,-0.17123835,-0.24639668
-0.14117964,-0.1130405,-0.16835971,-0.20591486,-0.16100965
-0.107196905,-0.11969316,-0.1542782,-0.117837526,-0.12410515
-0.20363809,-0.10720803,-0.19439033,-0.11521304,-0.17721783
-0.19165552,-0.2499919,-0.13657093,-0.13061285,-0.17988926
-0.18144801,-0.16631615,-0.11842379,-0.25105092,-0.16961369
-0.18392697,-0.15060404,-0.13278462,-0.18467927,-0.24234375
-0.1138941,-0.12908027,-0.102399126,-0.20617352,-0.13939932
-0.1947268,-0.16936116,-0.24358554,-0.120626435,-0.12006944
-0.20858346,-0.23568586,-0.10798353,-0.11840531,-0.2203447
-0.20196797,-0.21969837,-0.16252747,-0.16513646,-0.19285144
-0.2067543,-0.114134535,-0.11248054,-0.18716757,-0.12718424
-0.1812026,-0.16248563,-0.16831559,-0.19681524,-0.19820037
-0.23477349,-0.22670764,-0.15782717,-0.14058961,-0.17477858
-0.17122503,-0.24056052,-0.14777015,-0.124229774,-0.17670639
-0.20660557,-0.2458258,-0.19039468,-0.18995892,-0.1929148
-0.22481082,-0.20693812,-0.22319484,-0.20033783,-0.16551964
-0.2281312,-0.17630151,-0.21423489,-0.13993628,-0.11166912
-0.17236567,-0.12546483,-0.1369674,-0.10884521,-0.21133685
-0.12875566,-0.2490361,-0.10197348,-0.24724029,-0.18145715
-0.23522207,-0.1316376,-0.21281286,-0.18546535,-0.19271065
-0.104242,-0.09661517,-0.19571754,-0.1747947,-0.11225697
-0.13896795,-0.11664919,-0.13885115,-0.13845655,-0.24384174
-0.02168558,0.16331647,-0.2139524,-0.2161501,-0.28027546
0.19545728,-0.11907962,-0.10577129,-0.23080875,-0.20019242
0.1880026,0.15655176,-0.046741907,0.23092794,-0.047998674
-0.09645735,-0.18291512,-0.19541864,-0.2808339,-0.104971774
-0.15422368,0.20457107,-0.15466897,-0.26254702,-0.17577118
-0.18935595,-0.16860667,-0.20361133,-0.22136018,-0.22014438
-0.14403982,-0.10995019,-0.15622666,-0.16910486,-0.16067222
-0.115411974,-0.16845776,-0.16421093,-0.21760952,-0.21566784
-0.18032622,-0.11933658,-0.18119258,-0.20582107,-0.24806081
-0.17779793,-0.1446588,-0.14957324,-0.21397108,-0.13829835
-0.2002835,-0.13095407,-0.20811482,-0.19600578,-0.18829168
-0.21426009,0.15709344,-0.1100007,-0.119802155,-0.25240383
-0.15194976,-0.17110744,0.2183752,-0.27436444,-0.22717957
-0.20766701,0.18215255,-0.22464767,-0.21144125,-0.19843689
-0.10283216,0.202219,0.16497806,-0.22304586,-0.057347763
-0.12380003,-0.24035503,-0.17781946,-0.24374926,-0.19728045
-0.15706752,-0.19310679,-0.20201187,-0.1795066,-0.21519803
-0.16073903,-0.15690507,-0.17529483,-0.1569702,-0.22834836
-0.24316442,-0.26022422,-0.18055049,-0.12105497,-0.2272707
-0.17300588,-0.22504012,-0.12203937,-0.23366354,-0.17419015
-0.13912648,-0.13760614,-0.13202043,-0.19497775,-0.22349347
-0.13266689,-0.16850853,-0.12342519,-0.16270468,-0.09989927
-0.15719515,-0.15113135,-0.10792392,-0.23528206,-0.19295612
-0.13859574,-0.10302041,-0.16472659,-0.11131423,-0.14842427
-0.104045056,-0.1878332,-0.17198734,-0.1588908,-0.18877009
-0.0040625036,-0.0355081,0.027949795,0.037989225,-0.003051697
0.026126988,0.02214866,0.017794752,0.0056096665,-0.029235212
-0.039730374,0.01791014,-0.030294217,0.034465514,0.009275683
-0.022640873,-0.018824883,0.010911749,-0.0016775905,0.03915427
-0.016999673,-0.026362104,-0.040870633,0.008361846,-0.033339135
-0.15344967,-0.16483141,-0.165965,-0.16719621,-0.18209624
-0.17053385,-0.119563416,-0.16234529,-0.18288918,-0.23396672
-0.19336216,-0.11998901,-0.11288512,-0.16078755,-0.18059428
-0.1114791,-0.15475665,-0.1162138,-0.15310574,-0.2331909
-0.12719926,-0.13176863,-0.18930998,-0.16662517,-0.15541984
0.02941979,-0.0030375747,-0.042613074,0.00709439,0.011857142
0.007352143,0.036118224,-0.043930713,0.004705436,-0.024538439
-0.020000733,-0.028693775,-0.0105127515,-0.04193375,-0.04152534
0.0301633,0.027410267,-0.016764741,-0.014614765,-0.015925163
0.011049188,-0.017767716,0.018445019,-0.00011216848,0.011376097
-0.22750475,-0.16983195,-0.13122481,-0.17101808,-0.22992021
-0.18642494,-0.14976642,-0.16665542,-0.22421172,-0.1677833
-0.12387328,-0.10960901,-0.14800563,-0.11173027,-0.20462745
-0.20448163,-0.1499597,-0.13237469,-0.09907892,-0.16994609
-0.23026021,-0.1608669,-0.12029246,-0.15914038,-0.2201815
-0.14778756,-0.24053244,-0.2377848,-0.17081845,-0.24550317
-0.18377472,-0.124811314,-0.21152641,-0.18400104,-0.14841636
-0.1543424,-0.15383524,-0.12951563,-0.1931944,-0.14837646
-0.123531766,-0.1754673,-0.15347545,-0.20189513,-0.1836883
-0.16518429,-0.15103689,-0.18322954,-0.18349211,-0.17946135
-0.17936125,-0.2421744,-0.14056075,-0.17209324,-0.131621
-0.11254797,-0.17902006,-0.110429764,-0.17073525,-0.18564706
-0.13985829,-0.15091388,-0.16089557,-0.23648046,-0.19234928
-0.18708625,-0.17395316,-0.19289617,-0.25559416,-0.18554199
-0.12928095,-0.23228075,-0.23616679,-0.23250717,-0.2306695
-0.23299311,-0.23208013,-0.13554806,-0.12882857,-0.2271082
-0.18061322,-0.1398788,-0.14967783,-0.23613238,-0.20537496
-0.23112282,-0.007864874,-0.24750029,-0.23402426,-0.20946638
-0.16604365,-0.13109581,-0.2464393,-0.13362944,-0.21992609
-0.15831567,-0.15831824,-0.14485177,-0.16458389,-0.15744354
-0.120143086,-0.14906646,-0.18844101,-0.14838882,-0.21302778
-0.172953,-0.20183364,-0.09981939,-0.17347753,-0.18540108
-0.21954378,-0.14116026,-0.10591089,-0.23266582,-0.2049744
-0.1369233,-0.1100844,-0.16405016,-0.21230851,-0.18974094
-0.15041544,-0.116105855,-0.20056881,-0.17472532,-0.18140168
-0.18502598,-0.20922154,-0.16715063,-0.10220453,-0.16956426
-0.17091979,-0.096627764,-0.16839764,-0.16278315,-0.18550326
-0.20680718,-0.11992089,-0.10297161,-0.2115401,-0.19447929
-0.14033918,-0.10649113,-0.121880464,-0.20312469,-0.23860265
-0.12673126,-0.11301391,-0.20325239,-0.12013561,-0.12864757
