-0.00704794
-0.031472106
-0.034468602
-0.115282364
-0.057127632
-0.07916052
-0.09409556
0.026423099
-0.10872051
-0.07065016
0.01563
-0.03628458
-0.09310285
-0.050135616
-0.074981734
-0.1630884
-0.032732464
-0.13158388
-0.050828386
0.0043685394
-0.061993293
-0.06050232
-0.013110541
0.0050177355
-0.07762071
-0.13721727
-0.06467087
-0.070240594
0.0052173547
-0.066210985
-0.04746905
-0.05182794
-0.1391552
-0.027978454
-0.011288156
-0.042687114
-0.060546547
0.044836916
-0.04220758
-0.05009152
-0.1522737
-0.16570774
-0.03928836
-0.18192755
-0.015741225
-0.02982985
-0.07878099
-0.060815617
-0.11174261
-0.015843222
