-0.017126098,-0.07299129,-0.12879883,-0.047973856,-0.04719772
-0.07102321,-0.019566294,-0.08518675,-0.084232815,-0.057045452
-0.043922964,0.035231385,0.022921719,-0.047968637,-0.042421795
0.04726303,0.08499839,0.08202739,-0.031434864,-0.045406286
-0.006497926,0.016829837,0.11396089,-0.018872082,-0.05519691
-0.08713839,-0.058066647,0.023242597,-0.028116282,0.0457151
-0.025526289,-0.064962015,-0.052812222,0.027080469,0.045205157
-0.124588534,-0.035423994,0.024093196,-0.013226141,0.07379831
-0.02871306,-0.0060442025,-0.06430047,-0.042713962,0.038904693
-0.018310633,0.028509878,0.020141473,-0.059901603,0.04983132
0.008814689,-0.07894518,0.066340566,0.006395027,0.06497002
-0.039058454,0.075579695,0.003610448,-0.022762747,0.026492544
-0.00086051377,-0.06754614,-0.045122396,0.046257313,-0.027067196
0.027874786,-0.04194333,-0.0047122175,-0.04730688,-0.04107293
0.06914509,-0.023711743,-0.039497618,0.03833511,-0.014782148
-0.040754914,-0.052438762,-0.053188343,-0.049132954,0.042203363
-0.02643221,-0.08284402,-0.06815531,-0.056248263,-0.04066597
-0.0040873955,-0.097782284,-0.06144165,-0.024111211,0.027069949
0.02013125,-0.030756855,-0.039738424,-0.020049654,0.015692407
0.069385424,0.044902805,-0.018182112,-0.016427856,0.03429076
0.10438883,-0.03918337,-0.034947433,-0.06926796,-0.1043298
-0.00071111246,0.08782984,-0.03688346,-0.16613197,-0.10927384
-0.065403,0.08755459,0.21922627,-0.0518513,-0.05509872
0.07900232,-0.08330298,0.109928474,0.11794581,0.009799038
0.012325123,-0.1704506,-0.13365272,0.09219344,0.17525455
-0.02704754,-0.038137868,0.011020031,0.0056559495,0.023582844
-0.091136724,-0.02844308,-0.035505824,-0.07475226,0.036317192
-0.1076466,-0.025134431,-0.072174326,-0.05440442,0.05318969
-0.12464393,-0.105472274,-0.052909184,-0.060648475,-0.06069602
0.06838088,0.067599885,-0.01631914,-0.072504565,-0.055142492
-0.07380071,-0.07372866,0.010139965,-0.012774128,0.093257226
-0.07284234,0.032733537,-0.009973869,-0.031856846,0.07529626
0.07264364,-0.041274536,-0.010850189,0.074723035,0.0743799
0.07217306,-0.039797205,-0.07167674,-0.06486336,-0.010816922
0.03160902,0.0092776995,-0.09143636,-0.059680298,-0.041269183
-0.013463625,-0.07984673,-0.03519247,-0.03549021,-0.017112637
0.08871186,-0.0022962813,-0.0687755,-0.022064188,-0.026715035
0.015040612,0.01695852,-0.0328671,-0.040098786,-0.022965837
-0.050133467,-0.008255567,0.0120894285,-0.03256655,-0.007853508
0.060670774,0.0071370034,-0.00827631,-0.025867788,0.018470878
-0.075707965,-0.047205426,0.0073289326,0.021115288,0.0045307055
-0.029153703,-0.07294041,-0.013094887,-0.0900451,-0.011582649
-0.031273607,-0.076070786,-0.066320516,-0.023766037,-0.0136997
-0.13982385,-0.05961676,-0.07472478,-0.045153555,-0.008916323
-0.06776127,-0.05746103,-0.076580666,-0.03740891,0.026248243
-0.08276743,-0.06501224,-0.049633943,-0.011921576,0.016171932
-0.11594406,-0.07191226,-0.069666944,-0.030952616,0.025864609
-0.020307768,-0.08473954,-0.077427626,0.0321601,0.02130893
0.030143926,-0.011855711,-0.042910382,0.042407792,0.048384096
0.05683977,-0.014330342,-0.031685278,-0.02261957,0.01974441
0.0688832,0.027737334,-0.025126725,-0.056701493,-0.0009074277
-0.046757214,0.117861874,0.074730925,-0.043360222,0.036260966
0.014927733,0.07022882,0.12726949,-0.013493309,-0.022024645
-0.049297724,-0.048925538,0.00741337,0.04872408,-0.041266095
0.039762683,-0.020960145,-0.13261327,-0.07592106,-0.053494133
0.00445111,0.11089171,0.1462643,0.1683565,0.18073751
-0.07739498,-0.083507344,0.0013287015,0.0015949081,0.034792323
-0.07778025,-0.09956742,-0.08594158,0.047093254,-0.009121093
-0.11321765,-0.050055586,-0.023545783,-0.052173078,-0.006800081
-0.10767884,-0.065613404,0.050921388,-0.055072036,-0.08811973
-0.16116743,-0.033179566,-0.014984522,-0.042572252,-0.033757694
-0.07720758,-0.013392519,0.015687682,-0.059530105,-0.03407522
-0.0578336,-0.0829251,-0.013472509,-0.020970484,-0.0012904454
0.04516487,0.00049231335,-0.07763263,-0.027993716,-0.01214389
0.0030338913,-0.042624783,-0.023895262,0.008851449,-0.008091426
-0.0780632,-0.20641024,-0.1120539,-0.05656837,-0.07900121
0.11944008,-0.080821246,-0.035376154,-0.07954064,-0.07616395
0.11206121,0.20109946,-0.07498611,-0.058930654,-0.07812546
-0.11093641,0.23730575,-0.038087953,0.004433071,0.05531611
-0.11677432,0.01830827,0.12809838,0.05880816,0.11679125
0.06682936,0.036397252,-0.10085955,-0.016330583,-0.01881199
-0.028219722,-0.07560723,-0.092452645,-0.019204196,0.022279037
-0.07583557,-0.022558473,0.020137444,-0.05804782,-0.0416757
-0.024287375,0.026296033,-0.10748859,-0.019547224,0.02710421
-0.0005939662,0.09411186,0.008653503,-0.119733065,-0.021001102
-0.051996168,0.113850534,0.060822196,0.03407347,-0.013560601
-0.012321896,-0.055122267,-0.038588874,-0.02894381,-0.0015523547
-0.04943699,-0.07341129,-0.00532963,-0.04562749,-0.016036091
-0.037064984,0.0135596655,-0.03283312,0.015530946,-0.004626478
-0.033838924,-0.033471737,-0.091208406,-0.05927049,-0.07925931
-0.107895195,-0.07292754,-0.11457919,-0.039071247,-0.05270476
0.13231495,-0.04095763,-0.071077205,-0.1088616,-0.103700235
0.15132804,0.01640866,-0.10739756,-0.042584438,-0.10400883
0.04359975,0.10800357,0.02048454,-0.0051988885,0.017575203
-0.03175246,0.030606013,0.03192014,-0.0371306,-0.0033674077
0.03810196,-0.26491424,-0.091743656,0.019195434,0.004111672
-0.09640563,-0.14580023,-0.09868763,-0.0040508616,0.09071267
0.03193038,0.087231584,-0.13157417,-0.104811646,0.07995956
0.06712581,0.09592067,-0.072963856,-0.08128906,0.06743451
-0.0035889552,0.011256135,0.028314801,-0.03237452,0.077667594
-0.084484294,0.021794,0.017361166,0.0022694413,0.07418762
-0.09082045,-0.05463025,-0.08410084,-0.06966136,-0.019282958
-0.11175066,-0.15208842,-0.03801784,0.021206558,0.007356749
-0.095249034,-0.120087735,-0.025975801,-0.03075672,-0.034664832
-0.027608901,-0.087787166,-0.12278904,-0.07568708,-0.09680767
-0.048543897,-0.009018746,-0.009125377,-0.0010466699,0.0049241204
-0.10383764,-0.11504984,0.108296394,0.034412067,0.0350968
-0.029216869,-0.02619347,-0.01598312,-0.039328348,0.05393529
0.043826457,-0.05356187,-0.10892483,-0.018688623,-0.05306565
0.15126082,0.0796661,-0.12570852,-0.1555548,-0.081914194
