-0.10094146,-0.059311304,0.03248839,-0.04483688,-0.04786557
-0.07441683,-0.053281426,-0.069685206,0.012776213,0.031418078
-0.10747384,-0.08760051,-0.036853254,-0.10411353,-0.09531228
-0.0032259668,-0.027056262,-0.06048276,-0.091667056,-0.07335358
0.05015286,0.06713051,-0.044747394,-0.028524496,-0.042362634
0.009424518,-0.018174274,0.0065192566,-0.054386776,-0.07688513
-0.036549926,-0.06349111,-0.091847844,-0.06474143,0.032590896
-0.07987834,-0.061529424,-0.08846529,-0.057427615,0.066384085
-0.023685923,-0.054416493,-0.029667567,-0.07217,-0.114439026
-0.05498771,-0.061487943,-0.053992353,-0.014459152,0.0425082
-0.012114206,-0.09130264,0.036902037,0.10364035,0.047308587
-0.07223836,-0.06572274,-0.026554449,-0.06485315,-0.06994188
-0.104775086,-0.11613766,-0.0661315,-0.006152505,0.0004361287
-0.048532095,-0.10225972,-0.013404936,0.06279828,0.02238158
-0.006702177,-0.0721394,0.077935055,-0.04441025,-0.1085456
-0.069309935,-0.031455737,-0.037843216,-0.03880437,-0.029988395
-0.015194242,-0.05693142,-0.047457322,-0.014783975,-0.02388789
-0.046698596,-0.058825742,-0.023471214,0.020284979,-0.011934298
-0.018555472,-0.03038545,-0.009146982,-0.013357435,0.08291519
-0.041547704,-0.06778528,-0.045260172,-0.0065405713,0.05342032
-0.06380695,-0.124014065,-0.074233525,-0.0039412035,0.04938212
0.13521549,-0.040336825,-0.10373574,-0.038164508,-0.043727044
0.12517492,0.026454166,0.021351244,0.09113425,0.019834077
-0.019122018,0.076730214,0.11327152,0.09883397,0.08504002
-0.016979247,0.0056922296,0.14644313,0.0989572,-0.014151861
0.13268468,0.034296863,-0.026098443,-0.0441245,0.06295233
-0.077880345,-0.15157172,-0.0500732,0.0604028,0.16454108
-0.06449263,-0.14766769,-0.12717243,-0.00465216,-0.023735818
-0.04088258,-0.0015385352,-0.066342734,-0.0038309179,-0.07312217
-0.004424038,0.01031207,-0.023233939,0.10143804,0.1482797
-0.056875497,-0.107879,-0.047087196,0.05742482,0.07185971
-0.037401322,-0.08441437,-0.11600745,-0.060339183,-0.0284675
-0.061341725,-0.066238545,-0.10837589,-0.077687986,-0.023178587
-0.09788244,-0.09679419,-0.05061378,0.022101767,0.11507657
-0.05240222,-0.042778596,0.011926249,0.034144495,-0.072828665
0.06255761,0.012067163,0.03153174,0.045174632,0.03231042
-0.09400209,0.0031753692,0.046610717,0.092346676,0.031134915
-0.039917957,-0.011688806,-0.009304484,-0.01417782,0.029391984
0.040333267,-0.021058394,0.021150406,-0.018816076,-0.03950065
-0.0033290647,0.12474276,0.13291138,0.09848993,0.05141509
0.06685834,0.055420633,-0.00875279,0.010673898,-0.029588565
0.07356322,0.01594812,0.017597178,0.030579332,0.03248831
-0.06662028,-0.05556901,-0.01961369,0.09936146,0.055857148
-0.063782625,-0.012306272,-0.08261922,-0.03880782,-0.10993449
-0.061290696,0.010085672,0.010554491,-0.015349743,-0.058648262
0.017366001,0.05325529,0.023667391,-0.022040538,-0.041429393
-0.04417686,-0.0181754,-0.0011668722,0.0335508,-0.01714709
-0.05089033,-0.062403426,0.0063993055,-0.024178697,-0.054478098
-0.034888484,-0.0660714,-0.060441967,-0.1074769,-0.037578247
-0.021505639,-0.02069656,0.010926062,0.024048282,-0.011744827
-0.095222645,-0.09870057,-0.1573818,0.02514922,0.23495874
-0.004015175,-0.1587145,-0.1752587,-0.11823106,-0.07353135
0.044233877,-0.013382032,-0.058039587,-0.055050142,-0.059319288
0.0136941355,-0.027411392,0.015102828,0.050536823,0.21544197
-0.041878805,-0.09406594,0.09342481,0.092501044,0.04652425
0.13777368,-0.0116229355,0.051283613,0.030176956,-0.035118528
0.043408282,-0.017816035,-0.0398395,0.004517767,0.01718718
-0.1657159,-0.095578074,-0.008807508,-0.000378432,0.0056819143
-0.101048835,-0.07545463,-0.042007256,-0.104887016,-0.12010291
-0.061588205,-0.09866563,-0.08800763,-0.15470086,-0.0028415362
-0.027547417,-0.046209045,-0.04148128,0.03743823,-0.13133758
-0.02496041,-0.055363473,0.024941297,-0.09559683,0.004531037
-0.06700708,-0.10144015,0.002175524,-0.0037520733,0.13112529
-0.08994443,-0.08997883,-0.048070468,0.03991677,0.12965597
-0.032670982,0.0028424575,-0.010276082,0.019614924,-0.108524665
-0.029006092,-0.02686351,0.0071096793,0.06559439,-0.116465904
-0.055619016,-0.0536813,-0.014100712,0.0028110126,-0.011235272
-0.017306658,-0.04620403,-0.1229607,-0.0584348,0.065019116
0.092155665,-0.077475354,-0.025876146,-0.09953907,-0.02310116
0.13130315,0.09609425,0.036802184,0.07079152,0.011871519
-0.1640853,-0.073928416,-0.024219971,-0.017049555,0.007355176
-0.27346027,-0.14095402,-0.17736359,-0.15157762,0.0028165225
-0.17766877,-0.19513217,-0.15151328,-0.16615894,-0.10352372
-0.0680285,-0.079898655,-0.16257337,-0.13042803,-0.04598467
0.007066266,-0.06471664,-0.0339257,-0.036838595,0.036546916
-0.0022363325,0.0072117955,0.05351762,0.077106915,0.030019794
0.037970815,0.002718098,-0.013414625,-0.042742785,0.046051297
-0.07825269,-0.058040634,-0.07622499,0.051491506,0.11452783
-0.053261768,-0.04656562,-0.033763207,-0.042472754,-0.05643902
0.024334043,-0.017879318,0.051049996,-0.019979253,0.03548218
0.04193696,0.031252645,-0.012845559,-0.040290076,-0.05371064
-0.057387386,-0.06791823,0.073090784,0.04943854,0.004173046
-0.010684681,-0.054932926,-0.06932681,-0.017300168,0.007346202
0.047407605,0.04280434,-0.004229627,-0.048557643,-0.0021934365
0.05411194,0.07099851,0.049100943,0.03514252,-0.04576055
-0.28890076,-0.04975395,-0.0062204017,0.022366121,0.025237672
-0.25623265,-0.20840584,-0.19192667,-0.0073207226,-0.07868888
-0.086232,-0.21815062,-0.24329467,-0.15538396,-0.06917319
-0.016629979,-0.14690465,-0.10817749,-0.050532673,0.0819953
0.0031764233,0.009767345,0.04154024,-0.013098235,0.008643584
0.10463626,0.034389134,0.047105707,0.04133084,-0.034939792
-0.050067265,-0.0039897896,-0.035939265,-0.041177534,0.076385334
-0.12790649,-0.1994074,-0.08425192,0.061358858,0.072038114
-0.07086197,-0.026759498,-0.080339946,-0.06979523,-0.16349855
-0.05638711,-0.08095475,0.02703947,-0.06790206,-0.027665034
-0.059406225,0.002523666,-0.012259433,-0.009193766,0.15545593
-0.17367548,-0.10803755,-0.108146556,-0.03109797,0.036162887
-0.061806183,-0.1395839,-0.16277596,-0.12678586,-0.09280958
-0.050292432,-0.05317788,-0.10940927,-0.015326104,0.004891219
-0.0597093,-0.10796934,-0.0057197083,0.09824812,0.067365915
