-0.15292603,-0.20995206,-0.16694318,0.21606262,-0.14353968
-0.22359961,-0.17542815,-0.17296161,-0.2027969,-0.16131377
-0.1703631,-0.14964704,-0.21963914,-0.17555732,-0.22004111
-0.17580602,-0.15910001,-0.22581564,-0.15302022,-0.16204959
-0.19173984,-0.14629665,-0.18737392,-0.22038986,-0.21932226
-0.15868889,-0.22441034,-0.2026836,0.22353397,-0.1646776
-0.14679323,-0.17217577,-0.18662837,-0.1669103,-0.20789088
-0.16095346,-0.20952083,-0.2017796,-0.20011733,-0.21209271
-0.18854454,-0.19729903,0.17922492,0.21637346,-0.1535312
-0.21116763,0.2301999,0.21897128,-0.19997828,-0.15574291
-0.20234251,-0.1461442,0.185298,0.22142202,-0.15117112
-0.15692526,-0.17012478,0.19397324,-0.22348143,-0.18716024
-0.15976529,-0.14506403,-0.17168814,-0.21518055,-0.18852486
-0.20627044,-0.18800889,-0.21631989,-0.19190992,-0.18798546
-0.16148858,-0.20707652,-0.221116,0.18545623,-0.14466865
-0.16693906,-0.1634895,0.14409418,-0.18811202,-0.19709592
-0.17945667,0.22129582,-0.14543833,-0.16925444,-0.15831713
-0.1984467,-0.19201873,-0.22916433,-0.21887623,-0.22407454
-0.16132453,-0.16613019,-0.22380073,-0.15200235,-0.22989468
-0.18319379,-0.22828616,-0.15104672,-0.2084064,-0.21639818
-0.16668363,-0.19725953,-0.15883964,-0.14592661,-0.1558762
-0.18209887,-0.19141065,-0.21970992,-0.21385665,-0.21427539
-0.16054979,-0.185809,-0.21734907,-0.14743681,-0.20178457
-0.14376236,-0.14513044,-0.17994365,-0.22432934,-0.17293042
-0.18669918,-0.20966317,-0.2144321,-0.2188246,-0.18076494
-0.16901411,-0.18004766,-0.16179167,-0.20399864,-0.20379925
-0.14388837,-0.22157697,-0.22887684,-0.1441512,-0.15995376
-0.19515057,-0.17399676,-0.20174374,-0.19386457,-0.18146898
-0.20303334,-0.18452698,-0.20447011,-0.22468252,-0.16682102
-0.22048205,-0.23136188,-0.17882033,-0.15495135,-0.17214637
-0.21931176,-0.16073264,-0.20061438,0.18213548,-0.16089243
-0.17009024,-0.20342913,0.21483074,-0.19957528,-0.19968551
-0.15682492,-0.19778015,-0.18835595,-0.14582378,-0.14464958
-0.1771182,0.22128394,-0.19396883,-0.20822307,-0.14577837
-0.16418332,-0.15692332,-0.2092187,-0.16416977,-0.15105177
-0.18339236,-0.15786156,0.14704545,-0.16997874,-0.19871534
-0.14703372,-0.17152649,-0.14338417,-0.20321406,-0.18355711
-0.15583701,-0.219831,0.17205472,-0.22345231,-0.22124553
-0.16786088,-0.20110965,0.21691097,-0.18353266,-0.17191905
-0.18290754,0.14574496,-0.19438633,-0.21222776,-0.20538452
0.22364745,-0.22227596,-0.22032163,-0.20200236,0.1678158
-0.17662966,-0.15897407,-0.18064827,-0.18676063,-0.16616517
-0.1609612,-0.18609649,0.15745626,0.14891094,-0.14303298
-0.173111,-0.14672302,-0.20482592,0.19995539,-0.2112094
-0.21121202,-0.20812225,0.23232311,0.21963523,-0.21518244
0.15611514,-0.17291638,-0.1982153,0.18980719,0.19337767
0.14850609,-0.17779265,-0.1880587,0.15637043,0.14344066
-0.16483216,-0.22855887,0.16750717,-0.16048522,-0.21746868
-0.20881766,-0.21584749,0.21395218,-0.17382866,-0.18304917
-0.17192085,-0.17487548,-0.1971172,0.18348622,0.15967576
-0.2086767,-0.1869782,-0.19309813,-0.17641178,-0.16644384
-0.1533644,-0.14481749,-0.1910697,-0.17003612,-0.22388494
-0.16178805,-0.19962797,-0.22315633,-0.22248991,-0.22494987
-0.20830908,-0.16724733,-0.22414562,-0.19294694,-0.19460985
0.20402534,0.16943137,-0.16501021,-0.2153263,-0.16139133
-0.044562053,-0.030457634,0.015686091,0.0068626213,0.031325597
0.023293097,-0.03726458,0.035173286,-0.011605456,-0.008446122
-0.019038137,-0.0077544726,-0.04175278,0.0034576415,0.033697557
-0.008938405,0.03438771,-0.02021075,0.018064504,0.004421416
-0.017357001,0.043597683,0.0036759542,0.001991305,-0.004831039
-0.19009429,-0.15161875,-0.1944766,-0.16081426,-0.17145076
-0.15850335,-0.22156557,-0.22685933,-0.20235528,-0.2001549
-0.14505945,-0.14360484,-0.19833466,-0.20909446,-0.18785778
-0.17055489,-0.17238607,-0.17922737,0.2205062,-0.18291655
-0.15148418,-0.17677692,-0.1916435,-0.15043737,-0.18621686
0.0017845558,-0.008642912,0.026267331,-0.013260986,0.034889046
0.023876304,-0.0007171959,-0.007331602,0.017523702,-0.043670207
-0.014791686,-0.015807888,-0.005478476,-0.021401107,-0.019316277
0.021267092,-0.004740254,-0.030995734,-0.0032305697,0.01443989
-0.01811843,0.038049534,-0.031044094,0.038939048,0.017214125
-0.2133661,-0.23000793,-0.170224,0.17931806,-0.17441486
-0.16857357,-0.21799016,0.19292508,0.17813745,-0.22793643
-0.1797769,-0.17811225,0.15345232,-0.14559598,-0.1642174
-0.16224381,-0.22663695,-0.2263049,-0.16835119,-0.16183755
-0.22602412,-0.14472508,-0.19752249,0.15140747,0.15484399
-0.19804476,-0.16413201,-0.2185091,-0.15470083,-0.14297856
-0.14562988,-0.16731094,-0.20591958,0.17066371,-0.15555944
-0.19701059,-0.18082547,-0.14296617,-0.23210856,-0.19788301
-0.20535068,0.18042365,-0.18581583,-0.19735578,-0.14425807
-0.16953348,0.15956312,-0.14431173,-0.20008244,-0.18123093
-0.18349595,-0.22053872,-0.16491815,-0.214841,-0.2275137
-0.15013108,-0.16088808,-0.20639037,-0.21968105,-0.14728463
-0.17185535,-0.21735339,-0.22483054,-0.2061729,-0.21252303
-0.18449968,-0.18338604,-0.23143099,-0.1652324,-0.16488753
-0.22818494,-0.15171264,-0.20547909,-0.16465256,-0.1438074
-0.16117889,0.21769428,-0.18607181,-0.18111008,-0.22571209
-0.2201137,-0.15164214,-0.22853827,-0.16840984,-0.2140086
-0.1488968,-0.1546725,-0.19777106,-0.1933811,-0.21868607
-0.1459528,-0.21461983,0.20362867,0.21900642,-0.23072885
0.1436393,0.15588777,-0.19436824,-0.15986674,-0.20127882
-0.20614095,-0.15791164,-0.15180376,-0.16410404,-0.14902568
-0.22799544,-0.22755276,-0.18024082,-0.2251933,-0.2001551
-0.1604486,-0.14421608,-0.1966591,-0.22711112,-0.20973691
-0.14420879,-0.19595224,-0.22926146,-0.21134865,-0.21556453
-0.1993444,-0.22004884,-0.20280741,-0.14667116,-0.20884994
-0.19727999,-0.16255973,0.14587644,-0.2111572,-0.19147053
-0.15250374,-0.18144913,-0.18789151,-0.20251054,-0.16695973
-0.20689091,-0.19466795,-0.20694485,-0.17095299,0.23227248
-0.22141287,-0.1908214,-0.19082616,0.16527279,-0.21955104
-0.20674172,-0.22261995,0.22160767,-0.21936718,-0.16038902
