0.0018662147,-0.023489548,0.009331008,0.0055660987,-0.010008687
-0.0015271367,-0.013652658,-0.023769643,-0.024773905,-0.028695226
0.0072036153,-0.026735585,-0.002322823,-0.047078338,-0.019276135
0.040196203,-0.0069592046,0.017581511,0.0125481775,-0.031175513
-0.008653811,-0.04922207,0.03832553,-0.026228894,-0.042602807
-0.028697234,-0.025688397,-0.020198205,0.041252185,0.02705637
0.055196673,0.025415704,-0.013922549,-0.05953844,-0.04457045
0.03411019,-0.023770576,0.023955474,0.0230334,-0.030359242
-0.05211491,0.030655127,-0.0064093545,0.0393625,-0.0036738745
0.014647873,0.0021161342,0.05500079,0.0027346574,-0.0012905853
0.017089464,0.0057537556,-0.051490754,0.019123917,-0.02084016
-0.037873656,-0.056011178,0.010965684,-0.049600855,-0.039172616
0.025472036,0.0106711285,-0.06151948,0.027353818,0.043546017
-0.02092894,0.030658796,-0.053763967,-0.030120933,0.0026274477
-0.0003887677,0.015249699,-0.06598625,-0.0018672254,0.012937736
-0.032998748,-0.044124447,0.0004239183,-0.045503944,0.006071801
0.04440597,-0.045211364,-0.009810604,0.01042621,-0.04703053
-0.02886209,-0.028123727,0.012747478,-0.030975262,-0.050177943
-0.014921493,-0.030271031,0.002953855,-0.009547727,-0.0049051633
-0.047796194,0.0026274105,0.047467593,0.044265337,0.044676628
-0.049794894,0.0139981005,-0.036096472,0.0067597083,-0.0076146475
0.03020552,-0.032776058,-0.012982979,0.034343474,0.03691969
0.016309379,0.018030332,-0.02904636,-0.010317307,0.07777044
-0.011698916,-0.0064472323,-0.021046234,-0.0018178823,-0.0114797605
-0.012600213,-0.025617767,0.011255113,0.011095343,0.026240977
0.02547589,0.027882371,-0.022152713,0.016218662,0.02074155
0.031080164,0.036922038,0.025920197,-0.062446933,-0.024384083
-0.010478966,0.032484606,-0.013524798,-0.0022222553,-0.034376018
-0.019409226,0.01632659,-0.03553898,-0.03537811,-0.0121060405
-0.013653181,-0.02241576,-0.018037453,0.012094181,0.033257496
-0.020579688,0.02805618,0.01596687,-0.008405067,-0.037936598
0.017411951,-0.041695625,0.019431746,-0.019913087,0.037704535
-0.030262513,-0.05297911,-0.02138964,0.023175789,-0.00052049203
0.035713095,-0.015202363,-0.010609054,-0.032258056,0.03355889
0.0012108923,-0.024860673,-0.029313603,0.015019702,0.010796672
0.018457739,0.035811704,-0.010074919,-0.035414927,-0.034896754
0.01620343,-0.014352853,-0.026599938,-0.03885427,0.004832554
-0.0079596955,-0.0026005039,0.017785136,-0.0032072344,-0.015301741
-0.002143588,-0.038430624,0.03852823,-0.017987963,-0.020011757
-0.013752265,0.019206809,-0.004197192,0.0531982,0.020200053
0.03549286,-0.040851913,0.00661264,-0.011971994,0.023364034
0.00223412,0.014865256,0.027582856,-0.01684664,0.010265912
0.011037541,-0.021920731,-0.05260517,0.016894512,-0.04291876
0.008144414,0.0037082788,0.025653822,-0.0015213947,-0.0048127905
-0.009056337,-0.0046744933,0.0036790173,0.04394345,0.052063175
0.014985594,-0.05552913,-0.012646716,0.037699748,-0.009185377
0.02379631,-0.020504901,-0.015289763,-0.054670736,0.014240187
0.016469931,0.016456118,-0.005126694,0.015147471,-0.028717037
0.03177498,0.004218604,-0.0003113758,0.040408835,-0.012613705
-0.03486104,-0.025016328,0.033817455,0.018602587,-0.039422065
-0.041945837,-0.028414182,0.014486986,0.0015696032,0.01775799
-0.026926901,-0.032834716,-0.0051584155,0.05551029,-0.004622463
0.0024965657,-0.017205132,-0.0372154,-0.018354325,0.036612194
-0.0031576445,-0.035770033,-0.054453112,-0.02208555,-0.012456149
0.02749991,-0.02352921,-0.059467692,-0.03333738,-0.05692557
0.00042143377,0.024567865,-0.0015210257,-0.05970397,-0.049483325
-0.031574253,-0.050837006,-0.044456147,-0.044137493,-0.025904723
0.027282713,0.019299857,-0.07078537,0.006167726,-0.05764453
-0.040709436,-0.022528296,-0.06976885,-0.066093884,-0.008176433
-0.029945636,0.024175853,-0.022836944,-0.0141356625,-0.07156223
-0.019414574,0.03827449,-0.024804417,-0.004838592,0.03832845
-0.010935921,0.027709397,0.013133129,0.030145414,-0.036068656
0.02513979,0.0045032427,0.043879613,-0.010005666,-0.02352809
-0.025225224,0.0300057,0.00875274,0.0427497,-0.012821658
-0.032189712,0.0028103208,-0.029443957,0.036993653,-0.01946612
0.07658411,0.05682179,-0.041473884,0.012420027,-0.01830177
0.06071478,0.046525635,-0.008895124,0.033971258,-0.0058863116
-0.0079897465,0.03280393,0.009458694,0.034161482,-0.02840447
-0.043619167,0.034802232,0.035341054,-0.011282287,0.068553954
-0.02536513,0.02624506,-0.018073646,-0.02208701,-0.0028310039
0.0230251,0.024264527,-0.02337109,-0.040667634,0.00930433
-0.0017386756,-0.02939992,-0.010983208,0.025610961,0.024551058
0.02250021,-0.04527104,-0.045410458,0.023435079,0.017841311
-0.032027964,-0.05270215,0.0019546922,-0.05918411,-0.018232213
0.007273709,0.023971194,-0.017515428,-0.008755669,-0.008423581
-0.020274375,0.023196016,-0.047238108,0.018452704,-0.040423136
-0.040705405,0.018283894,-0.050243516,0.018912265,-0.0155072585
0.024883071,-0.0010356004,-0.03654455,0.022880761,-0.009893142
0.01045401,0.031155838,-0.0005371488,-0.049697008,-0.052307997
-0.015234944,-0.012360634,-0.00348737,0.024209848,-0.037242256
-0.006616734,-0.020187078,-0.018027386,-0.008607191,-0.023627328
0.0033187813,0.039325543,-0.006501504,0.014795908,-0.062015038
-0.01477067,-0.018831719,-0.0091870725,0.03871483,0.027255181
0.022113135,0.026367314,-0.018843563,0.020997122,0.01049667
0.018555958,0.0053768884,-0.021136206,0.037631243,0.05154789
0.051632147,0.00476571,-0.059266258,-0.07883782,-0.03866143
-0.042345244,-0.014602667,-0.05362203,-0.002918163,0.0012069164
-0.056466818,0.0069619543,0.02344074,0.016337166,-0.03542763
-0.048453797,-0.017558347,0.059398647,0.039225746,0.029047862
0.022902798,-0.010123245,0.050425444,0.0013562585,0.0045052017
-0.038724743,-0.055461373,-0.051959608,0.016764047,-0.0155649595
0.035956897,-0.035003405,-0.021129604,-0.05803794,0.015739534
0.04956826,0.00843829,-0.0528705,-0.045753926,-0.0065699313
0.004800375,-0.04570963,-0.065458104,-0.055193048,-0.038980935
-0.016377682,0.009364152,0.041210473,0.018741285,0.038060855
-0.024302073,-0.05246689,0.022432739,0.00516444,-0.006279178
-0.017436195,0.014531052,-0.024876066,-0.041421495,-0.043473564
-0.0061345426,-0.0121471565,-0.036720186,-0.047669664,0.032684166
-0.016426986,-0.01684941,-0.012134303,-0.04540183,-0.056893826
0.023460492,-0.024537224,-0.017544942,-0.01995851,0.0051607224
