0.05663693,0.044951342,-0.003956688,-0.046615783,-0.009987454
0.046316747,-0.009528952,-0.045945615,-0.04237412,-0.043943405
0.0646658,-0.047938492,-0.04760686,-0.11895441,-0.03630082
0.03062801,-0.09180164,-0.030656856,-0.03532872,-0.0119861895
-0.03091158,-0.054943725,0.008643977,-0.018986585,-0.05926109
-0.02851324,-0.09498911,0.020626614,0.004283809,0.0384962
0.028961178,0.017675504,0.024801238,-0.0077987146,0.06129224
-0.049680617,0.033080004,-0.041355077,0.063208945,0.16951498
-0.008479535,-0.046129387,-0.013296931,0.0544774,0.0005412522
-0.005874038,-0.07776419,-0.08784402,-0.08566705,-0.020719886
-0.06426517,0.008262646,-0.030220758,-0.021773757,-0.012878184
-0.07783434,-0.013535955,0.008717391,-0.01692302,-0.008921861
-0.0220586,0.046408065,0.09056694,-0.041831654,0.017119508
0.006508527,0.08298769,0.0035238103,0.06886864,0.063506156
0.06798751,0.022890197,0.042115755,0.037507053,-0.10142124
0.035194736,-0.057673093,0.0124851,0.030145625,0.05319877
-0.012320146,-0.012273426,0.009709231,0.0752345,0.002118501
0.016136311,-0.04481685,0.041818503,0.058901105,0.040041223
-0.025833808,0.047897484,0.040089197,-0.030842189,-0.023323935
-0.0042433753,-0.0023078704,-0.031536978,-0.062373895,-0.038064167
-0.018201238,0.00909489,-0.006501301,-0.07300504,-0.079125494
-0.040716667,-0.05932857,0.046322558,-0.022221576,-0.04994238
0.02983433,0.015901698,-0.09418995,-0.10944831,-0.06505564
-0.017689172,-0.005323648,-0.03871771,-0.094812125,-0.046078973
0.023659714,-0.030930627,-0.0060132123,0.07637426,-0.032187313
0.015419254,-0.030707698,-0.075697035,-0.051471125,-0.028217843
0.0010615642,0.028527796,-0.068993606,-0.025147907,0.046912983
-0.031403027,0.012986612,-0.0049639456,0.023163486,0.04942252
-0.06089623,-0.05006569,-0.046858136,-0.001091556,-0.04446632
-0.03938167,0.011856518,-0.06612356,-0.050520144,-0.028606564
-0.003784135,-0.05980496,-0.08523304,-0.0014202871,-0.00730804
-0.008610351,-0.043804515,-0.057398573,0.025196694,-0.032477655
-0.03650109,-0.015132182,0.057962082,0.0528485,-0.0046330835
-0.0121959215,0.05163959,-0.0228083,0.049807135,0.014185357
0.053082693,0.0054543377,-0.040840957,-0.02473009,-0.08461929
-0.0019613756,-0.0060310666,0.008195779,0.04368172,-0.049096394
0.027359592,-0.03410539,-0.018856017,-0.023421569,0.07808681
-0.07593746,-0.056261953,-0.007898164,-0.003127406,-0.017822871
-0.115282744,-0.026177129,-0.09675741,-0.09591585,-0.0779528
0.034991547,-0.033767678,0.011770451,-0.019141592,-0.024697501
-0.09602238,-0.05495472,0.01003657,-0.051965717,-0.084491484
0.03968799,-0.021100443,-0.005350114,-0.04002073,-0.026818072
0.021616196,-0.011468871,-0.07877422,-0.05248743,0.055707697
-0.081984326,-0.10625757,-0.0644829,-0.07356869,0.00466139
-0.08781496,-0.10752122,-0.15839648,-0.08144152,-0.041267045
0.0012242583,-0.024417717,-0.004466382,0.0433503,-0.0072661163
-0.018767152,0.0097589,0.0042838664,0.05256478,0.054041613
-0.020981964,0.00074389984,-0.014521891,-0.076427996,-0.056766193
-0.08832786,0.0059133223,-0.04316424,-0.031825047,-0.020284723
-0.019172786,-0.032044172,-0.05573566,-0.057000425,-0.037156656
-0.02269189,-0.04959081,-0.04581774,-0.11549182,-0.12922667
-0.0068510147,-0.10721717,-0.15693937,0.012841937,-0.031177074
-0.006076936,-0.016792491,0.14367408,0.10168791,0.008598164
0.07216162,0.08843013,0.070518464,-0.05114331,-0.057578113
0.019236896,-0.024333918,-0.11862253,0.036306605,-0.08601188
-0.08360775,-0.028848499,-0.11279146,-0.10551061,-0.07190404
-0.060114197,0.052671064,-0.019011343,-0.08256211,0.0074353945
0.00226981,0.007985042,-0.11592182,0.018176807,0.11969896
-0.055654235,-0.11850783,-0.0055290363,0.08145826,0.08755973
-0.085140556,-0.16767249,-0.08109892,-0.0019590382,-0.065932974
0.029903935,-0.03201343,0.017295605,-0.0028336316,0.003498012
0.024217961,-0.044330444,0.073415585,0.05890146,-0.04220734
0.03269072,0.03736624,-0.045144964,-0.07941318,-0.0065186657
-0.021215763,-0.020704785,-0.026910111,-0.003406586,-0.009891897
-0.0011689449,-0.04534731,0.041009143,0.028242487,0.013702091
0.10126772,-0.014425055,0.04888592,0.045582857,-0.10838779
0.019247757,-0.0375028,-0.0715624,-0.09673859,-0.07827118
0.008407102,-0.008607786,-0.07495107,-0.13642646,-0.10274336
-0.006300298,-0.13766296,-0.10803546,-0.06690936,-0.062178236
-0.016636865,-0.038344324,0.0026586996,-0.09237068,-0.03248833
0.0479442,-0.04609372,-0.03756508,-0.06726026,-0.008704773
0.0012533976,-0.029879965,-0.07438395,0.07298811,0.027796218
0.068052806,-0.004251381,-0.03703658,0.12378688,-0.0030611053
-0.005133895,0.024776971,0.22070308,0.026362939,0.012368954
0.005003824,0.054415286,0.11709866,-0.09141327,-0.033664018
0.005873805,-0.010404892,-0.07484803,-0.04089537,-0.00552355
-0.004178585,0.027871689,0.0031135231,0.020596582,-0.016002905
0.022172676,-0.019615304,-0.04355845,0.027092176,0.041581437
0.010041261,0.032176517,0.10428877,0.06362898,0.01102537
-0.049336582,-0.07572161,-0.049486972,-0.025316788,0.012314118
-0.03940283,0.005276118,0.0073430324,-0.027198834,-0.053493287
-0.027637474,-0.032033704,-0.054279696,-0.016789896,-0.028803261
-0.015437802,0.019499993,-0.09585691,-0.03620873,-0.047280442
0.045605715,-0.054414406,-0.07802637,-0.01624785,0.019350706
0.06360662,-0.08179857,-0.07152205,0.04906256,0.002801032
0.04346708,-0.05829333,-0.055815358,0.072808065,0.10135988
-0.00945097,-0.06338789,-0.021548284,0.034391016,-0.026891433
-0.0012632469,-0.1453319,0.01610575,0.0023314296,-0.03932847
-0.057855695,-0.013069876,0.094421804,-0.14806984,-0.1339832
-0.025631418,0.06930487,-0.013979564,-0.15256001,-0.15484922
-0.0577654,-0.06531657,0.0027667275,-0.084096275,-0.08477029
0.04665947,-0.03131796,0.015255966,-0.040661693,-0.0061612967
0.01378111,-0.00054220366,-0.08029677,0.00925715,0.16857277
-0.09298207,-0.13559547,-0.006585753,0.079827875,0.06162174
-0.1034358,-0.1570383,-0.13341622,-0.12230458,-0.072904035
-0.023429668,-0.09188661,-0.057518248,-0.050380986,-0.02492232
-0.00025782853,-0.09331615,-0.046206716,0.02699203,0.061202187
-0.05496587,-0.05286547,0.12540652,0.16668749,0.061823826
-0.0060423487,0.050553035,0.17986535,-0.092254564,-0.038734853
-0.0055871434,0.07612003,0.01705822,-0.036140464,0.02393546
