0.00024777948,-0.052471314,-0.029972816,-0.059771996,-0.08026641
-0.0044437693,-0.031952027,-0.03431678,-0.013653294,-0.012067433
-0.028664706,-0.045006093,-0.038111538,-0.0329721,-0.07028492
0.0065884646,-0.055310983,-0.056221504,0.0017923148,-0.03474409
-0.03444469,0.002187265,0.002569331,-0.050372444,-0.0086721415
-0.027237652,-0.022105595,0.03186746,-0.012598299,0.08723104
-0.009844846,0.0014335709,0.005443145,0.11344773,0.045109484
-0.010494981,-0.045278803,0.10121837,0.0813649,0.043196708
-0.07460668,0.011698393,-0.025289753,0.009736911,0.05518536
-0.07663429,0.005886177,-0.012510245,-0.031547684,-0.044823553
-0.010083981,0.02061938,0.07723753,-0.070783,-0.035747275
0.027994663,0.029228674,0.025589123,0.025168944,0.036266588
0.027725656,0.024154916,0.010357798,0.07129924,-0.00946982
0.029521257,-0.01753769,-0.015037972,0.038810488,-0.048288222
-0.054867513,-0.043650642,-0.05282613,-0.03198204,-0.06667977
-0.030842172,-0.04423528,0.034292903,0.04258961,-0.040309876
-0.0049302927,0.0023272214,0.012321635,-0.006018519,-0.0054132342
-0.034723237,0.022413326,-0.010601568,0.066079594,0.0744165
-0.04394086,2.5804013e-06,-0.0332956,0.026326118,0.02003465
-0.062168695,-0.051734485,-0.03214152,-0.02141089,-0.00865636
-0.025868595,-0.021875849,0.02376318,0.00011506985,-0.052633848
-0.09048495,-0.06218934,0.017894885,-0.059876766,-0.12708178
-0.023189956,-0.008646578,-0.032875188,-0.088351116,-0.124847814
-0.04765501,-0.056574695,-0.03489045,-0.14633398,-0.102868326
-0.0019161048,-0.05746121,0.0046430174,-0.035622884,-0.06553428
0.051917013,0.062124405,-0.043160833,-0.01108493,0.044880334
0.025467664,-0.039503876,0.038307283,-0.03545582,-0.05367284
0.013456117,0.057465956,0.08296848,-0.051621813,0.024664469
-0.041771837,-0.019746704,-0.0767785,-0.0526083,0.0099859545
-0.029829383,0.0071763694,-0.08812225,-0.00592395,0.023885513
0.016810201,-0.03151688,0.0038295249,-0.036969915,-0.03809693
-0.06699089,0.03668362,0.055158854,-0.018699164,0.04368908
-0.0038519322,0.027974192,-0.00069391413,0.050175816,-0.010455846
-0.008214243,-0.05055788,-0.025752446,0.005891938,-0.073002174
-0.02343639,-0.055970922,-0.08158038,-0.05159519,-0.06663125
0.016547568,0.013920904,0.09363547,0.066746406,0.06162878
-0.0015859735,-0.021635298,0.007154836,0.020485414,0.00064262724
-0.008888227,0.035619322,-0.024577705,-0.0050216313,-0.0025009373
-0.05405796,-0.04028284,-0.015236429,-0.053506304,-0.022708675
0.0071527767,-0.06195988,-0.04011439,-0.010091998,0.017591825
0.033992022,0.04092044,0.039200027,0.0487885,0.072793156
0.013332694,0.022712508,-0.013815307,0.045085814,0.00028970282
-0.027567808,0.0028609878,0.013973417,-0.0030650499,-0.03976669
0.003391263,0.030797731,-0.058491558,-0.055133905,-0.040648486
0.011274616,-0.05954329,-0.017254688,-0.06575407,0.0516658
0.01997265,-0.028621271,0.026417995,-0.010815878,0.023015149
0.031801373,-0.006841868,-0.029918244,-0.049230598,-0.010527864
-5.9100592e-05,0.03911955,-0.030697053,-0.026187608,0.04753945
-0.016310347,0.003598576,-0.014366154,-0.027756147,0.04108911
-0.041537736,-0.04490645,0.03573908,-0.017311174,0.026098376
-0.047752257,-0.07337155,0.056587674,0.05366942,-0.033574615
-0.07639632,0.038171094,0.08437795,0.024064101,-0.06504759
-0.08693669,-0.034760866,0.011492633,-0.011156496,-0.016625477
0.019285843,0.027490074,-0.02923688,-0.038610224,-0.12378457
-0.045445506,-0.08450556,-0.036887515,-0.098558195,-0.05882056
0.08414924,0.08363414,-0.01824601,-0.11432335,-0.03085904
0.023636613,-0.02964907,-0.08560575,-0.034656722,-0.11872694
0.020708058,-0.02397045,0.0343723,-0.030696804,-0.16864687
0.026338758,-0.019576592,0.00022750591,-0.0060786484,-0.07728981
-0.035125248,-0.012921121,-0.009791973,0.018965015,-0.056368884
-0.048867963,0.025350124,0.007757191,-0.0311387,0.040573224
-0.029041799,-0.046642732,-0.016473675,0.14257489,0.11344752
0.0067897206,-0.02703641,-0.0077515775,0.1116155,0.030873477
-0.06289254,-0.01610584,0.04674361,0.021666644,0.04340155
-0.023511186,-0.012532686,-0.033121657,-0.024628988,0.011266633
-0.058885448,-0.05982823,-0.011916825,-0.027272684,-0.05099984
-0.06821571,-0.0343779,-0.11732835,-0.09423062,-0.008737757
-0.05598826,-0.048195016,-0.05791936,-0.108171046,-0.012504195
-0.035375137,-0.06078296,-0.0702513,-0.061200846,0.068249986
-0.03177954,-0.03213603,-0.043008544,0.0007985201,0.023114763
0.039043635,-0.026946612,-0.07995533,0.0063513084,-0.07510498
-0.03312536,0.0012616966,0.00456335,0.02638343,-0.025457656
-0.0385014,-0.0048241,0.029481452,0.0007122799,0.03221625
-0.039856777,-0.022967882,-0.023535816,-0.040284887,0.01970908
-0.060856104,-0.078305945,-0.07967974,-0.11011281,-0.105860755
0.057308335,-0.0100984,-0.014506751,0.0014988314,-0.064589195
-0.009330541,-0.011222993,0.04498604,0.0064449236,0.011561497
-0.03645394,0.05831113,0.03975113,-0.029528119,-0.058273558
-0.019474255,-0.032831408,-0.009879178,-0.03557745,0.02714189
-0.04135938,-0.019469429,-0.036335655,-0.033756938,-0.024043038
-0.024828268,-0.02473295,0.023342589,0.054750383,0.1124355
-0.028783888,-0.028279716,-0.057369698,-0.012535211,-0.030310126
0.030291675,-0.005187426,-0.034287393,-0.07407425,-0.055871174
-0.020984156,-0.03571661,-0.001048824,-0.030270157,0.0035258604
-0.03615147,0.0059939297,0.008173097,0.001203267,-0.018607456
-0.051921036,-0.13585486,0.041553043,0.07378476,-0.072994865
-0.06775221,0.023736611,0.122980185,-0.030377276,0.06866521
-0.083443366,0.016086033,0.028927602,0.083020054,0.13693614
-0.051248908,-0.07612609,-0.0107466495,0.016027873,0.02215491
-0.03787272,-0.04818881,-0.017462488,-0.10352572,-0.13836372
0.019039946,0.08393078,0.062720776,0.06728239,0.006004052
-0.03456732,-0.062470675,0.05747677,0.11198601,-0.0035591687
-0.034334198,0.013542917,0.111666955,0.05346712,-0.059295118
-0.022965094,0.002017742,-0.05569679,-0.039509103,-0.026125705
-0.069880016,-0.036339983,-0.055385552,-0.020276528,-0.034150306
0.016534682,-0.058459584,-0.06026166,0.028394697,-0.034531333
-0.050953865,-0.014171682,0.12452724,0.030084893,-0.035503954
-0.020621384,0.019838441,0.10016861,-0.053841654,0.04548108
-0.05420017,-0.0033963101,0.014869468,0.008497535,-0.007799471
0.033885594,-0.01018996,-0.044841334,-0.028191369,0.003925052
