0.016700998,-0.03696022,-0.035814505,-0.0185276,-0.032890867
0.041284863,-0.043050464,-0.043802414,-0.070963405,0.021258574
-0.0040720026,0.0241204,-0.023889206,-0.017695908,-0.031726852
-0.035138525,0.0033955532,-0.014182014,-0.097164944,-0.0758102
0.02453655,0.029445535,-0.015684552,-0.089802526,-0.06365817
-0.0025531754,-0.0575067,-0.053588573,-0.049285583,0.046629954
0.029067392,0.017087573,-0.03935032,-0.056650206,-0.029869776
-0.03625449,0.0062865457,0.01992653,0.096674755,0.022110133
-0.05155451,-0.044740647,0.0203111,0.047351547,-0.049262043
-0.002926943,-0.030230109,-0.018960772,-0.08081063,0.0040450455
0.020420417,-0.012216307,-0.044151407,-0.016938819,0.062644415
0.020471064,-0.03205612,-0.010849931,0.029896233,-0.00808404
0.019515842,-0.010721467,-0.007919021,-0.016173456,0.043630242
-0.046838757,-0.037305858,0.001656107,0.02673176,0.06865379
0.012419888,-0.018509446,-0.01668261,-0.078872785,0.039434798
-0.006687431,-0.05042657,0.024101084,0.01268427,-0.04573397
-0.014229971,0.034769718,-0.0068783113,0.017853608,0.00697084
-0.035961047,0.028143242,-0.0043947822,0.00068906305,0.012026449
-0.02466249,-0.0522248,-0.0064843963,-0.038422085,-0.02937649
-0.039290532,-0.022948379,0.0007959434,-0.03064771,-0.007318522
-0.028791368,-0.046410598,-0.035404183,0.04232609,0.06667059
-0.0023891681,-0.048304256,-0.025907401,-0.040651925,-0.0039992807
-0.025776882,-0.031308148,-0.08177993,-0.043766793,0.043023027
-0.050231997,0.010943158,-0.00739624,0.016600648,0.043012396
-0.025333965,0.008471243,0.056572285,0.042428974,0.01610842
-0.012432234,0.008796041,-0.03263464,0.00016033695,-0.03692416
0.03465726,0.041298173,0.015970059,-0.02186609,-0.0008664192
0.042553212,-0.03247612,0.044942115,0.017794248,0.004333981
-0.03194257,-0.018849617,0.0309458,-0.01595741,-0.054770336
-0.032915954,-0.07063608,-0.055186655,0.022949716,0.051316384
0.0002095558,-0.037487406,-0.0057296646,-0.042044684,-0.03946295
-0.05106055,-0.01188044,-0.04578584,-0.031191554,-0.025175348
-0.02372647,-0.0012206663,-0.02896297,-0.026844265,0.013989476
-0.020871783,-0.08044073,0.038738847,0.054576773,0.03775265
-0.033581115,-0.016555415,-0.0130941635,0.02581291,-0.031756353
-0.040200464,0.03985161,0.040265266,0.044137727,0.02901769
-0.021849731,-0.0062969485,-0.035860274,-0.022194358,0.039160997
-0.010241553,0.024015592,0.050729044,0.03967719,-0.091259085
-0.009546387,-0.015945153,-0.050712116,-0.019405441,0.04038639
-0.048178717,0.035196964,-0.025924122,0.03853423,0.1177757
-0.04160196,0.0076761236,-0.015666693,0.007359233,-0.05406251
0.008632064,0.022133648,-0.009210201,0.0035224883,0.015209524
-0.0030069533,-0.018487068,0.006391032,-0.025507733,0.0066249385
-0.027401043,0.05012436,0.053431325,0.005202993,-0.09533357
0.027849626,-0.00061483943,-0.006302119,0.0013019053,0.03436058
-0.032501075,0.012966545,0.004820192,0.0007650418,-0.05947456
-0.0026856416,-0.0032716934,0.004005044,-0.019219937,0.007911303
-0.004189869,0.023443755,0.005440603,-0.04368489,-0.060684316
-0.041120853,-0.053206824,0.043772865,0.0151448455,-0.018862445
0.0130274715,-0.064455286,0.016702607,-0.011061344,0.01180803
0.001957714,0.021927988,-0.065755986,0.011173884,-0.0101028625
-0.042367566,-0.075584896,-0.045258332,-0.00019531141,-0.016983986
0.00030806023,-0.01905566,0.0368737,0.03475991,-0.07685973
-0.0050137336,-0.07117746,-0.029065384,0.0055059753,0.094027236
-0.033098444,-0.04673712,0.021010945,0.005036822,-0.042516105
-0.017122043,-0.029464824,-0.09533275,-0.1333245,-0.0997442
0.006010938,0.0022885313,-0.06165943,-0.102722585,-0.06420757
0.043927763,0.07767227,-0.044732075,-0.07314246,-0.0338862
-0.0063503124,0.017805599,0.033141468,-0.0942168,-0.0762863
0.04002177,0.06911671,0.008380323,-0.07416304,-0.008599113
0.030031905,-0.016305206,0.016547,0.0022172183,-0.03574705
-0.0037645597,-0.018267425,0.012242378,-0.033611897,-0.05564909
0.02195533,0.026002869,-0.032062586,0.017624686,0.00899892
0.019260675,-0.030459948,-0.0230179,0.040699594,-0.023179324
0.026750378,-0.04224304,-0.0018898159,-0.0063666315,-0.075857274
0.019949853,-0.01884027,0.04091772,0.08283815,0.09622342
-0.019925702,0.0008398194,-0.039590027,0.047849953,0.073353134
0.006518876,-0.040769618,-0.034144677,0.10003148,-0.05315581
-0.034157213,0.019073805,-0.085047714,0.17614561,0.037968732
-0.041415736,0.00418782,-0.07506642,0.06296233,0.031689234
0.01482186,-0.044844102,-0.023261968,0.005233593,0.023999343
0.04450835,0.025758136,-0.008356927,-0.0062678647,0.02780707
-0.018668875,-0.017745376,-0.010667833,0.03652013,0.06526193
-0.01993079,0.011863069,-0.015924888,-0.040147003,-0.061949953
-0.059003554,-0.030987488,-0.053572804,0.018318322,0.038685966
-0.022826953,-0.03119774,0.014656651,-0.04279317,-0.015510423
-0.005594132,-0.030696943,-0.002995483,-0.02046948,-0.00072563585
-0.023636699,0.048350476,0.0027465546,-0.050550375,0.0043769917
-0.028038783,0.004268564,-0.0017981951,-0.0074016014,-0.046417404
0.004733609,0.009458419,0.004965215,-0.012104263,0.04940192
-0.0014035475,-0.0062162112,0.06603651,0.049289536,0.069589674
0.013177971,0.008155784,0.060672253,-0.0071444213,0.0835214
-0.03129691,-0.019939749,0.03579261,-0.039977632,-0.06821812
0.011393957,0.03925584,-0.03962012,0.012906268,0.02214181
-0.036475252,-0.078091145,-0.0326098,0.0005203035,0.0008930509
0.05889574,-0.04297478,-0.049532317,-0.018106895,-0.08993384
0.0023726334,0.022593416,0.04914719,0.0058133653,-0.16138572
-0.06459655,-0.043031003,0.001837748,0.042229842,-0.12011161
-0.08866747,-0.03406773,-0.07072881,-0.0015958147,-0.09482615
-0.094328746,-0.057643387,-0.086627245,0.07379376,-0.06611926
-0.021394012,-0.052360743,-0.019612974,-0.059728127,-0.005984518
-0.027752768,0.010778461,0.0068705315,-0.040086016,0.027003476
0.04875422,-0.00022229027,-0.011580059,-0.0045674555,0.032043368
-0.017280927,0.0027940832,0.09443866,0.092563346,-0.05240683
-0.04296802,-0.05277606,-0.07547242,-0.071059436,-0.033094406
0.036915053,-0.02160039,-0.080232285,-0.03917903,-0.015805434
0.043163087,-0.028379422,-0.0072062523,0.013462704,0.07202934
-0.04631276,-0.053298753,0.065320924,0.062986195,0.011056385
-0.04229054,0.005594006,-0.0018313978,-0.048192937,0.036447257
-0.019515546,-0.024285607,0.015616272,0.018740706,0.091098964
