-0.18443978,-0.15744446,-0.17091756,-0.097234905,-0.035464518
-0.20390564,-0.17798421,-0.13426703,-0.10459461,-0.06867831
-0.17352839,-0.14762926,-0.1589,-0.11547627,-0.08790752
-0.14093883,-0.14481658,-0.102457836,-0.12136413,-0.06933144
-0.13699165,-0.13099997,-0.032227505,0.009151184,-0.0034415966
-0.17924072,-0.17164385,-0.12049271,-0.17990369,-0.13014154
-0.18089746,-0.21332625,-0.12677422,-0.119910784,-0.05076991
-0.16244417,-0.16477433,-0.15634096,-0.15741417,-0.078888334
-0.14521067,-0.11531648,-0.13400057,-0.08349904,-0.020407658
-0.13992085,-0.101472825,0.042857625,0.07440405,0.026728371
-0.13780771,-0.18009187,-0.1822386,-0.08292675,-0.061806872
-0.10936472,-0.18135735,-0.099867225,-0.11746654,-0.05575494
-0.15922053,-0.09301744,-0.01246199,-0.13576262,-0.068687685
-0.113786906,-0.1325791,-0.11918723,-0.10008329,-0.06433796
-0.14110342,-0.074637964,-0.15118906,-0.11369259,0.11840898
-0.15589477,-0.13835888,-0.11212877,-0.12517504,-0.05363438
-0.11491581,-0.105361104,-0.10156852,-0.11056475,-0.020894647
-0.07594304,-0.016114676,-0.06779912,-0.1437551,-0.11733221
-0.12245668,-0.09838392,-0.13772386,-0.11633982,-0.055408917
-0.13353744,-0.055078737,-0.16276383,-0.113168135,0.0022465133
-0.0030207853,0.0012481607,-0.11560149,-0.20008957,-0.17248052
0.033158798,0.061793227,-0.0285109,-0.14500515,-0.18462217
-0.007973649,-0.034687284,-0.184443,-0.22163282,-0.15105586
0.06286031,0.12640539,-0.16972615,-0.2158261,-0.13527979
-0.058510512,0.011436409,-0.15527076,-0.1870619,-0.19660375
-0.049343243,-0.14027023,-0.11977906,-0.17090118,-0.14113817
-0.06734953,-0.07152526,-0.14704716,-0.13796417,-0.08969529
-0.082237355,-0.11673555,-0.1680286,-0.15135643,-0.13963458
-0.03866728,-0.13275361,-0.17685238,-0.093786664,-0.2025871
0.12934197,-0.16083668,-0.1484755,-0.10618168,-0.13247098
-0.017796334,0.1562499,-0.21525395,-0.14788093,-0.008363088
0.22003794,0.2160148,0.17730947,0.022413347,0.1520586
-0.106052645,-0.29607403,-0.20337546,-0.21920078,-0.039634418
-0.18298206,0.17389844,0.167852,0.16796386,-0.19323836
0.08736693,-0.174204,0.23485802,-0.12252731,-0.04284989
-0.21433334,-0.21023868,-0.10511542,-0.09373735,-0.13024245
-0.18989845,-0.20181754,-0.18109909,-0.12285609,-0.06902513
-0.22006582,-0.1527463,-0.18714258,-0.14167789,-0.090269096
-0.12825488,-0.07062485,-0.07364466,-0.13749345,-0.034690302
-0.11215955,-0.07822753,0.014080435,0.0058800685,-0.013465012
0.17077598,0.14374638,-0.19566374,-0.088637665,-0.04490665
0.19079702,0.24437416,-0.09585864,-0.1246833,0.18893258
0.15721862,-0.16316092,-0.20816286,0.033584602,0.2545049
-0.14353354,0.22856213,-0.22455354,0.02222095,0.13784122
0.2129673,0.017650288,0.14306179,0.20544381,0.23597762
-0.059941392,-0.0966827,-0.24351038,-0.13262154,-0.07701205
-0.13757947,-0.10585419,-0.1182556,0.2115309,-0.16326526
-0.10031044,-0.107835494,-0.19669318,-0.2423895,-0.17872573
-0.105056025,0.15268326,-0.21340895,-0.18139614,-0.19936776
-0.17190583,-0.13434812,-0.09848502,-0.14420779,-0.11310802
-0.16768132,-0.17782073,-0.15412764,-0.036649767,-0.017728675
-0.11686327,-0.13491797,-0.18029182,-0.07967762,-0.050898872
-0.11177437,-0.10640089,-0.2134371,-0.16451575,-0.06964033
-0.08974143,-0.1390416,-0.068504035,-0.114223845,-0.10578225
-0.10568037,-0.16524173,-0.10574714,-0.024694562,-0.09358545
0.014327328,-0.023836043,-0.021137228,0.007759468,0.0043307696
0.04056324,0.009304195,0.0077860123,-0.023227768,0.038869567
-0.0005871199,0.026760079,-0.03579789,0.023397595,0.03633331
0.028980162,0.03736394,-0.020328693,-0.03208573,0.016100448
0.019378075,-0.027173668,-0.0143617885,-0.0005738186,-0.0037514868
-0.13555166,-0.119879276,-0.13701266,-0.13304794,-0.12182867
-0.11353095,-0.13320367,-0.17834722,-0.15110633,-0.08891748
-0.07901187,-0.16958608,-0.19227514,-0.15464978,-0.11244139
-0.10556425,-0.17090423,-0.10402175,-0.0977018,-0.14258182
-0.12445793,-0.14100313,0.00065605267,-0.021108294,-0.07797696
-0.04332284,0.02730744,0.00706405,-0.0049477764,0.00080778904
-0.020662816,-0.03471889,-0.02238257,0.014031009,0.037773654
-0.031143079,0.02057469,-0.021738129,0.033718914,0.005457082
-0.04063279,-0.038577594,0.010759777,0.02497748,0.013200269
0.012306786,-0.007020025,-0.02231417,0.007713588,-0.035451755
-0.123387784,-0.16517171,-0.1835324,-0.10665953,-0.0317583
-0.20269802,-0.1955843,-0.16886654,-0.19384007,-0.1111129
-0.15264545,-0.17942679,-0.2106658,-0.11505913,-0.09056769
-0.16288227,-0.15683043,-0.13675995,-0.14660266,-0.13472863
-0.10861591,-0.19060166,-0.10859183,-0.1784438,-0.07094071
-0.23567992,-0.13155031,-0.16044578,-0.17911959,-0.06584204
-0.1721077,-0.12913667,-0.12497667,-0.19755907,-0.08594275
-0.19222344,-0.13999268,-0.17933813,-0.09598264,-0.031970177
-0.15489823,-0.08373368,-0.23900759,-0.17008471,-0.05991257
-0.11971501,-0.21676084,-0.08614618,-0.093890354,-0.05739461
-0.06257277,-0.11960114,-0.15233816,-0.12438621,-0.12626298
0.0047730547,-0.037934795,-0.10233614,-0.10093879,-0.07904542
-0.049099855,0.004903986,-0.11888483,-0.13399719,-0.14900728
-0.09484066,-0.0046547973,-0.14285922,-0.12430823,-0.15741701
-0.12486514,0.01384746,-0.17132494,-0.13853188,-0.15772586
-0.15669689,0.12784478,0.20133013,-0.14913787,-0.18914194
-0.16902769,0.14019376,-0.19270682,0.1708048,0.19943549
0.27778652,-0.11239108,-0.15538995,-0.13517328,-0.16271421
0.2776436,0.17417467,-0.14594886,-0.15833218,-0.13756722
-0.07376463,-0.12683234,0.20241065,0.16360804,-0.20560014
-0.020500412,0.02241835,-0.049002428,-0.2056165,-0.10002757
0.06126834,0.020311926,0.03993005,-0.1181659,-0.14274101
-0.03513574,-0.034924783,-0.14366455,-0.17586069,-0.15974373
-0.10079661,-0.14834636,-0.1507396,-0.17169064,-0.14553602
-0.08852468,-0.109572336,-0.16457485,-0.16910951,-0.12562737
-0.13366097,-0.113789655,-0.18317656,-0.15539856,-0.1668339
-0.13299064,-0.15510002,-0.1182418,-0.11503233,-0.037870683
-0.1703061,-0.16076915,-0.13974075,-0.267582,-0.11600286
-0.18627146,-0.1709397,-0.170001,-0.24378161,-0.116426185
-0.11867391,-0.11288326,-0.15483995,0.23293856,-0.14614195
