-0.03250388,0.065319605,0.017995946,-0.069858305,-0.078925915
-0.037989013,0.025968675,-0.017459014,-0.078590415,-0.10995037
-0.046948437,-0.011631656,-0.017066257,-0.06957854,-0.0414856
-0.040028047,-0.07187976,-0.0037632368,0.008561508,0.022750204
-0.047051117,-0.04611706,-0.017703498,0.0024479388,0.004746617
-0.02885293,-0.022444488,0.018521,0.08352548,0.121810846
0.010060191,-0.00039645206,0.06048583,-0.03522903,0.0047732056
0.01714486,-0.008083083,-0.010361638,-0.03279635,0.012334815
0.005848448,-0.08704325,-0.025533909,-0.003976003,-0.0064566247
-0.08250561,-0.10360378,-0.061214738,-0.11844223,-0.06894415
-0.040594164,-0.045469463,-0.014953811,0.054297414,0.07591811
-0.01526228,-0.02995641,0.04621867,0.15846635,0.0371046
-0.068007916,0.02918808,0.06003729,-0.016378175,-0.05433688
0.023292486,-0.052048396,-0.015765445,-0.08613294,0.022327485
-0.009669392,-0.086067855,-0.03126584,-0.061684784,-0.013630999
0.0011584222,0.06050791,0.02362607,-0.03009027,0.08166609
-0.004746309,-0.05625681,-0.048518274,0.034292262,0.06926716
-0.038658995,-0.065555446,-0.025064249,-0.0146483565,-0.003644254
-0.004971725,-0.005717981,-0.05308417,-0.06280166,-0.063892946
-0.016360043,0.000841309,-0.0009522744,0.015662244,0.008539158
-0.07104818,-0.05787779,-0.069293834,-0.0922648,-0.060936157
-0.029403843,-0.016268674,-0.08869083,-0.1038859,-0.12504223
-0.06098451,-0.100790255,-0.11826559,-0.0917246,-0.08247311
-0.061169013,-0.12061127,-0.06121096,-0.09333925,0.031708196
-0.031485606,-0.042842086,0.003131884,-0.046162028,0.03945574
-0.032976568,0.034396064,0.07546233,0.0021923599,-0.072185025
0.060316496,0.05506775,0.07520649,-0.05917103,-0.032306686
0.06396599,-0.024816552,-0.086176656,0.02727765,-0.008765557
-0.06489434,-0.10268386,-0.07926009,0.030838784,0.03316921
-0.09210241,-0.14623587,-0.108843274,-0.07515318,-0.08182497
-0.05677624,-0.007324345,-0.021310393,-0.011532477,0.09332971
-0.027343746,-0.030525077,-0.0065991767,0.111352205,0.12337453
-0.060523845,-0.06308198,0.016645854,-0.004686929,-0.021518158
-0.043367613,-0.06394138,-0.025963403,-0.09062332,-0.059718505
0.0077863997,-0.04928041,-0.09759021,-0.08064058,-0.0057608867
-0.037202712,0.016937219,0.05401891,-0.014377682,-0.043516513
0.00011409126,-0.011216138,-0.023148645,-0.000638496,-0.022246625
-0.046214864,-0.0043992167,-0.029550446,0.034380525,-0.048268467
-0.053401694,-0.08951347,-0.04502308,0.06756681,-0.0037232782
-0.040628284,-0.038296346,-0.09784506,0.009044936,0.033963043
0.009611385,-0.0068339277,0.074885055,0.007159594,0.016605489
0.07573887,0.0479264,0.031457294,-0.039491095,-0.07108312
0.110861175,0.0040082536,0.005650778,-0.064464495,0.01278388
-0.03372692,-0.01470791,-0.031411137,0.034873936,0.018930802
-0.03306504,-0.10236061,-0.050470047,0.060371023,0.095654614
-0.012992216,0.055948738,-0.035200313,-0.10929528,0.055303104
0.036561076,0.03067951,-0.06444526,-0.06082937,-0.022200203
-0.015789958,-0.024576971,-0.012182858,0.036344927,-0.08268454
-0.01575313,-0.083849944,0.051528323,0.03311624,0.00028565808
-0.07113303,-0.023623921,0.022775961,-0.008400453,-0.008068534
-0.05377137,-0.015491786,-0.021677954,-0.062324114,-0.039992783
0.04178976,-0.022912936,-0.05780242,0.07502595,0.13844268
-0.07111051,-0.06389494,-0.019632936,-0.050880067,-0.063348435
-0.02408884,-0.12264586,-0.16444282,-0.17011678,-0.07055688
0.01116938,-0.09026881,-0.17935793,-0.1464286,-0.11160111
0.015220493,0.008426345,0.093055785,0.08754495,-0.11326698
0.023426615,0.014395513,0.07239509,-0.037850264,-0.14425717
0.10893864,0.13366994,0.042045183,-0.058291715,-0.054541633
0.009379938,-0.008164256,-0.0364274,-0.102685586,-0.008222214
-0.060665682,-0.10387583,-0.014938693,-0.026534684,-0.06674175
0.015912844,-0.0015274402,-0.0073295026,0.050349846,0.1616711
-0.037041347,-0.021889456,0.011987412,0.061809577,-0.0017229127
-0.00416265,-0.054684293,0.025684444,-0.048092388,-0.059708517
0.025072115,0.008306421,-0.055764996,-0.08183308,0.007846092
-0.06456558,-0.044088636,-0.057577066,-0.031741127,-0.015273629
-0.022082713,-0.042115077,-0.038977724,-0.016588109,-0.09523504
0.016106203,-0.064668655,-0.0907149,-0.10011919,-0.2484044
-0.055041004,-0.07417749,-0.11728288,-0.06948821,-0.11082269
-0.07935732,-0.09871911,-0.080687284,0.024997773,0.06443416
-0.06170682,-0.13109204,-0.03996612,0.045470018,0.17665026
-0.031379543,0.06738864,0.082399994,-0.07954778,-0.12536289
0.031830344,0.057248715,0.019870076,-0.079564646,-0.010743133
0.010531453,-0.0213627,-0.03926432,0.047628075,0.1137669
-0.04134776,-0.09215679,-0.08334437,0.008921954,0.042834442
-0.10189725,-0.06603392,-0.09751926,-0.08062588,-0.048260957
-0.024800224,0.007957446,0.076269366,-0.016579015,-0.04579204
-0.010723168,0.039158314,-0.007272498,-0.039365664,-0.04440399
-0.039200366,0.0141606415,-0.05444113,-0.010488177,-0.00029723288
-0.043495886,-0.0864322,-0.024839075,-0.006310153,-0.018182624
-0.033898845,-0.028870901,-0.0071345153,0.055334345,-0.0026650294
0.015891235,0.012055905,-0.04256197,-0.018371286,-0.09331942
-0.0030629272,-0.08143412,-0.07483519,-0.0740618,-0.09749314
-0.0629115,-0.03788389,-0.088287,-0.058877878,-0.092495605
-0.00011687043,-0.056346722,-0.052032433,0.0028024747,0.090363264
-0.09213184,-0.02793545,-0.06930913,0.074450515,0.1425397
0.0760473,0.04246231,0.022190016,-0.22249393,0.02992718
0.04790319,-0.060725465,-0.0385172,0.0461425,0.095606744
-0.07805852,-0.05774066,0.018597048,0.15506999,-0.021345701
-0.11920286,-0.026024422,-0.1298809,0.1108367,-0.102748945
-0.08914302,-0.10737734,-0.086450234,-0.08643209,-0.010558887
0.020705555,-0.021045495,0.09820445,0.06973554,0.012283206
0.0069201314,0.1263216,0.13639109,-0.004532264,-0.07197451
0.051456034,0.0051167486,-0.06029224,-0.10867244,0.01043487
0.018899594,-0.121187955,-0.012067593,0.05955833,0.08718366
-0.13767782,-0.10150168,-0.09209012,0.018006591,-0.04529246
-0.012552012,0.02740622,0.12803677,-0.020523293,-0.04333502
0.11694467,0.06888555,0.06169314,-0.046475403,0.15249488
0.014444641,-0.030930044,-0.009775631,0.02183898,0.097443536
-0.1077247,-0.07379528,-0.01769206,0.054718185,-0.10971565
-0.046183594,-0.119154125,-0.1289291,-0.07058845,-0.10779307
