0.07175803,0.035679396,-0.03589262,0.041416552,0.01178018
-0.0015716805,0.0029785084,-0.010627493,0.020312782,0.032398503
-0.004395934,-0.11934576,-0.06614348,-0.05229226,-0.03751156
-0.027160477,-0.043774463,-0.075644076,-0.09652989,-0.030265246
0.047074538,0.027908474,-0.03428709,-0.04226826,0.04285946
-0.038002115,-0.008358729,-0.018900199,-0.022693727,-0.063116394
-0.030021958,-0.08233882,-0.020885533,-0.06733668,-0.105361864
-0.042360444,-0.04719646,0.04023369,0.05828935,-0.039696656
-0.008579045,0.047453757,0.08037505,0.08116402,-0.06707326
0.052906353,0.028354388,0.011522042,0.042495716,-0.06509864
-0.0030830062,0.039664548,0.036838967,0.045320302,0.013644934
-0.013029284,0.08639678,0.088839464,0.13310055,-0.051217712
0.053571038,0.061518516,-0.029326323,-0.06309723,-0.025558157
-0.016291585,-0.097694084,-0.043593198,0.033157628,-0.006568536
-0.08156063,-0.062440842,0.02096382,0.050167978,-0.0015954531
0.03206087,-0.024322992,-0.014597704,-0.049203757,-0.027024733
0.05007945,-0.00029471048,-0.008284608,-0.044500235,-0.019587154
0.008392475,-0.041867286,0.019189173,0.006295276,-0.0746707
0.0069693285,-0.02966459,0.00620641,-0.036088742,-0.015054056
-0.015152397,0.04107238,0.041828845,-0.0014743494,0.010536021
-0.05695979,-0.070591986,-0.13366632,-0.054550946,0.0149134975
-0.14408848,-0.11077107,-0.04032928,0.044262387,0.17534012
0.016338425,-0.031911302,0.015524324,-0.023683546,0.05008383
-0.09030364,-0.10202843,-0.035687134,-0.012911899,-0.07547595
-0.049691163,-0.027444737,-0.050087728,-0.06627243,-0.12230119
-0.033991266,-0.050059546,0.018884294,-0.0100028645,-0.07276264
-0.09978071,-0.033468038,-0.070528775,-0.074977085,-0.054819837
-0.08226476,-0.03167771,-0.07183297,0.029882314,0.039123148
-0.0116289295,-0.039039265,0.103159234,0.06357221,0.024679467
0.14929575,-0.018045187,0.01443373,-0.0060911425,0.10247688
0.038562823,0.0080215065,-0.003945739,0.011304023,-0.0046324222
-0.07239617,0.009330796,0.12171744,0.14651236,0.067697465
0.02014764,0.12004638,0.030478166,0.00695565,0.02974684
0.008368697,-0.023867525,0.02038426,0.05239182,-0.023388885
-0.09879095,-0.02752719,0.03372758,0.023980664,-0.03728308
-0.053689625,-0.10824094,-0.051517464,-0.01110778,-0.07231676
-0.06569347,-0.09642259,-0.03277733,0.0045044003,0.0026516942
-0.0774657,-0.07573289,-0.02446314,0.019643072,0.009346079
0.0888402,-0.015257383,-0.012024938,0.015981475,0.03364798
0.0524612,0.048221596,-0.012334879,-0.011443125,-0.04274759
-0.029416757,-0.10602604,-0.053862825,-0.0328829,-0.045804687
-0.08335174,-0.12864347,-0.032327034,-0.072155446,-0.010405049
-0.12992643,-0.075452305,-0.034269404,0.028348085,0.02081758
-0.028203191,-0.04440464,-0.050060533,0.06655455,-0.0012010252
0.090075344,-0.010873862,0.018312722,0.07625591,0.014407764
-0.0691517,-0.012211844,-0.008478964,-0.056247998,-0.05982294
0.020765545,-0.00012129504,-0.05105647,-0.08690125,-0.083505094
-0.04946271,-0.034654103,-0.053953286,-0.07332867,-0.0958531
0.034624282,-0.0845835,-0.021747656,-0.018999578,-0.03023632
0.05865884,-0.077293776,-0.08588828,-0.045348056,0.011546926
-0.020209283,0.017788466,-0.018272132,-0.055833064,-0.018378422
-0.077001415,-0.116692446,-0.04651006,0.08742373,0.09450279
0.053700846,0.11214843,0.095856495,0.15273428,-0.015447692
-0.019351218,0.052828334,0.044061307,-0.02780618,-0.028275236
-0.17713091,-0.14442429,0.030995809,0.037369415,-0.040377196
-0.07065954,-0.0128509505,-0.020688826,0.03832151,0.09291715
-0.08155349,0.0223616,-0.04403198,-0.011655061,0.008415609
-0.0718227,-0.0699173,-0.15883096,-0.12121262,-0.009326351
-0.14546248,-0.132406,-0.036298413,-0.044449296,-0.010316656
-0.010593805,0.04698003,0.0044090357,-0.019419974,-0.009414782
-0.03342199,-0.04978706,-0.036826853,-0.054640833,0.01469935
-0.04228816,-0.0015116422,0.04662745,0.04447266,-0.023689857
0.056731712,0.032347642,-0.035606734,-0.049855642,-0.0077316975
-0.033390857,-0.05373675,-0.009959391,0.028056834,0.035892133
0.09988887,0.07615066,0.035762742,0.07733361,0.013698958
0.09454363,-0.06478522,-0.088981785,-0.06512486,-0.080151424
0.07761494,-0.07403959,-0.02275966,-0.040823244,-0.0036748021
0.021551024,-0.096449845,-0.08255372,-0.12877703,0.027229557
-0.055165593,-0.14756835,-0.097667776,-0.09149705,0.0017440638
0.032704044,0.040645745,0.043862496,-0.051903103,-0.061514568
0.015776323,0.0569504,0.10631634,0.047805253,0.00061219523
0.059829634,0.013269818,0.0023428542,-0.021804985,-0.08468374
0.023491459,-0.13015634,-0.06539745,-0.045901082,-0.03494116
0.06295816,0.079993345,0.104497805,-0.00967363,-0.027323639
-0.00036859588,0.08296636,-0.012125058,0.004118783,0.080203146
0.015073834,-0.056712866,0.06613254,0.03453895,0.023102343
-0.010925665,-0.012688861,-0.03291475,-0.05095062,-0.019528612
0.010339713,-0.109676115,-0.068132766,-0.05875546,-0.007743492
-0.03457343,-0.028884677,0.005194526,0.04025869,-0.004601428
0.0033801186,0.0020505523,0.005220927,0.00048752502,0.039018203
-0.0004297759,-0.018654665,-0.098789945,-0.01867137,-0.06102266
-0.012539628,-0.05061931,-0.06845437,-0.03507263,-0.043524623
-0.093356356,-0.089434646,-0.0066445256,0.11440116,0.119180955
-0.04356572,-0.032541715,-0.047461554,-0.020237623,0.051867448
0.015123826,0.006422563,-0.020848138,-0.057946008,0.0051793195
0.09271894,0.018974163,-0.00068685715,-0.053476606,-0.040936157
0.12958764,-0.057638388,0.008573275,-0.0361484,-0.14041783
0.13438587,0.017682869,-0.062173776,-0.099454306,-0.19454028
0.10080439,0.018365592,-0.15465474,-0.07652134,-0.08904761
0.16788495,0.05364086,-0.127146,0.04969378,-0.08756582
-0.08561675,-0.08658646,-0.08724466,-0.043301348,-0.03001444
-0.108765595,-0.10937004,-0.061756216,-0.0437088,-0.029272709
-0.07026633,-0.07942604,-0.08714498,-0.0058344104,0.0145568745
-0.046406172,0.014888137,0.08713911,0.056466408,0.0661553
0.12605014,0.12166926,0.12897597,0.10706358,0.029730257
0.042633034,-0.0010684584,0.055261068,0.0053018387,-0.026502311
0.028148828,-0.035567712,-0.022959052,-0.01416317,-0.005535161
-0.07003066,-0.00750573,0.01021912,0.031017777,-0.039270464
-0.052959558,0.027908985,-0.033809014,-0.026935486,-0.0487552
-0.101520896,-0.11824724,-0.010689568,0.06719531,-0.029212864
