-0.04088533,-0.13446012,-0.18281297,-0.0031793858,-0.09307323
0.010743716,-0.13120377,-0.17000568,0.09420016,-0.013872667
0.03725556,-0.12097561,-0.09318528,-0.037542142,-0.03991319
0.03565919,-0.064371854,-0.11372592,-0.073468916,0.0021531254
0.0062358566,-0.114133745,-0.15876696,0.051796094,0.10101714
0.061969414,-0.19013765,0.0076091895,-0.050583288,0.060813542
0.12019887,-0.16149688,0.025221314,0.015480039,-0.040776618
0.03653516,-0.08164769,-0.018749002,0.09115289,-0.02112225
0.016503952,-0.01731883,0.00092201744,0.1031272,0.10482866
0.059715405,-0.07477889,-0.004188948,0.019223781,0.034154054
-0.021598551,0.0033250914,-0.07447777,0.053298123,0.06103076
-0.02011192,-0.079114236,-0.09374434,0.002524631,0.00586483
0.022666804,-0.050881516,0.021232946,-0.07353244,-0.06518213
0.0068282965,-0.0652005,-0.12795351,-0.06357423,-0.033604927
-0.063389465,-0.054450087,-0.07433295,-0.09329837,0.038094282
-0.036689542,0.009664141,0.0049166507,0.054071896,-0.05630986
-0.1173627,-0.10159577,0.062278666,0.1054869,-0.04730028
-0.021497237,-0.08667643,0.0433454,0.006680785,-0.12046235
-0.0352085,-0.10155304,0.07084792,-0.08211182,-0.11799769
-0.036503483,-0.0011847696,0.06565603,-0.09118862,-0.16083682
0.04041195,0.011443287,-0.025714641,-0.010536481,-0.030976912
0.0808498,0.014277482,-0.0025259492,-0.0053660786,-0.06252383
0.040493496,0.011873426,0.011405249,0.011643374,-0.025314275
-0.03404931,0.019516688,-0.002571327,-0.0377777,0.009862315
-0.026728045,-0.010229365,0.026010927,-0.019427937,-0.07562944
-0.02014631,-0.10438418,-0.061049186,0.088874444,-0.0276555
-0.016638575,-0.0490667,-0.0019402261,-0.024036653,-0.113354854
-0.049458522,0.022890586,0.02863753,-0.08635402,-0.06517687
-0.02192483,0.022745546,0.011202264,-0.10822145,0.05222882
0.021679938,0.0024216252,0.021440497,-0.08437595,-0.09171848
0.024720365,0.028044906,-0.03680971,-0.0135429595,-0.04784161
0.021610076,-0.012332407,-0.043304432,0.06883682,-0.047042727
0.044876363,-0.040015314,-0.020183196,0.011809432,-0.009647473
0.03520625,-0.05192847,-0.03869412,-0.05788896,0.024418065
0.0368542,0.021473426,-0.040682446,-0.021366904,0.026087157
-0.0070968866,-0.083717145,-0.006645086,-0.036945283,-0.04806896
0.03679044,-0.07854886,-0.03312399,0.04885494,-0.041894365
-0.01481387,-0.07548089,0.0015420256,0.071392246,-0.010580341
-0.0070480825,-0.10369739,0.06798972,0.15299714,0.06057176
0.022771578,-0.028882768,0.11473328,0.065502316,-0.025491195
0.01358148,0.047724303,0.012012971,-0.0068746405,0.028685393
0.051064417,0.053087506,-0.09519145,0.028687889,-0.052232716
0.07019895,0.0082578715,-0.06740026,-0.03453084,-0.024571538
-0.01877955,0.024015572,-0.012622739,-0.058588974,0.0027517367
0.04377025,-0.01904181,-0.041720062,-0.00464701,-0.054667022
-0.0966094,-0.049716942,0.008986001,-0.107179254,0.016119827
0.0013486621,0.012185132,-0.021967521,-0.06227469,-0.02332247
-0.04113849,0.00089682726,-0.11656368,-0.12201663,-0.123989396
0.0350591,-0.025911912,-0.23554768,-0.13341375,-0.11756627
0.015719006,-0.07272337,-0.121107616,-0.07447545,0.0635795
-0.053832732,-0.046522792,-0.054240048,-0.027550478,0.030084765
0.01970318,-0.0678828,0.0006736209,-0.016217096,-0.09123146
0.022029202,-0.004136751,0.022274438,-0.060956508,-0.071100704
0.04273489,-0.0077855582,0.0331465,-0.06043134,-0.06882603
-0.0015426973,0.033165623,-0.050259028,-0.119763896,-0.051877655
-0.00021417774,0.0437014,0.030158393,0.038897842,0.013152305
0.023452662,0.041893978,0.036714803,-0.034362204,-0.010021184
-0.043102458,0.0017004702,-0.015819108,0.03883675,0.007070682
0.0005705788,-0.03238392,-0.035159737,0.007431435,-0.022221133
-0.02068088,0.03129276,-0.02264652,-0.019112019,0.03438877
0.010907156,-0.119099826,-0.06633675,0.11201461,-0.00095026736
0.0044077155,-0.05448395,-0.081853606,0.015094316,-0.11011779
0.086810604,-0.05357303,-0.20510785,-0.053626932,0.00032620257
0.07854345,0.01566793,-0.12202152,-0.062898934,0.19408889
0.16459614,-0.03729916,-0.042107467,0.117596455,0.04964661
-0.028428432,0.04258176,0.020484425,0.006935565,0.031512175
-0.03842158,0.009637212,-0.021095576,-0.0045452495,0.014624572
0.01987816,0.010250116,-0.034616742,-0.028005676,0.0007829863
-0.007656422,-0.03743406,0.044093326,0.005624754,-0.03177679
0.019612875,0.019492757,-0.02186007,0.022423055,-0.027742058
0.0071222517,0.059672385,-0.04190571,-0.008117881,-0.036984634
0.005839721,0.04357094,-0.03983855,-0.013270837,0.079434365
0.03824193,-0.0076146456,-0.09420862,-0.0019472593,0.03594197
0.11085455,0.03568643,-0.07241033,-0.06376829,-0.010701215
0.013115701,-0.0018071511,-0.06544319,-0.090856075,-0.011727934
-0.020272342,0.0011757285,0.08623841,-0.004380803,-0.033048302
-0.0135188745,-0.093652815,0.10626281,0.045067437,-0.08592442
-0.0194951,-0.17413378,0.12918223,0.065734155,-0.04242842
-0.07576136,-0.03840136,0.04719355,-0.06376275,-0.07490032
-0.025335766,-0.034497794,0.1140452,-0.0021382363,-0.07887613
-0.06312268,0.039172314,0.0879294,-0.014454993,-0.07877007
-0.1255164,0.0077570523,0.20179321,0.016697157,-0.02872555
-0.0864369,0.057426527,0.09870767,0.01165474,-0.05977124
-0.07187608,0.07931652,0.105808586,-0.059422676,-0.08190901
-0.11841233,0.004177415,-0.043295585,-0.04714288,-0.06444871
0.0012044683,-0.07412796,0.04727804,0.07825596,0.006484078
0.013424985,-0.09916938,0.0073594325,0.016659472,-0.10897171
0.011518115,-0.05218014,-0.0513065,-0.049154952,-0.023540923
-0.010475303,-0.019441769,0.0010918751,0.018449357,0.07264802
-0.0038670655,0.0042326306,-0.08561529,-0.06502271,-0.021790087
-0.049133822,-0.14298025,-0.0146715725,0.026281271,-0.09681297
-0.05455393,-0.10790639,0.050578203,0.037079804,-0.08980455
-0.011243614,0.005419622,0.08672514,0.020729737,-0.09668908
0.024341423,0.0488592,0.058259748,-0.08198593,-0.034064893
-0.04646018,-0.013507056,0.033325933,-0.10772258,-0.089498185
-0.13170744,-0.111367725,-0.029687565,0.06772454,-0.008527004
-0.028845554,-0.04696485,0.077193275,-0.05904108,-0.13903542
-0.0064312727,-0.09407417,-0.054311484,-0.1527736,-0.100430645
-0.019963128,-0.030336501,-0.022916919,-0.042068675,0.12846327
0.0033128639,-0.010670384,-0.046834927,-0.058202196,0.04494472
