-0.12224594,-0.1573017,-0.093986176,0.009100443,-0.04772341
-0.07915123,-0.13042839,-0.12237455,0.049213648,0.05636597
-0.082198106,-0.18736708,-0.024413757,0.15121825,0.014018575
-0.10481673,-0.23269609,-0.11562609,0.035855763,-0.050231803
-0.15502942,-0.18878633,-0.13212445,-0.0069776983,-0.088599205
-0.08416844,0.032017022,-0.09754131,-0.010424746,-0.025520872
0.09892095,0.09272183,-0.0052685374,0.0077127507,-0.094675355
-0.036492012,0.10886655,0.039439466,-0.024133207,-0.10214405
-0.070837304,-0.052074112,-0.03309272,-0.06958423,0.0010983563
-0.0033065395,0.062123094,0.0003253467,-0.011885847,-0.10438138
-0.0019347374,-0.01794106,-0.0528233,-0.034453265,-0.011250952
0.05092255,0.091181464,-0.022827111,-0.06822653,-0.008879868
0.13764702,0.07944992,-0.06640123,-0.09174177,-0.12532942
-0.015610801,0.09435015,0.02656041,0.026512632,0.029396668
-0.004040367,-0.08410273,0.02710234,-0.017592842,-0.03658785
-0.015997952,-0.017438458,-0.093089074,-0.09355138,-0.055785954
-0.0091174375,0.008477906,-0.03789065,-0.09106696,-0.03429182
0.021930635,0.03886391,0.062437553,0.054810762,0.014579874
-0.004063739,0.05868641,0.013532797,-0.00871731,0.013041171
0.053594783,-0.012143367,-0.036874034,-0.0994955,-0.06490662
-0.14674975,-0.052904572,0.04216113,0.25152662,0.058493003
-0.09550579,0.113964334,-0.0003768949,0.20438978,0.107568696
-0.13446541,-0.068954706,-0.08194589,-0.09636715,-0.20854452
0.010633525,0.014413711,-0.18364792,-0.1742179,-0.1619331
-0.002137418,0.0054819817,-0.11381582,-0.1684538,-0.13016424
-0.13743582,-5.2363393e-05,-0.004662075,-0.052866146,-0.046886683
0.0045994045,0.009143223,-0.07291748,-0.10256985,-0.10260277
-0.10463812,-0.07609513,-0.07476458,-0.18860784,-0.16352378
-0.15000072,-0.05370202,-0.0014443706,0.044950742,-0.053897474
-0.0029674745,0.1831626,0.13436833,0.045472663,0.046522144
0.016700737,0.02061344,-0.004925504,-0.00045453152,-0.057498198
0.04455303,0.13604909,0.11887502,0.058017686,-0.009378648
0.021378763,0.018336006,-0.050375562,-0.12260098,-0.098849736
0.012938517,0.023840755,-0.017194893,-0.06537742,-0.054228608
-0.019162986,-0.02980631,0.019838944,-0.06485814,-0.046951383
-0.014841275,0.095213406,0.006798092,-0.04217581,-0.038640473
-0.016980125,-0.009847535,-0.038455263,0.04128469,-0.018074429
0.027501313,0.023521284,-0.050319336,-0.050414138,-0.053980008
-0.03156517,0.060359377,0.012521547,-0.06017459,-0.10728005
0.11582672,0.09554445,0.01175982,-0.029647384,0.031457685
-0.024266126,0.0027858554,-0.06927989,0.014734122,-0.034043368
-0.07003985,0.088284716,-0.029061023,-0.022508848,0.012601969
0.09349899,-0.02710393,-0.073831424,-0.046645876,-0.10483122
0.01937235,-0.018455824,-0.13212223,-0.080576055,-0.12091113
-0.001338288,0.06931406,0.025941087,-0.06060654,-0.05040459
-0.010052675,-0.07876826,-0.10412403,-0.01532954,0.012677444
-0.025226709,-0.028954573,-0.049810093,-0.029622722,-0.001131661
0.02919034,-0.076329015,-0.052478585,0.010658151,-0.039466325
0.03315897,-0.005445612,-0.00557649,-0.016671486,-0.006482624
0.020711122,0.005392778,-0.0071091955,-0.020898558,0.012178738
0.07554126,0.051251166,0.07465905,0.1800725,0.02206069
0.01765222,0.15713406,0.1768881,0.1077781,-0.026864115
0.1393103,0.089031994,-0.029409539,-0.1799084,-0.29143748
-0.057745304,0.08434275,0.04561462,-0.050729565,-0.14881967
-0.031835027,0.036629006,-0.068923,0.015423346,0.013662296
-0.050182387,-0.09871799,-0.08226656,-0.040415104,0.0072903433
-0.080954246,-0.066893995,-0.20199877,-0.22162445,-0.17578524
-0.12315889,-0.21391657,-0.27316362,-0.13116445,-0.12762094
-0.27916723,-0.27209857,-0.178269,0.0072033056,0.010005369
-0.18324588,0.004895409,0.12900643,0.18442336,0.04235114
-0.122598365,-0.03909209,-0.09346877,-0.106505655,-0.06481185
-0.032756373,0.05357101,0.118992105,0.013583704,-0.012574053
-0.11344585,0.12190409,0.08438938,0.08692054,-0.03246294
0.037724704,0.16177672,-0.0074867588,-0.04384579,-0.07183997
0.013908784,-0.03852492,-0.05552337,-0.10087589,-0.043383125
-0.043965973,-0.09210599,-0.036631435,-0.09666334,0.011845591
-0.07527629,-0.15383948,0.021300672,0.19121957,0.17840527
0.0031112733,-0.016654043,0.21165112,0.06810634,0.10504609
0.114989355,-0.006734654,-0.074836716,-0.080206916,-0.033216186
0.035481945,-0.048568998,-0.18816575,-0.07322666,-0.17139457
-0.1219829,-0.056357514,0.01019436,-0.051162492,-0.093393445
0.02175475,-0.09312198,-0.12617953,-0.16947982,-0.11426356
-0.039388172,-0.10951837,0.009889502,0.028459067,0.018840812
-0.113289304,-0.14610253,0.06715328,0.005025439,0.007996446
-0.16958006,-0.05753988,-0.011858063,-0.11209856,-0.051067304
-0.053819288,-0.042410746,-0.016916528,-0.032070767,0.022533622
-0.061874073,0.06509569,-0.04320384,0.03792696,0.028375436
-0.026494656,0.047210146,0.053618837,0.05702433,-0.0885081
-0.024963532,-0.06265445,0.019159429,0.027951235,-0.034259204
-0.012106987,0.08923653,0.02815474,-0.007276603,-0.070632845
0.03024049,0.018718462,0.12855627,0.02626661,-0.066618614
-0.035301756,0.0019939654,0.19143094,0.07734733,0.04725926
0.023442796,0.047234647,0.24984707,0.15121423,0.010577219
-0.010842916,0.09244071,-0.010023584,-0.16687989,-0.11874857
0.008835713,-0.081748,-0.10466337,-0.028221158,-0.07793403
-0.020413654,0.011627526,-0.2036155,-0.22255719,-0.1425922
0.17823668,0.10043987,-0.17748138,-0.12857096,-0.124532506
0.25176546,-0.005190805,-0.07592808,-0.01222719,-0.058467135
0.0013460944,-0.03009465,-0.0803581,-0.05112346,-0.052319746
-0.10407612,-0.26834133,-0.3339716,-0.1924707,-0.16021769
-0.08055147,0.06913162,0.027214883,0.029045898,0.050493706
0.04521662,0.10436232,-0.017916093,0.010549498,-0.12388941
0.023249362,0.020952238,-0.097342215,-0.18440922,-0.2750394
-0.02483887,-0.11750387,-0.15148637,-0.11974031,-0.15567434
-0.066079,0.18828353,0.17297776,0.01849817,-5.4969336e-05
0.030603064,0.023553317,-0.024814904,-0.04658222,-0.010486109
0.065694004,0.02532346,-0.1418135,-0.16621144,-0.18431464
0.1001917,0.054367628,-0.013023981,-0.11290489,-0.13042933
0.026293747,0.0888657,0.2331292,0.10257689,-0.05289395
0.034770615,0.16639918,0.07665735,0.060588453,0.020636434
