0.02913373,-0.054488223,-0.033877283,-0.0026709156,0.018161444
0.030134626,0.009244953,0.037101813,0.019663673,-0.03276608
0.0012943116,-0.10708483,0.08891201,0.032840524,-0.003959784
0.030450499,-0.071893945,-0.08702302,-0.07652175,-0.07606234
-0.049924284,-0.03838148,-0.12819679,-0.1374383,-0.031766742
-0.0716573,-0.09307967,-0.011616389,0.02823274,-0.043210845
-0.035367757,-0.08069717,-0.09562384,-0.0066233794,0.055266753
0.007318454,0.046258137,-0.07887978,0.018404663,0.0041577374
0.044083077,-0.025393302,0.040270522,-0.05121391,-0.013718897
-0.05844889,-0.027123883,-0.10145881,0.021631705,0.021998718
0.020985257,0.0038681477,0.034513094,0.034073763,0.055459514
0.029991534,0.095834665,0.12962256,0.017178636,-0.077625185
-0.027345225,-0.059598733,0.05146918,0.07458534,-0.018013518
-0.07735574,-0.102243245,-0.06736267,0.07302108,0.06557607
-0.017629221,-0.08670681,-0.098481186,0.010776016,0.031727254
0.016896095,-0.039652638,-0.017142858,0.021839926,-0.019954283
0.012868548,-0.010739618,-0.016831316,0.025747046,-0.042536598
0.002288537,-0.061867125,-0.03395998,0.0072839702,0.019397058
-0.0053427382,-0.06506221,-0.06408619,-0.033458415,0.046520095
0.019502306,-0.008313273,0.06327235,-0.019060014,-0.013277021
0.030982934,0.041026473,-0.008687449,0.08550035,0.067389935
0.074307434,0.025745394,-0.11253569,-0.14523856,-0.0014142783
-0.058122385,-0.07331536,0.021966388,0.020908108,-0.19800834
0.0047360547,-0.08185314,-0.004212169,0.3247239,0.14646715
-0.053140346,0.12613451,-0.009658556,-0.18852091,-0.19083637
-0.0627802,0.03829869,0.02834352,0.023125902,-0.043301545
-0.06290903,0.030147152,-0.04408096,-0.054033488,-0.03604105
-0.056787577,-0.051115196,-0.09819285,-0.085612796,-0.041433763
0.029674185,-0.057122853,-0.08865161,-0.05272862,-0.07653746
-0.012644367,-0.053732194,-0.036413807,0.2471677,0.1996321
0.0073273513,0.0058721616,0.06959825,0.05046447,-0.009477377
0.022790607,0.028931407,0.1164578,0.04447844,-0.07730524
-0.01696867,-0.032784387,0.02022077,0.0046999133,-0.055264767
-0.06775352,-0.100277856,-0.060940303,0.07997694,0.161118
0.01363316,-0.009635603,0.0126394285,-0.037418287,-0.010427855
-0.00895921,-0.025209637,0.013239355,-0.048674423,-0.0850839
-0.063126534,-0.06787065,-0.066144444,-0.008367751,-0.059655476
-0.002079829,-0.00075908063,-0.12650897,-0.02682253,0.031977847
-0.012628128,0.06911608,0.11114222,-0.03537246,-0.13835168
0.03662138,-0.027983384,0.16555516,0.15586327,-0.013986569
-0.08381483,-0.055481587,-0.114056,-0.06170781,-0.060705848
-0.046761215,-0.09261105,-0.06744428,-0.07605166,-0.107287325
-0.0745958,-0.058505915,-0.03647563,-0.01625379,-0.06212115
0.0015149271,0.04696112,-0.09288785,-0.055869896,-0.041776076
0.030241689,0.05785689,0.1224675,-0.010158113,-0.13562977
-0.038051188,-0.082174614,-0.009157746,-0.002271371,0.04882239
-0.0446033,0.0034280375,-0.00012360475,-0.047416296,-0.023338938
-0.084367536,-0.04502466,-0.06433212,0.026741607,0.010210209
-0.047754202,0.08701716,-0.019850684,-0.06845518,-0.030170664
-0.023651892,0.0034659405,-0.0015850912,-0.046610747,-0.07948297
0.10987572,0.012568131,0.012083603,0.060404405,-0.09890288
0.09152938,0.09688679,0.19104555,0.060445286,0.0008816231
0.01572593,-0.07649588,-0.04577597,0.031914916,-0.09316708
-0.21053593,-0.19127148,-0.29718181,0.20647584,0.15470181
-0.052392647,-0.05378836,-0.042192116,0.058570422,0.022999892
-0.06463556,0.020613005,-0.02546377,0.009747265,-0.030139944
-0.03356921,-0.071951315,0.026788522,0.038757715,-0.027609097
-0.04687525,-0.117245756,-0.19718745,-0.047548905,-0.10455347
0.08651865,-0.07470237,-0.18931785,-0.15837076,-0.12472613
0.154451,0.0073811063,-0.112486556,-0.14838062,-0.113414645
-0.033026814,-0.06296162,-0.06361882,-0.03525799,-0.039348535
0.06471037,-0.015451233,-0.10098127,-0.08795466,-0.1082543
-0.0028999525,-0.08212327,0.0024829914,0.16349936,0.05970567
0.015607123,-0.040704105,-0.08836535,0.04776336,0.043943696
-0.022017777,-0.098969966,0.06533009,-0.078585766,-0.041120484
-0.075061314,-0.09835122,-0.11474873,-0.002847142,-0.052442554
-0.11593753,-0.20649877,-0.14832354,0.029973658,0.058645464
-0.1161957,0.06979266,0.03770277,-0.13446991,0.18797253
-0.024775643,0.079237014,0.30603918,0.056923408,0.041903246
0.0114814,-0.047463775,0.058947846,0.03227646,-0.14775336
-0.0017881051,0.0361722,-0.014867163,0.14455496,-0.06671955
0.013252954,-0.022485102,0.018939152,0.004428208,-0.109870344
-0.021305643,4.192986e-05,0.1536758,0.00059610535,0.019389205
-0.04013857,-0.10520006,-0.06459495,-0.07094751,0.094408736
-0.14024587,-0.097405575,-0.17636597,-0.0070302947,0.056601286
-0.03859979,0.0067685335,-0.042971507,0.010186436,0.01906905
-0.02947765,-0.019949188,0.10710169,-0.019966414,-0.008385536
-0.05889161,-0.001928935,0.07665461,0.13079621,0.01876941
-0.004173208,-0.07868287,-0.12722124,-0.040581144,0.05423642
-0.03127287,-0.0052478868,0.026762111,-0.025364576,-0.117917515
-0.04451514,-0.05761875,-0.013229901,-0.0029338412,-0.031903185
-0.091071494,-0.07743722,0.035841823,0.05126389,-0.048960246
0.024260867,0.06867446,-0.07789338,0.058747847,0.092653826
0.03366588,0.067539245,0.19111912,-0.017296543,-0.034745347
-0.004611361,0.030892828,0.21801226,0.09998509,-0.08304856
-0.068507835,-0.10776898,0.043137964,0.11436742,0.06846202
-0.11299498,-0.1921621,0.0013263726,-0.1138392,0.0056655337
-0.088545695,-0.039806273,0.08300834,-0.11053932,0.029894887
-0.059261058,-0.1426298,-0.106575646,-0.21870877,-0.018455913
-0.11435746,-0.17483547,-0.033914868,-0.15733561,-0.21142747
-0.029158946,-0.020348012,-0.07273012,-0.055320755,-0.022933181
0.027218036,0.0406653,-0.049624447,-0.077813305,-0.075975396
-0.07008553,-0.06836016,-0.042686608,-0.048457436,-0.07180694
0.080623575,-0.059970774,-0.21532798,-0.08564926,-0.05467181
-0.01780248,-0.0027484987,-0.014893423,-0.07142509,-0.052810583
-0.025672395,0.07242609,0.1248159,0.082776815,0.037051897
0.027166028,-0.009381605,0.11425349,0.05787102,0.00789914
-0.050701767,-0.13460684,0.033745155,0.010335053,0.08267996
-0.058777057,-0.1130691,-0.06692298,-0.026188428,0.08428858
-0.05780827,-0.14710726,-0.10286935,0.078683764,0.2041784
