-0.032714594,0.002642548,-0.007976162,-0.048861396,-0.04592599
-0.055744167,0.035370767,0.0072199,0.0030546903,-0.06532083
0.007334216,-0.027227309,0.025996659,-0.015659003,-0.057083424
-0.019503195,-0.03303035,0.019174933,-0.052861523,-0.06762388
-0.022569574,-0.057855204,-0.00060788984,0.013394198,0.025104383
0.064679086,0.032505438,-0.023794835,0.016256858,0.043026276
0.009104115,-0.0421543,-0.05144308,-0.030007638,0.022662593
-0.030819597,-0.027674502,-0.02471899,0.0033135717,-0.03782774
-0.029005984,-0.021954143,-0.0694771,0.027517369,-0.0237208
-0.010766832,-0.032069687,-0.03936838,-0.09066643,-0.016399682
-0.09276103,0.01316207,0.006587418,-0.060955647,-0.052986134
-0.027426811,-0.087472335,-0.03897791,-0.019478695,-0.026686905
-0.009067823,-0.041132282,-0.048125356,-0.041404735,0.02584579
-0.07370063,0.029753884,-0.021344777,0.0021685848,-0.026122956
0.005861702,-0.0020867793,-0.05213365,0.011529704,-0.06439437
-0.039524052,-0.0044485126,-0.0026739254,0.014215533,0.002693965
0.0033625416,0.03418228,-0.050452735,-0.080253035,0.06838309
0.01727977,-0.05930895,-0.023527304,-0.0063674934,0.04929902
-0.0026041938,0.01057313,-0.05141876,-0.06804693,0.08970809
-0.039822254,-0.02173868,-0.009432747,-0.020633852,-0.0021460871
-0.032754477,-0.046818342,0.053925477,-0.0576262,-0.02261382
0.024853824,-0.036291324,-0.015470071,-0.051726893,0.0023713773
0.037752185,-0.041295357,-0.00060575735,-0.04933077,-0.10673228
-0.011373252,-0.015125905,-0.060240965,-0.07415286,-0.12119514
0.009744962,0.039530847,-0.008140547,0.014603615,-0.09919673
0.08576263,0.082929485,0.03317338,-0.010584033,-0.015125557
0.015914412,-0.017186457,-0.064084195,-0.051026717,-0.015710203
-0.03743734,0.028959174,0.017923528,-0.09379748,-0.06690801
0.031892728,0.07152769,-0.009304311,-0.08730705,-0.001088061
-0.045842886,-0.004412947,-0.072328575,-0.069982275,-0.07826763
-0.010957165,-0.0038837795,-0.0135701755,-0.038103953,0.020832805
-0.025950108,-0.042096227,-0.05211115,-0.055588547,0.0014908507
0.0066108406,-0.03864877,-0.010959411,-0.028105821,-0.024836998
0.00056643825,-0.03146999,-0.05617146,0.006258968,-0.035684876
-0.046108425,-0.036661513,-0.0029426694,0.042353883,-0.062649086
0.08758228,-0.053817812,0.002041543,-0.005316674,-0.02305016
-0.01582317,0.03000707,-0.056122262,-0.080734216,-0.06817474
-0.01166083,-0.0014085838,-0.04454966,-0.0148431035,-0.01551161
0.02838202,0.03006916,-0.013278072,-0.050106026,-0.074573696
-0.019175699,-0.04662355,-0.0201385,-0.012913795,-0.04943013
0.069115765,0.019145774,0.018033039,0.13230254,0.05198427
0.0811159,-0.049047336,-0.023081567,-0.036358185,0.030711206
0.051042162,0.037192058,-0.045604534,-0.045207918,-0.07180549
0.059344836,-0.004049703,-0.0401219,-0.019910011,-0.069251925
0.03573473,0.012612782,-0.028470507,-0.04257344,-0.0025212115
0.043836944,-0.046334993,0.0051461305,-0.005717113,0.027184254
0.08771798,-0.013343982,-0.038125917,-0.043247156,0.06555402
0.003202641,-0.03465594,-0.046071097,0.012566638,0.060675833
0.0005794778,0.035902567,-0.01308289,0.03059289,0.034572497
0.018698521,0.011144906,-0.04787383,0.06971499,0.009453675
-0.04995964,-0.016247937,-0.027424525,-0.051631156,-0.029286794
-0.044219963,-0.018690929,-0.10979222,-0.06831703,-0.042172886
0.029554201,0.02033296,0.00679518,-0.089311324,-0.06416401
-0.050816618,-0.034932688,-0.021790456,-0.047233954,-0.072887
-0.060026396,-0.0005784537,-0.06909441,-0.027771514,-0.10558907
0.009337782,0.009507313,0.05950992,0.074131384,-0.023482338
0.028791659,-0.051013242,-0.091812804,0.010886374,-0.050467335
-0.060576696,-0.07140117,-0.0072305705,-0.0067168833,-0.09259353
-0.045458484,0.048219472,-0.008765974,-0.07498664,-0.113410436
0.052993853,-0.020749668,-0.0035221362,-0.061763346,-0.07895718
-0.057774734,-0.019395161,-0.022108102,-0.016722983,0.008869249
0.023358805,-0.029062523,-0.050705817,-0.0126345605,0.061504226
-0.049724434,-0.03376,-0.070331596,-0.052144587,0.052483678
-0.023525482,-0.04097473,-0.08076868,-0.02324745,0.030349968
-0.0589513,0.04560744,-0.0007097178,0.03478513,-0.0066802385
0.0076662856,0.108199455,-0.07981884,-0.0127942255,0.0094863465
0.015494857,0.1584213,-0.04974362,-0.060805123,-0.038012754
-0.05459784,0.09666015,-0.048825465,-0.031448334,-0.006214673
0.0074455347,0.05875585,0.023629196,-0.040896643,-0.07266111
0.0018544695,-0.07786174,0.02246989,-0.039631,-0.07934987
0.038660355,0.099755615,-0.016236866,-0.019252231,-0.02733893
-0.107366085,0.02306494,-0.00265921,-0.022829482,-0.061259028
-0.040742196,-0.010465322,-0.08551312,-0.06929405,-0.04557024
-0.028094081,-0.026192741,-0.07871067,-0.07836726,0.018683072
-0.031055374,-0.04810402,-0.043277,-0.053207576,0.08889242
-0.016520914,0.058634833,0.044731513,0.08343375,0.061222292
-0.0028058859,-0.031110505,-0.08377024,-0.06243648,-0.07471796
0.04061875,-0.044323076,0.018883718,-0.0019354095,-0.0180287
0.037905198,-0.07074946,-0.016656358,0.0027471648,-0.01611253
-0.040436715,0.0024145895,-0.03319226,-0.013553948,0.019826695
0.004285286,-0.026237112,0.026468204,-0.021670358,-0.01455576
0.018473737,0.02375356,-0.045991097,-0.06409503,-0.036902536
-0.08711425,-0.055816527,-0.07424237,-0.058028154,-0.03193012
0.026739396,0.065899156,-0.052783452,-0.038133983,-0.08278295
-0.051920436,-0.08285543,-0.055795662,-0.06875561,-0.089479744
-0.018512394,-0.004893795,-0.022787318,-0.13144982,0.0013132296
0.021558117,0.011684483,-0.091689356,-0.11051709,0.13384178
0.07849967,-0.0067355684,-0.06556764,-0.12876317,0.15823354
0.038605068,-0.0127088195,-0.100053735,-0.041430194,0.19234768
-0.06363517,0.03165493,-0.056362636,0.15408668,0.20025116
0.12955755,0.0922157,0.08894302,0.082609616,0.07494132
0.072183564,-0.02162516,-0.097354054,-0.024629332,-0.07285443
0.0081393765,-0.07023991,-0.0606747,-0.013983514,-0.093742214
0.0856852,0.0071694064,-0.021310315,-0.036295895,-0.08903851
-0.030019846,0.029836781,-0.023440903,-0.080836214,-0.15318923
0.042610195,-0.043031204,-0.057914425,-0.07686145,-0.090439364
-0.0955617,-0.0063976115,-0.058717553,-0.08959782,0.020614313
-0.038191743,-0.006970112,-0.074284315,-0.019888734,-0.01650506
0.045895196,-0.061725605,-0.053612705,-0.07455622,0.06280866
-0.027479758,-0.023492053,-0.12680295,-0.0468871,0.07680961
