-0.2287275,-0.14689694,-0.11035495,-0.14840177,-0.18041377
-0.23620273,-0.10738707,-0.18379812,-0.24763249,-0.18599597
-0.24428709,-0.20890358,-0.18515167,-0.13192494,-0.1651004
-0.19940308,-0.2082012,-0.12553155,-0.14755182,-0.17840968
-0.20057018,-0.19452433,-0.14287381,-0.15165417,-0.21078181
-0.20234539,-0.13867784,-0.15413944,-0.111799516,-0.17967953
-0.11139834,-0.17036584,-0.17334765,-0.17309576,-0.16975482
-0.19984272,-0.10061102,-0.14671704,-0.14917722,-0.12517305
-0.19119446,-0.2189238,-0.13903426,-0.16031751,-0.20715605
-0.18267688,-0.182193,-0.11670347,-0.17340082,-0.24748065
-0.20567726,-0.2160171,-0.1608221,-0.24032973,-0.17524017
-0.19215785,-0.13414271,-0.18940389,-0.18115345,-0.17306031
-0.17634025,-0.1642588,-0.18975036,-0.13500941,-0.16112262
-0.16235773,-0.16467011,-0.13397673,-0.12259338,-0.17751811
-0.16485922,-0.14263871,-0.13639309,-0.18327567,-0.19053248
-0.2409453,-0.15222862,-0.20034432,-0.23256767,-0.16672032
-0.17803198,-0.13252543,-0.1894571,-0.23765485,-0.20821539
-0.18431884,-0.2506346,-0.110365644,-0.14816117,-0.15504225
-0.2422268,-0.16406164,-0.22372995,-0.10583705,-0.24921183
-0.19130298,-0.15867504,-0.11112732,-0.20603922,-0.22254494
-0.22559752,-0.22413023,-0.17123432,-0.20894708,-0.24942741
-0.20675139,-0.21092016,-0.17223373,-0.25398293,-0.21206233
-0.17017369,-0.20856152,-0.18883465,-0.2741812,-0.2456971
-0.22083218,-0.27710617,-0.17092805,-0.20438845,-0.24661246
-0.16278866,-0.22484887,-0.22528744,-0.2300617,-0.10454954
-0.10464118,-0.24571939,-0.22455226,-0.23960452,-0.20832036
-0.17230368,-0.22520915,-0.18906863,-0.11994667,-0.10468401
-0.16750339,-0.19832532,-0.15125123,-0.13113321,-0.16603972
-0.1635995,-0.18480302,-0.101098664,-0.15133071,-0.22487827
-0.24509627,-0.18213429,-0.12803175,-0.17810605,-0.16409996
-0.09707692,-0.11948867,-0.14082186,0.2192237,0.14776051
0.15030137,0.008653404,0.021252643,-0.14391032,-0.19313236
-0.001592082,0.01457478,0.14647354,-0.2694065,0.026098015
-0.17476831,-0.25723693,-0.15065257,-0.1601775,0.14805639
-0.1430468,0.20339647,-0.11628702,0.21647717,-0.26318008
-0.23077604,-0.15504907,-0.17596903,-0.10159048,-0.09970615
-0.24934141,-0.21251917,-0.2292037,-0.1554221,-0.2016075
-0.24870749,-0.14785112,-0.17813654,-0.16386726,-0.23200957
-0.19745764,-0.09786571,-0.1777587,-0.20356648,-0.1657035
-0.14185248,-0.17473462,-0.16234893,-0.18097056,-0.22960979
-0.21658334,0.20823538,0.025340343,0.24856693,-0.021635706
0.16033576,0.20374739,-0.22690968,0.109102294,-0.13121536
0.026153697,0.18466209,0.16840509,-0.17516813,-0.042115618
-0.22096807,-0.17583326,-0.21650252,-0.21999444,0.18820941
-0.05919583,0.15681887,-0.23250791,-0.17685664,0.16551524
-0.18846352,-0.21165016,-0.10402186,-0.21070735,-0.15364607
-0.24291237,-0.12378346,-0.10627799,-0.22683395,-0.1837066
-0.1747336,-0.120912425,-0.10560256,-0.24764077,-0.11883575
-0.17816144,-0.14285728,-0.23046774,-0.093054995,-0.14449
-0.18069758,-0.18699315,-0.20953295,-0.17492963,-0.16838388
-0.16694497,-0.24585623,-0.19497007,-0.11898631,-0.19881703
-0.101300426,-0.1493467,-0.13390522,-0.17654958,-0.17355442
-0.23213454,-0.14789191,-0.17206648,-0.17437813,-0.23190103
-0.1800127,-0.1645355,-0.14194739,-0.23472385,-0.20466296
-0.14855413,-0.106513545,-0.1214981,-0.18851154,-0.22848627
0.025191506,0.028164824,-0.0024351915,0.00025249104,-0.0066739875
-0.0008305213,-0.032781255,0.0221791,0.041162647,0.022438927
0.021111442,0.04053869,0.031191576,0.010443664,0.02970699
0.03113601,0.00914823,-0.010796819,-0.026469437,-0.012283366
0.01337542,-0.03488877,-0.04067046,-0.0068683256,0.00751314
-0.17729513,-0.105519,-0.1765978,-0.20510325,-0.17490645
-0.20204018,-0.24321944,-0.24636808,-0.14021018,-0.11242036
-0.24994236,-0.18256047,-0.13588534,-0.097941674,-0.21879537
-0.16555192,-0.100465424,-0.16138169,-0.19418311,-0.18087678
-0.18143001,-0.12451076,-0.122990616,-0.14247948,-0.24930039
-0.0069702743,-0.03399732,1.1142212e-06,0.0011839053,-0.024427464
0.03904466,-0.029241892,0.029044889,0.028536856,0.04121196
0.013108807,0.029714562,-0.015543566,0.016033301,0.040558625
-0.043568786,-0.031638157,0.013251779,-0.010204672,-0.0075873556
-0.025543291,3.944556e-05,-0.014028982,0.042602338,0.027385984
-0.20504683,-0.19064172,-0.16115674,-0.18574496,-0.11508597
-0.17755839,-0.14927281,-0.18124563,-0.20621936,-0.11531078
-0.2066292,-0.24889246,-0.20028448,-0.2293317,-0.12353524
-0.10557102,-0.11507099,-0.24165776,-0.13044016,-0.14203171
-0.1977146,-0.22843263,-0.17844702,-0.16151422,-0.13906385
-0.11222232,-0.17961752,-0.18271962,-0.09862954,-0.17961206
-0.17249651,-0.13288769,-0.23196985,-0.13405669,-0.24536973
-0.14589532,-0.13309506,-0.17160694,-0.19759879,-0.12256884
-0.10212195,-0.17822343,-0.17217642,-0.19031124,-0.17952482
-0.18198918,-0.1361549,-0.18131742,-0.22964494,-0.2007216
-0.13707246,-0.13026269,-0.17137931,-0.16815555,-0.18855673
-0.20105593,-0.20502985,-0.10124932,-0.20267133,-0.23592566
-0.16403112,-0.18563539,-0.23660803,-0.16283187,-0.241647
-0.15221784,-0.183963,-0.1171975,-0.22814943,-0.1622752
-0.111801215,-0.16095805,-0.22450355,-0.21753842,-0.21882574
-0.17841747,-0.16931833,-0.14639615,-0.24171229,-0.19176812
-0.118173696,-0.21615304,-0.22908616,-0.17070313,-0.070174746
-0.2965281,-0.14629216,-0.12606025,-0.07665504,-0.26381686
0.08423788,-0.08963562,-0.0879151,-0.19043441,-0.23894256
-0.11686975,-0.1446687,0.12274748,-0.22049436,-0.19012234
-0.16344102,-0.1546644,-0.24000369,-0.23754099,-0.21643767
-0.1776585,-0.2247747,-0.213387,-0.23696686,-0.13061273
-0.2029938,-0.19758636,-0.09883029,-0.16968812,-0.22897822
-0.22443451,-0.1741534,-0.21688305,-0.20557193,-0.20927067
-0.20967993,-0.10633008,-0.10944916,-0.17749424,-0.17724724
-0.20542137,-0.14410974,-0.09808594,-0.20531592,-0.16974552
-0.14033854,-0.24217068,-0.24255478,-0.121167436,-0.109493226
-0.19917227,-0.17468838,-0.09511216,-0.15162393,-0.19389105
-0.21434735,-0.14454599,-0.17419158,-0.17203462,-0.20132111
-0.15463302,-0.156709,-0.15837674,-0.22552443,-0.18896562
