0.044490535,-0.04234595,-0.034598246,0.038213335,-0.01289753
-0.019154087,-0.01584728,0.035020452,0.028492134,0.05256364
0.022414362,-0.06632251,-0.02820829,-0.019850988,0.0079744
-0.04321599,0.0060186535,-0.015450134,-0.017969565,-0.0032481204
-0.02619155,-0.030346058,-0.047252145,-0.046951257,0.027737372
-0.052663174,-0.009511519,-0.07775776,-0.07964873,-0.08207586
0.005684979,-0.023154246,-0.0069662826,0.027237043,-0.046405125
0.059355326,0.0014564857,0.02783375,0.0144886775,-0.07174428
-0.02088378,0.035978526,0.05207577,-0.019240642,-0.030380167
-0.08155152,0.0059229666,-0.067652404,-0.028559227,0.0012723763
0.053646985,0.0022132935,-0.061385646,-0.0030066064,0.005341876
0.033179276,-0.040839184,-0.032869205,0.020064734,-0.049694892
-0.025451707,-0.097154565,0.045025285,0.06616587,-0.019912237
-0.04203923,-0.07138205,-0.008124714,-0.0294562,-0.079675354
-0.055125467,-0.05316372,-0.0522611,-0.014878537,-0.041018993
-0.079845026,0.080799885,0.008496207,0.012362103,-0.051528033
0.0035530543,0.0180621,0.041313913,-0.07179744,-0.031449415
-0.008434028,0.010639463,-0.03424586,-0.050414324,0.0042378777
0.05184149,-0.033203486,0.016720995,0.00953198,-0.043752603
0.006616032,0.008367656,0.009354022,-0.049038947,-0.0004589618
-0.028109305,-0.08280017,-0.0495466,-0.031968717,-0.0054163155
-0.05322352,-0.09898337,-0.053087223,0.00087712187,0.08085579
-0.055151705,-0.051498976,-0.031180628,-0.014302685,-0.0052178274
-0.0015714859,0.023317294,-0.08051527,-0.05277415,-0.062974654
0.052310508,-0.030144572,-0.12556528,-0.07355255,-0.07250556
-0.09974541,-0.03698938,-0.07480927,0.023436785,-0.03830951
-0.037048053,-0.074407496,0.04851361,0.04890162,0.023115851
0.054332193,0.008322459,0.03458522,0.07432661,-0.028138442
0.04121298,0.07118486,0.012394574,-0.03034846,-0.0044756047
-0.058664925,0.03094559,-0.044668883,-0.040664528,-0.026325973
0.049350277,0.0036166857,0.017886285,-0.046430472,-0.01575082
0.059445243,-0.057756506,-0.020554163,0.03547226,0.027417883
0.005776022,-0.01555201,0.027522665,0.034331746,0.018222978
0.01231854,-0.027307862,-0.054393694,-0.015981503,-0.014711487
-0.07417084,-0.058911733,-0.04821768,-0.014726449,-0.030915335
-0.04346563,-0.056617692,-0.036642954,-0.020294225,-0.031443335
-0.005401878,-0.05902639,0.001924742,-0.009734401,0.008990809
0.106860764,0.04707715,0.0052168895,0.045837104,-0.026910456
-0.016323641,0.024386056,0.015575137,0.0042201537,-0.00032752624
-0.02292313,-0.018415099,-0.053437065,-0.04787747,-0.052285653
-0.11655749,-0.09669612,-0.034485675,0.0046057324,-0.111644946
0.008883584,-0.08287401,0.0058032316,0.03631923,0.0019991067
0.049826745,-0.019755991,-0.03603155,0.052088276,0.08992456
0.12580313,0.061883423,-0.014611511,-0.010354531,0.006292899
0.0023053004,-0.026045816,-0.0006330808,-0.06321616,-0.04441075
-0.004469269,0.025708728,0.009673812,-0.030054148,-0.016507559
0.053824317,0.0204805,-0.020007962,-0.0328488,-0.03357468
0.05020521,0.016631413,-0.059512615,0.024182603,-0.021210793
0.1052317,0.029264579,-0.054883584,-0.010478718,-0.022961944
-0.016880166,-0.041420482,-0.049180735,-0.0073855664,-0.06843883
0.02698142,0.06253552,0.037531886,-0.0513423,-0.070895776
0.035608232,-0.022093255,-0.12583263,-0.013376307,0.06603036
-0.031060535,-0.024498438,-0.10209852,0.015091753,0.06589549
-0.06220256,-0.056027856,-0.033666074,-0.0457502,-0.039671347
0.000331778,-0.0829431,-0.12526894,-0.087845124,-0.07068357
-0.063416496,-0.1376793,-0.14746691,-0.020164417,0.041096482
-0.10927497,-0.06671309,-0.10746911,-0.0054417136,-0.014667229
-0.03919016,-0.019611534,0.013736931,0.04501206,0.06593228
-0.010945297,0.054879405,0.10663685,0.030755099,-0.024473112
0.0054604625,0.01512348,0.05319772,-0.009625368,0.019434603
0.0048376964,-0.040049408,0.03711202,-0.0465612,-0.08371901
0.0077000707,0.05953402,0.02430648,0.007997891,-0.041424554
-0.021092152,-0.05035385,-0.05938275,-0.057796802,-0.02450826
0.041477572,0.008272826,0.019694373,0.03147766,0.013831572
-0.07620425,-0.033657387,0.032759488,0.02150276,-0.044944797
-0.023851499,-0.057116527,-0.040848028,-0.06799112,-0.03503588
-0.022896944,-0.072455615,-0.030131266,-0.049055416,0.025584592
-0.028025124,-0.05633456,-0.004666211,-0.076124616,0.017537696
0.025233619,-0.05661626,0.0034300012,-0.055468317,-0.0070120203
-0.0902227,-0.050128836,-0.04358568,-0.07960663,0.005085462
-0.07170984,-0.052790016,0.06587161,-0.007121955,-0.013286822
-0.026851749,0.028967064,0.058470443,-0.003646947,-0.0458288
-0.050094392,0.09245368,0.02640524,-0.072838925,-0.06843997
0.018459996,0.0150527395,-0.0014771902,-0.045164343,-0.05083292
0.015134734,-0.025263932,-0.053171914,-0.013874873,-0.031439517
-0.056447886,-0.07089368,0.010026049,0.017782234,-0.011156788
-0.06731609,0.017983515,0.043863006,0.0324996,-0.014793404
0.015091782,-0.047413692,-0.004064035,-0.018181644,0.06620721
0.041190498,0.07160879,0.041462846,0.009443236,0.038388934
-0.007889118,0.0055231815,-0.050841726,-0.04527322,-0.017663836
-0.04494949,-0.10075115,-0.01821186,0.0056253383,0.016709894
0.009375599,-0.034358393,-0.006789809,0.053886294,-0.027258784
0.010885688,-0.09093058,0.022080855,0.065152764,0.11484811
0.031175446,-0.026946928,0.04941234,-0.017736524,0.045909464
-0.03434177,-0.03427624,-0.008556802,0.020379921,-0.040800553
-0.11356864,0.20253535,-0.017205905,-0.0720517,-0.040036373
-0.018051755,0.206749,0.0028793635,-0.082674325,-0.12695098
0.047755897,0.16282472,-0.09785144,-0.087465405,-0.021547548
-0.007236672,-0.05084007,-0.09363772,-0.08299355,-0.028360475
0.02392956,-0.09495951,-0.08484678,-0.0344435,0.0023409133
-0.11176733,-0.08847391,-0.07700688,-0.08857415,-0.09336504
-0.022211054,-0.054630768,0.016961973,0.054537185,0.02789636
-0.009471688,0.026911184,0.045608453,0.062322717,-0.015289401
0.10026675,0.13129477,0.07598772,0.047269214,0.020391298
-0.1329511,0.03467987,0.013957237,-0.04377292,-0.07739252
-0.09173853,-0.018151576,-0.036499564,0.042061284,0.019843187
-0.048166096,-0.055743966,0.04490016,0.10383294,-0.051715862
0.009062852,0.031620294,0.011227308,-0.022583269,0.0017609957
0.061417747,0.0054069334,-0.0061706165,-0.033793077,0.001846829
-0.02286148,-0.040790983,-0.04063026,-0.009809909,-0.018369012
