0.05460157,0.017155666,0.11021835,0.055533107,-0.1087009
0.039502922,0.0066042156,0.02851405,-0.034504846,-0.09660814
-0.006407399,-0.04207904,-0.050476916,-4.398706e-05,-0.026231654
0.010899392,-0.13127582,-0.102589466,0.02112753,-0.042840354
0.036560215,-0.06982067,0.0017952381,0.100429505,0.08051215
-0.034316234,-0.04368923,-0.08561052,0.026120933,-0.0069409893
-0.092081174,-0.052503288,-0.094370246,-0.028015487,-0.013067048
-0.02994467,-0.011278013,-0.033549048,-0.03728124,0.0033451435
-0.06608267,-0.08204064,-0.0850798,-0.055782516,-0.033347882
-0.020965802,0.010533819,-0.0064694188,-0.018593358,-0.12208168
0.012520569,0.0001003319,0.06903608,0.07750126,0.08190129
-0.034010746,0.020111287,0.029906774,0.027607769,0.04230432
-0.035368342,0.029273108,-0.09354947,-0.033549704,-0.004251123
0.062295124,0.060214452,-0.04033601,-0.062683396,-0.03846989
0.13009557,0.064814895,-0.06875134,-0.0378904,-0.06404488
0.060738597,0.0770042,-0.011663348,-0.016102897,0.017066145
0.05167089,-0.037231475,-0.0031709727,-0.053612918,0.08053531
-0.020409787,-0.09330042,-0.031204978,-0.065357596,-0.004301058
-0.023460018,-0.026412444,-0.09901393,-0.040876295,0.01124532
0.017417321,-0.02162565,-0.00025974525,-0.025092114,-0.062614605
-0.15443628,-0.16225705,-0.123030595,-0.10768448,-0.1341351
-0.16137911,-0.08025688,-0.13033052,-0.06132664,-0.0948073
-0.11109577,-0.12754248,-0.08350598,-0.035818912,-0.05021656
-0.10224447,0.07367908,0.21179095,0.30320054,0.20464253
-0.057251703,0.047299776,0.20841946,0.29217467,0.3151223
0.044398535,0.12957655,0.07461995,-0.06833397,-0.047374237
0.08405183,0.0960173,0.04339992,-0.031596325,0.036250897
-0.0022272724,-0.020870471,-0.009380494,0.059665903,0.1222548
-0.119090214,-0.12059951,-0.076934285,-0.09506491,-0.006456623
-0.02040863,-0.048010588,-0.054531287,-0.0064368485,0.032292727
0.048827335,-0.044180177,-0.02304994,0.03752215,0.14214139
-0.035550542,-0.1102315,-0.073505305,0.0075088292,0.08657625
-0.083368436,-0.042689223,-0.10306994,-0.076138064,-0.04309936
0.040883902,0.031230228,0.043151006,0.0115678655,-0.06671581
0.056276165,0.028975928,0.016846234,-0.003592587,-0.032886848
-0.020223776,-0.024610717,-0.045219816,-0.07726139,-0.05884587
-0.06604012,-0.055055406,0.004396948,-0.02413956,0.07001504
-0.09872268,-0.0023920746,-0.013360537,0.06634384,0.12905085
-0.10964879,-0.118333206,-0.08612269,-0.042525295,-0.028155103
-0.08291809,-0.07013734,0.03063945,0.032425933,-0.016261226
-0.015937604,0.024450032,-0.023459505,-0.02673147,-0.076161295
-0.02268183,-0.044562962,-0.07974253,-0.09952039,-0.030306444
0.01718659,0.013857961,-0.063356206,0.050345276,0.1336141
-0.044116147,0.0057858867,-0.022023495,0.034754395,0.08409709
-0.14707254,-0.15731372,-0.025094941,-0.05918139,-0.0904998
0.04787835,0.04409489,0.0048322007,-0.04302665,0.013492936
-0.01975291,-0.045129903,-0.058756836,-0.015862176,-0.017617878
-0.06111505,-0.0354769,-0.013879303,0.08681924,0.012379046
-0.0818148,-0.03030573,-0.11040359,-0.02569547,-0.029697787
-0.045776356,-0.057218798,-0.051282674,-0.05741768,-0.10482031
-0.036340393,-0.0045187995,-0.0351704,0.03184416,0.11337255
-0.027988771,-0.113732316,-0.17837639,-0.07925782,0.059264146
-0.15445593,-0.18434884,-0.1565824,-0.2059454,-0.12741339
-0.072077826,0.07696108,0.030409751,0.1269525,0.09043477
0.12927869,0.13980925,0.06354156,0.037048027,0.05353023
-0.07345819,0.007970994,0.038354952,0.08789912,-0.0103600025
0.03786205,0.10709694,0.059157826,0.06585095,-0.100980125
0.067471184,0.117736824,0.034372088,0.0408063,0.01677988
-0.035639375,-0.02684478,0.001553744,-0.0018713257,-0.014867624
-0.09165968,-0.079879984,-0.12136952,-0.19832784,-0.12634191
0.015689623,-0.07441714,0.015228328,-0.025171498,0.05332068
-0.04801836,-0.07288691,-0.07897518,-0.08548921,-0.06894383
-0.08207398,-0.052613497,-0.062489282,-0.025241401,-0.030344736
-0.050618246,-0.051673293,-0.046789594,0.07577783,0.12594007
-0.061717365,-0.09311837,-0.038904008,-0.0086694285,-0.010499011
-0.1336649,-0.05531229,0.0018786408,-0.08428831,-0.038117334
-0.05768645,-0.11454425,-0.0445896,-0.0625208,-0.07119374
-0.1546639,-0.14026353,-0.110126145,-0.10843241,-0.08996
-0.13613167,-0.132413,-0.11208155,-0.07470656,-0.1358933
-0.10948705,-0.0472748,0.05943923,0.13522805,0.0066222167
0.099615194,0.0610538,0.14609972,0.0026822104,-0.057158243
0.104641974,0.02816489,-0.022196066,-0.08169358,-0.03313777
0.13325095,-0.0032426158,-0.17544417,-0.1617341,-0.041336175
0.018295143,-0.15014549,-0.2000302,-0.21903527,-0.06252414
-0.04484679,-0.10653351,-0.17320012,-0.105351746,-0.13294797
0.0055688587,-0.025151523,0.044905774,-0.011171657,-0.0781684
0.020143963,0.0044491426,-0.06946337,-0.055941015,-0.023273239
0.11262331,-0.06537328,-0.092511654,-0.054237973,0.024564626
0.011253373,-0.06470908,-0.030052925,-0.002967991,0.12343338
-0.02669472,-0.11926322,-0.08849152,-0.07828788,0.015347636
0.005995959,-0.03277991,-0.03963784,-0.015206862,-0.081219904
-0.029198159,0.005045468,0.026406128,-0.059592538,-0.03188021
-0.114250995,-0.0012979186,-0.038339652,-0.071755804,-0.07985386
-0.080152385,-0.15286021,-0.081968985,-0.041774653,-0.005539231
-0.13027029,-0.020040262,0.086048536,0.067699425,0.032780334
0.11108753,0.08047656,0.01684008,-0.057296205,0.16831566
0.15361324,-0.010312434,-0.07646263,-0.04296218,0.17491855
-0.14952795,-0.20538573,-0.2431657,-0.0960783,0.014639017
-0.23756377,-0.13880838,-0.28080955,-0.1763163,-0.16106991
-0.02978918,0.15441996,0.012401218,0.010096168,-0.07444625
-0.058238294,-0.0099983355,-0.016286349,-0.028789774,0.0053802915
0.009636529,0.01210439,-0.045447867,-0.08036802,-0.03298787
0.0021011047,-0.009946946,-0.0046827286,0.04462817,0.17098448
-0.05011085,-0.097033195,-0.063959025,0.013341708,0.102229506
-0.1570508,-0.025912507,0.020032775,-0.11532877,-0.122132756
0.07572767,0.084099606,0.15373471,-0.06709777,0.040536765
0.015878579,-0.02448546,-0.004630625,-0.02562558,0.10910854
0.0056027626,-0.02247304,-0.022530856,-0.007856482,0.0367295
-0.08100862,-0.023678502,-0.1737645,-0.17023398,-0.14676271
0.10324354,0.050340455,-0.15909539,-0.096995324,-0.1550241
