-0.05081572,-0.009056053,-0.089424044,-0.10520241,-0.03141933
-0.06156574,-0.052844465,-0.09740587,-0.03603771,0.027046375
-0.11022247,-0.0831124,-0.0798316,0.004559728,0.041001625
-0.086037755,-0.107212245,-0.06522209,-0.026919452,0.020703655
-0.10694076,-0.12526996,-0.0975947,-0.019195547,-0.018367194
-0.05312579,-0.021698799,-0.017472519,-0.034442764,-0.026295446
-0.03964968,0.034868155,0.025696114,-0.023033552,0.0074682306
0.06493661,0.12991528,0.07856491,0.063836046,-0.07665606
0.08546673,0.08374349,-0.047441725,-0.040849682,-0.103817336
-0.019866534,-0.00449743,0.03153428,-0.0007894028,-0.021141907
-0.038887594,-0.0041271956,-0.008519913,-0.03287315,-0.02592263
0.049813304,0.014495174,-0.045117922,-0.07047211,-0.09478573
0.031204334,0.01576279,-0.01759778,-0.009389185,-0.06576292
0.018476956,0.09855475,0.0033984422,0.023418771,0.012963213
0.059970357,-0.0020182221,-0.015535634,-0.02198105,0.009228471
0.013476486,0.0139536485,-0.027811572,-0.012994014,0.017669559
-0.010279464,-0.01744486,0.013394178,0.0014484256,-0.024536865
0.0106462585,-0.0038843958,0.02471582,0.020401128,0.015536717
0.022793692,0.03466549,0.10660867,0.028899418,-0.023803983
-0.013461605,0.032326624,-0.0009833514,-0.053015906,-0.077261634
-0.13982922,0.061695017,0.13146476,0.08345233,0.07408279
-0.12403052,-0.02163986,-0.024160733,0.03272992,-0.15944691
0.00083835836,-0.08382484,-0.1808955,-0.1914077,-0.14093043
-0.12888211,-0.13653013,-0.052301668,-0.022303961,-0.098707356
-0.04590069,-0.05446767,-0.0122923795,-0.010302324,0.021420319
-0.025332585,-0.018377988,-0.0073254555,0.006571592,0.010999463
-0.06943724,0.038939893,-0.038463768,-0.043677304,0.0044723307
0.028701326,0.0629715,-0.03677876,-0.005594593,-0.02684484
0.080829106,-0.051432185,-0.06154995,0.004214087,-0.066830255
-0.117984146,0.004906637,0.03699669,-0.011857292,-0.06676414
0.017952304,0.031990424,0.036421355,-0.005710118,0.016468214
0.057764784,0.097084224,-6.5354354e-05,-0.02122842,-0.11337362
0.0390956,0.032466747,-0.006653594,0.009715347,-0.1064685
0.04354156,0.106323145,0.09326135,0.043385684,0.0017330461
0.025458911,-0.0117986435,-0.04186311,0.0063267243,-0.08538137
-0.04041983,-0.038304806,-0.0390063,-0.012286561,-0.026782077
-0.03197241,0.06708908,0.040103287,0.034448724,0.0038508927
0.041236494,0.1302347,0.06290197,-0.08509709,-0.08473392
-0.035981923,-0.044766173,-0.06753662,-0.018762525,-0.051104773
-0.014816787,0.016623573,0.010686336,0.09246127,-0.023827858
-0.051994696,0.0039449236,-0.013870547,-0.03816691,-0.07800604
-0.05866964,0.011691879,0.0491569,0.07821766,0.027071651
0.0022067074,0.13881917,0.043768503,-0.009581406,-0.07715807
-0.010986449,-0.04974881,-0.09610311,-0.04589246,-0.12168578
0.00017250309,0.004030748,0.028239148,-0.01763008,-0.07634318
-0.022541646,-0.0060291192,0.025482312,-0.02848105,-0.047436915
-0.00044360923,-0.026244063,-0.0015817892,-0.019719858,-0.0569734
-0.0026701796,-0.030132016,-0.049427457,0.0009234292,0.024896346
-0.04561503,0.014831572,0.033966634,-0.024327049,0.012569473
0.00091951987,0.0128376875,0.02087062,-0.06630307,-0.059509408
-0.11858674,-0.009057896,0.015909879,0.03672975,-0.037464306
0.08314279,0.10535314,0.07545707,0.05023319,-0.07961183
0.00592032,0.09939531,-0.09390953,-0.109700285,-0.17177264
-0.075632066,0.020199977,0.069783315,-0.016244227,-0.03794597
0.0007800056,0.088535294,-0.0030437345,-0.043115694,-0.00059513614
-0.014166081,-0.019702451,-0.09074894,-0.10545254,-0.08425259
-0.11424483,-0.13309689,-0.12193241,-0.16917501,-0.20873849
0.03126349,0.055751044,-0.11019584,-0.16241716,-0.106195375
0.025547666,-0.044730198,-0.19402051,-0.104008,-0.010883435
0.038421538,-0.06169539,-0.059915747,-0.04535971,-0.0036517696
0.008243957,-0.045792267,-0.046303306,-0.036007658,-0.049157426
-0.03606383,-0.054019567,-0.05015982,-0.011091544,0.025018675
-0.029986285,0.08864244,0.11370107,0.06883904,-0.021782523
-0.0360226,0.08681468,0.09601405,0.012981729,-0.059226032
0.05324121,-0.019341793,-0.0032675946,-0.09643752,0.009672765
0.05186718,-0.03521094,-0.09037794,-0.054028776,-0.0061282767
0.02250045,0.0678308,-0.05251959,-0.04135073,0.09886593
-0.0907716,-0.03979245,0.04683184,-0.06741585,0.060813624
-0.07112109,-0.078501105,0.045411397,-0.12179355,-0.042407114
-0.13830328,-0.09310405,-0.007005784,0.06777865,-0.03854615
0.0010297574,-0.040209107,-0.10873336,-0.062367097,-0.07304755
-0.00079450046,-0.0763409,-0.035735253,-0.05124718,0.005917649
-0.080242775,-0.09557983,-0.117949426,0.042422798,0.11991073
-0.13499224,-0.07840083,0.009050159,0.1182214,-0.02804546
-0.0765913,-0.028147183,0.0054281023,-0.016961139,-0.003810746
-0.051756665,0.018315954,-0.034297332,-0.004528029,-0.01858603
-0.034737013,-0.04664521,-0.026439615,-0.017076086,-0.015144205
-0.006063126,0.04076526,-0.023962615,-0.017696405,0.008280245
-0.022225399,0.02000038,0.05218478,0.026966467,-0.02814496
-0.016193008,-0.0011292003,0.04333168,-0.029568609,-0.03188095
0.0014218045,-0.068911396,-0.05898365,0.02967499,-0.05367941
-0.009196114,0.06758584,0.04618016,0.036727633,0.078030966
-0.045346223,0.03626875,0.086860366,-0.02946115,-0.0017252213
-0.035079192,-0.09649617,-0.10264548,-0.11604382,-0.036486704
-0.10941765,-0.08955912,0.04509094,0.05368027,-0.016789088
-0.013247459,-0.005463306,-0.10155494,-0.10170092,-0.0985837
0.07009933,0.031625547,-0.05322405,-0.045105085,-0.051423293
-0.010237395,-0.036894847,-0.0008927887,0.00917734,-0.029669894
-0.04570329,0.09554557,0.12142159,-0.020946115,-0.0540355
0.009418852,0.08835311,-0.039895095,-0.13790697,-0.12803365
-0.06518037,-0.060997248,-0.052950628,-0.025207961,-0.061813883
-0.06771481,0.025286011,0.028954577,0.037720226,0.00037385128
0.05933887,0.18305862,0.10060125,-0.030951079,-0.058413647
0.13523263,0.13999532,-0.04156651,-0.06663286,-0.054446027
-0.07475781,-0.03651338,-0.0017789052,0.043423105,-0.12047159
-0.008237418,-0.0163339,-0.077805065,-0.026604297,-0.10735223
-0.0008031229,0.03057508,-0.028544512,-0.12110476,-0.025378453
0.18739332,0.07462661,-0.032342844,0.015968258,0.03162527
0.02223505,0.030975986,0.05179032,0.010340476,-0.038493134
0.024671797,0.14533311,0.1283449,0.0557877,-0.033868305
