-0.03009336,-0.13883449,-0.17894173,-0.0681083,0.056065947
-0.1899626,-0.024806008,0.09359662,0.0888942,0.09244661
-0.08783837,0.1399387,0.09152653,0.057578795,-0.048683256
0.03276592,-0.06537281,-0.16328831,-0.19845192,-0.10259867
0.064232856,-0.025622064,-0.032764584,-0.05876114,-0.053628236
0.0559727,0.05579172,-0.038657825,-0.049291052,-0.0795168
0.013860041,-0.002493744,-0.02164356,-0.012349619,-0.057568356
-0.09453565,-0.13252836,-0.09351467,-0.14872034,-0.0781701
-0.13581406,0.061537378,0.05365546,-0.06299801,0.015428738
0.16810839,0.17880477,0.15956368,0.12765698,-0.08520061
-0.014208193,-0.102608174,-0.023680609,0.0049819765,0.08667023
-0.19251715,0.034884166,0.09415231,0.032026824,-0.06344204
0.10509406,0.28388143,0.0928164,-0.076292425,-0.03873149
0.03286205,-0.08006703,-0.10857677,-0.10549234,-0.05601897
-0.037400626,-0.09605033,-0.06458648,-0.09182686,-0.04589938
-0.13564728,-0.035109024,0.08948389,0.055101965,-0.013170488
-0.15300785,0.06816499,0.010279401,0.03552214,-0.052805446
0.12961489,0.13786575,-0.049210966,-0.08194922,-0.10308202
0.07218319,0.04806276,-0.093302906,-0.0879904,0.011573735
-0.06936298,-0.11164298,-0.10580933,-0.099987455,-0.091608346
-0.0043782885,-0.078206524,0.007112064,-0.015890272,-0.049470607
0.0013403636,-0.016455408,-0.040584058,-0.06316023,-0.03542467
-0.047095157,-0.028679453,-0.08314314,-0.040269233,-0.056130767
-0.026425753,-0.00869172,0.01782,-0.016497597,0.021528939
-0.062321324,0.006787089,-0.0011819737,-0.037252903,0.01965161
-0.055655397,-0.018265782,0.0302862,0.011914215,0.0075234026
-0.020495396,0.039424367,-0.051000766,-0.0322379,-0.0552511
0.15329769,-0.0052457806,-0.08117019,-0.070495225,0.031543523
0.01262532,-0.13841328,-0.024453012,0.011405099,0.031016443
-0.08828625,0.0011469951,0.01024557,0.009438806,-0.03580656
-0.032099847,0.059796978,0.03312648,-0.007072569,-0.029972378
0.012373773,0.089354776,0.020008419,-0.024783371,0.0042500496
0.0076129995,-0.024214039,-0.055860545,-0.009864524,-0.003281643
-0.020712074,-0.012391652,0.03480911,-0.04591498,0.0040216837
-0.035261635,-0.015468222,0.076392606,0.032785375,0.024821686
-0.060065605,0.028318694,0.012440836,0.03615318,-0.022950595
-0.0023837101,0.016784944,0.0062762853,-0.01837013,0.015414131
-0.09120074,-0.029564911,-0.0157179,-0.061784346,-0.055365384
0.022842484,0.07112872,-0.060704604,-0.017808449,-0.074245825
0.05742001,0.033749226,0.036992177,-0.014341314,-0.011080544
0.057820715,0.08378956,0.03172142,0.0023819082,-0.013235156
0.08341627,-0.026143761,-0.021424808,0.020266728,-0.026490228
-0.053426288,-0.06442329,-0.06055517,0.03071466,-0.029588265
-0.0832632,-0.08475702,-0.03795591,0.09325313,-0.009160878
-0.021803053,-0.041342214,0.034164283,0.07402464,0.04278019
-0.051048312,-0.04086519,-0.04545174,-0.030572483,0.17428632
0.032845765,-0.10214374,-0.08901013,0.11800715,0.15676363
-0.10123533,-0.06684809,0.061448805,0.13246317,0.09525132
-0.18036896,-0.12359181,-0.05880156,-0.030365719,0.012713907
-0.08684032,-0.1258809,-0.10684933,-0.0014825576,0.07668912
-0.048281815,0.038849644,-0.039679706,-0.030975644,-0.021021588
-0.022319686,0.009883185,-0.021119127,-0.061519157,-0.023641225
0.02874958,-0.0010440199,-0.036931403,-0.040037736,-0.03532395
-0.034510534,-0.1262513,-0.07441034,0.06599943,-0.04088686
-0.086574264,-0.054010615,0.06712133,0.13510554,0.0066543417
-0.007657957,-0.0151456725,-0.044648778,-0.040554788,0.01949285
-0.027317245,0.025308982,-0.012689261,0.016141528,0.03264804
0.0065286993,0.015409286,0.037783086,-0.014031013,0.032959368
-0.037601523,0.040944215,-0.014659165,-0.00151349,0.025098857
0.003898675,0.038936134,-0.01965034,-0.02464435,0.03986252
0.023131305,0.06940508,0.021968426,-0.032293964,-0.10174735
0.039851997,-0.010147887,-0.028988393,-0.05482866,-0.07699068
0.047983132,-0.11697491,-0.09118865,-0.09242727,-0.038632914
-0.103391096,-0.04626787,0.09589101,-0.0036212872,-0.046373565
0.0578559,0.11758378,0.21218947,0.14508426,0.012058476
0.013223081,-0.010550583,0.034806978,-0.040566918,-0.018581888
-0.0070405635,0.034195654,0.020686183,0.028765542,0.019246716
0.040221315,-0.011092966,-0.013808996,-0.006150321,0.017647412
-0.0130843995,0.016429963,0.012249683,0.0105051985,0.036376078
0.007122976,0.029675942,-0.012469122,-0.0401891,0.02728878
0.059507824,-0.0073803617,-0.041083727,-0.012486354,-0.039319642
-0.07152671,-0.072506346,0.03740696,0.007553483,-0.02242941
-0.05869272,-0.022343153,0.09715313,0.014814939,-0.079707496
-0.00029583176,0.09015159,0.00552872,-0.0073612733,-0.09022169
0.011256995,0.042661667,-0.010760372,0.009966721,0.001966697
-0.010904221,-0.005837661,0.014748261,0.0072766095,-0.044268545
0.06851917,0.012110719,-0.09309715,-0.055974398,0.009868019
-0.0069434377,0.01619873,-0.11717863,-0.043436617,-0.0028625387
-0.057916585,-0.012138383,-0.06284254,-0.07781266,0.010382263
-0.048368335,0.014517204,-0.05371734,0.023884868,0.0040349704
-0.07184664,-0.08356972,-0.03965892,0.0056738313,-0.037767008
-0.004735799,-0.028768765,-0.00814669,-0.029837273,-0.082598224
0.0573325,-0.063129455,-0.09849297,-0.037000757,-0.0650427
0.029443653,-0.050950587,-0.049090046,-0.11879496,-0.083608344
-0.068594,-0.02096269,-0.038240872,-0.040127285,-0.07178016
0.0006219894,0.062212322,-0.016225155,-0.023218546,-0.024518827
0.05095001,0.09460212,-0.008695144,0.0066777817,-0.033508934
0.0906688,-0.0041747964,-0.008951068,-0.06934825,-0.031164028
-0.043609273,-0.0795019,-0.00015802991,0.027319476,0.022953691
-0.09312018,-0.052594796,0.061843105,0.034217983,-0.061559346
-0.16030248,0.012474229,-0.01828602,-0.0894533,-0.08021559
-0.0014469865,0.08173339,-0.0015010587,-0.100361206,-0.04009956
0.1201501,0.07265891,-0.1236158,-0.13729143,-0.04850706
0.02675961,-0.041829597,-0.12459957,-0.017371934,-0.054706443
-0.0691472,-0.01009359,-0.026424093,-0.015641227,-0.09104028
-0.034054503,-0.052207623,-0.014795936,-0.041291088,-0.007967661
-0.037239287,0.13198128,0.05030969,-0.061787486,-0.06148003
0.28635773,0.15246467,-0.009979254,-0.11157482,-0.1027517
0.113340095,-0.17637804,0.0151123125,-0.0020693617,-0.0058794916
0.004079858,0.013680353,0.0032431742,-0.02548968,-0.07424135
