-0.01387001,-0.06197166,-0.010980546,0.11575146,0.09142597
-0.059508815,0.030012302,0.0037185326,0.02690227,-0.041554075
-0.053121917,-0.059199367,-0.0218041,-0.002479289,-0.097069204
-0.12688956,-0.06108949,-0.027401263,-0.053285122,-0.04464945
0.00046501256,-0.009933289,-0.073405065,-0.099695034,0.030114371
-0.023908315,0.0051582805,0.03817943,-0.06319232,-0.10756265
-0.010007182,-0.057913627,-0.04144517,-0.0007101214,-0.095393635
-0.051795017,-0.033052582,-0.032802097,-0.054687556,-0.06334901
-0.00587141,-0.055565316,-0.06696989,-0.00630978,-0.011910847
-0.044315517,-0.07283287,-0.07872905,-0.030880652,0.026503554
0.012623739,-0.0592315,-0.14339963,-0.07184987,0.1274711
0.018961202,-0.11019614,-0.020816628,0.07674163,0.028245473
-0.078726806,-0.04485572,0.023386491,0.03719703,0.034162827
0.011689934,-0.045717712,0.0025862674,0.07841487,-0.045444
-0.0037939763,0.05385957,0.12284321,-0.06531891,-0.0060275495
0.013808219,0.037524614,0.11779701,-0.0044242237,-0.0795814
0.0051409425,0.05313379,0.05323762,-0.050629236,-0.05486417
0.03030536,0.015105353,-0.057914294,-0.01831719,0.0011781759
0.028752087,-0.005568799,-0.026084235,0.011041132,-0.008969077
-0.005735594,-0.045363247,-0.023407876,0.010791254,-0.019696048
-0.091895655,-0.09161864,-0.17163926,-0.08879437,-0.09382616
-0.12287715,-0.07012264,-0.084796295,-0.08725581,-0.108989194
-0.06108801,-0.13108568,-0.09362084,-0.05677802,-0.056052912
-0.013039848,-0.09095028,-0.07538504,-0.070527755,-0.025912127
0.08713954,0.033805702,-0.014006845,-0.05893107,-0.046839073
-0.05390184,-0.035407923,0.084633335,0.07880768,-0.0627268
0.008615596,0.048606873,0.11519796,0.017712012,-0.10316666
-0.024782011,0.022941167,0.08485823,-0.050681047,-0.06986238
-0.0072767297,-0.09433883,-0.086253,-0.059215013,-0.022900408
-0.03608426,-0.06538223,-0.087559916,-0.12402784,-0.022541137
0.059783086,-0.0068982826,-0.09029348,-0.05238705,-0.023235299
-0.010393574,-0.021016488,-0.007948025,-0.05124415,0.01807968
-0.06346085,-0.03600654,-0.060827002,-0.006023264,0.048441213
0.042458374,-0.015236136,-0.016712626,0.03796824,-0.04994629
0.07412601,0.08110735,0.008761277,-0.013472797,-0.042291738
-0.031392094,-0.04117097,-0.04729259,-0.0992471,-0.041359715
-0.05271401,-0.020906141,-0.010269944,-0.027043391,-0.08435724
-0.041335326,-0.039233882,-0.040920667,-0.02978319,-0.06356754
-0.10446445,-0.08179944,-0.059830517,-0.0041271877,-0.057902455
-0.06623297,-0.10196842,-0.09992613,-0.09691756,-0.07788159
-0.08698137,-0.017061278,0.00053979125,-0.06015884,-0.07844425
-0.03100938,0.010709769,0.067989685,-0.06998249,-0.11174946
0.011916084,0.02257358,0.02461643,-0.041038442,-0.061575416
-0.03150958,0.011577585,-0.048277326,-0.0022595038,0.018220274
-0.08091565,-0.11226598,-0.078407876,-0.02573373,-0.0020442784
0.03672425,0.022187589,0.08240457,0.033579174,-0.0677892
0.057580967,0.056393515,0.016379893,-0.040314287,-0.0037714466
0.027266206,0.025870489,-0.0479029,-0.04971655,-0.06283258
-0.045892432,-0.05351139,-0.060545217,0.0090569025,-0.06133652
-0.03286579,-0.068110004,-0.046362,0.01746489,-0.06207609
0.024511937,0.0038015894,-0.07260713,-0.23350051,-0.16875373
0.041264094,-0.030633632,-0.07922187,-0.07977408,-0.026033817
-0.017007027,-0.036334746,-0.08495038,-0.04231257,0.03554203
0.006538917,-0.032104686,-0.0047894227,0.06401291,0.026609296
0.06489055,0.06723531,0.196502,0.05994617,-0.06851616
-0.033050224,-0.056272466,-0.14149708,0.07257255,0.12390066
0.03220129,-0.0377987,0.03228863,0.10815696,0.08233904
0.036550254,0.053038813,0.089458585,0.04546126,0.011735252
0.02594314,0.04576765,0.07727531,0.019598952,-0.09801524
0.0037380506,0.02522911,-0.047308125,-0.08186442,-0.049021475
-0.0046984567,-0.04398852,-0.017601846,-0.08330549,-0.017679257
-0.06497698,-0.0346343,-0.05430881,-0.00826502,-0.029302662
0.026541911,0.00015838817,-0.048445214,-0.06306379,-0.010991006
-0.053664926,-0.06383688,-0.034696437,-0.05428432,-0.011816697
0.029648071,-0.01797914,0.015480148,-0.060655985,-0.013582329
-0.0833474,-0.13302423,0.051505633,0.0984511,-0.06375795
-0.1211512,-0.081243,0.04445206,-0.025732517,-0.15944944
-0.13653499,-0.08432637,-0.09077915,-0.10510951,-0.09376842
-0.22222248,-0.17723055,-0.11134765,-0.1564645,-0.11205798
-0.22672921,-0.15224533,-0.09855569,-0.13162917,-0.04970519
-0.042983826,0.0036409125,0.10087459,0.20797856,0.029736578
-0.14095661,-0.018026307,0.12692177,0.11878764,-0.07552175
-0.0658838,-0.032179065,0.008762073,-0.0046590837,-0.04479649
-0.05679014,0.0076997825,-0.051769152,-0.045006134,0.03933654
0.11442623,0.031436913,-0.037465893,0.00020954538,0.012851166
-0.06746014,-0.06462067,-0.07370713,0.052779533,-0.032755904
-0.08453053,0.016061548,-0.000117822245,-0.0198143,-0.10223056
-0.011327799,0.04771559,-0.020449625,-0.03287331,-0.046634756
-0.07541737,0.049549866,-0.040438432,-0.008948135,0.010138091
-0.015551295,-0.010291101,-0.05697115,-0.028094234,-0.031448778
-0.053526536,-0.07447787,-0.09667449,-0.0043203738,-0.075295545
-0.007909278,-0.045259986,-0.03082227,-0.09280111,-0.050248843
-0.032106575,-0.066756815,-0.03303625,-0.043657083,-0.11423939
-0.033891384,-0.044745073,-0.07813992,-0.09209355,-0.009337187
-0.12513198,-0.04134405,-0.122673616,-0.065975174,-0.016048815
-0.07403214,0.09548147,0.24916714,0.03017236,-0.08119178
0.013743615,-0.022530783,0.079071105,-0.047969412,-0.021929454
-0.041727073,-0.060354535,0.017049275,-0.086497486,-0.036585122
-0.063574225,-0.11787924,-0.13188232,0.039328855,-0.0024615778
-0.09769389,-0.054812267,-0.0011684055,0.10324594,0.013093441
-0.06624901,-0.14856032,-0.05116323,-0.036078542,-0.13441658
-0.06914756,-0.009273874,0.037855633,0.0111301085,-0.13960716
-0.038757797,0.0916774,0.11434542,-0.05818687,-0.10989075
-0.059417896,0.04398259,-0.025101736,-0.0908553,-0.079206586
0.023317916,-0.0049852678,-0.029661516,-0.10353748,-0.032684695
-0.083248265,-0.0464903,0.02249589,-0.017371275,-0.1627467
-0.0051063,0.012466264,0.1548455,-0.045037806,-0.051162794
0.015873522,0.015667226,0.057472933,-0.009030589,0.027551398
0.0732244,0.0023439415,0.009904503,-0.011585461,0.07451929
0.026969392,-0.015021341,-0.026231922,0.108631484,-0.014423334
