-0.006285933,-0.024034793,-0.014962333,0.0012232655,-0.032261185
0.0018389531,-0.02473828,0.033459023,0.037845485,-0.01103927
-0.021573143,-0.0074008573,-0.037433803,-0.045109637,-0.008296805
-0.015923891,0.0013406666,0.014475139,-0.01831541,-0.019512452
0.014142518,0.012210718,-0.0012203754,0.0397248,-0.03755479
0.03796928,0.013283672,0.019770011,-0.030946957,0.030435795
-0.004097003,-0.0028136706,-0.0125340875,-0.03493017,0.01162497
-0.042621028,-0.009656247,-0.016063184,-0.024782985,0.0407201
0.031805404,-0.010471472,0.024399528,-0.027236804,0.023372138
0.011925515,-0.01087313,-0.0036896535,-0.04776591,-0.03256273
-0.00086571457,0.008389224,-0.03804437,-0.030189604,-0.022119587
-0.0026386285,-0.031545475,0.03652893,-0.032166325,-0.021197883
0.03586123,-0.028145062,-0.014145176,-0.035448547,0.002457921
-0.03487771,-0.019800782,-0.011199628,0.041407116,0.025450898
-0.0030634587,0.0018201487,0.031040363,0.0056732474,0.004579901
0.031824116,0.013713075,-0.03513721,0.0054175938,0.035901695
-0.006617212,-0.02222487,-0.031934954,-0.022266064,-0.01538329
0.0059171547,-0.0031794882,0.034498293,0.03601557,-0.036650296
0.031428173,-0.028024917,-0.029493736,-0.01869653,-0.020734282
0.02412195,0.0021152268,0.026159251,0.040930286,0.021134647
0.029671647,-0.055291425,-0.012432987,-0.03308876,0.034543816
0.034201525,-0.020604182,0.01742519,0.021659909,-0.00062950957
-0.040987607,-0.028901013,-0.004177334,0.031798102,-0.027537001
0.008585646,0.0022921744,0.043422505,0.046712402,0.016814038
-0.040213514,-0.050497748,-0.057781614,-0.034687497,-0.0073350426
0.028725933,0.018333875,-0.031909876,-0.037510037,0.020908214
-0.012198943,0.008616984,0.0025476753,-0.039990965,-0.030649394
-0.037599985,0.008471105,0.0017131239,0.012419157,0.016245978
0.027764136,0.019800032,-0.04685595,-0.029790826,0.026196646
-0.009400014,-0.046335455,0.012798976,0.014237159,-0.020967018
0.02330936,-0.04211303,0.008633665,-0.025389465,-0.0050180233
-0.032590624,0.034229532,0.045796227,-0.029948032,-0.0015233115
-0.037532847,-0.03824667,0.017433882,0.0021219144,-0.030230753
0.00024577236,0.004048956,0.044337627,0.013034417,0.05228792
-0.041734785,-0.0049487846,0.036589913,0.029991264,0.039637063
-0.0068730153,-0.049663242,-0.001177467,-0.0019727193,-0.008925398
0.013514791,0.027273158,-0.0024458172,0.015272295,0.014125366
-0.01304697,-0.040160112,-0.0010301317,0.028252967,-0.013756989
-0.052094355,-0.0003420534,-0.017726589,0.023888465,-0.046178486
-0.04136464,0.03787112,0.0139740575,-0.022446023,-0.007632072
0.022854509,-0.0051033394,-0.011328583,-0.006028824,0.035553034
0.037767045,-0.0447833,0.027849946,0.041868985,-0.0022785862
0.021479065,0.004085864,0.021127107,0.045373086,0.05801278
-0.006695127,0.008464814,0.013907127,0.04808147,0.06159195
-0.017723816,-0.016652348,0.039553728,-0.051223222,-0.039950825
0.026526071,-0.002570435,0.04503714,0.02734295,-0.021911219
0.034273475,-0.033421542,0.016737659,-0.03087543,-0.00011170335
-0.0040505757,0.00013782582,-0.038369715,0.00903034,0.0006178978
0.006084504,0.03356463,-0.01124176,0.02430284,-0.0074325064
-0.02536822,0.013595056,0.023553258,0.030859383,-0.0005669354
-0.022387393,-0.043926124,-0.049262736,-0.046212554,0.04220495
0.010947888,0.0058363113,0.024707174,-0.027846856,0.0041483697
0.01620532,-0.005041987,-0.029263739,-0.042747088,-0.023829015
0.012255965,0.0291893,-0.044344682,0.03883864,0.0020299084
0.022914853,-0.036991607,0.01555776,0.030801766,0.023416635
0.0140803065,0.027039101,-0.019945767,0.02265674,-0.009964013
-0.015330051,-0.004512076,-0.023946391,-0.00022527477,-0.05581002
-0.046304163,-0.015339644,-0.019146996,-0.025024239,-0.027597768
0.021172505,-0.039357156,-0.01997845,0.038828593,0.012813383
-0.040178772,-0.052052137,-0.06336816,-0.05014101,-0.040467363
0.02755252,0.020279193,0.03565272,0.0016154305,-0.03186356
0.034678854,-0.012022764,-0.020592934,0.013441245,0.043125745
-0.008225874,-0.0053045335,0.011229711,-0.024491245,-0.011701544
-0.046399157,0.026418362,-0.034374945,0.034718864,-0.007771853
-0.012742516,0.028817583,0.013645643,-0.0326589,-0.057903107
0.012826574,0.00067943626,-0.03382149,0.051795784,0.010721608
0.028376067,-0.009142155,0.01403838,0.02594512,-0.0012785177
0.009121913,-0.037005465,-0.026577502,-0.022888927,-0.056969542
0.026189653,0.036316227,-0.002671015,-0.016950477,-0.00838545
0.014070451,0.009246409,0.046047334,0.0059148944,0.013866838
-0.018187894,-0.024229962,-0.009402616,-0.019358162,0.011631896
-0.035338186,0.002365232,0.0188718,-0.0066678193,-0.017695496
-0.011987357,-0.056513414,-0.015354291,-0.030409673,-0.03421334
0.034246422,0.00010503339,0.017309956,-0.04569299,-0.0003866155
0.015542937,0.04283075,0.03191503,-0.01609467,-0.0056579113
-0.043443907,-0.028479068,-0.04305643,-0.0070099058,0.024639089
0.023576196,-0.009151882,0.02350946,-0.0054611433,0.048569836
-0.019155381,0.014970679,-0.009340817,-0.019684765,-0.00916098
0.03732598,-0.03448139,-0.026917093,-0.003572303,0.032932572
0.019578228,0.028223276,-0.025975214,-0.0022041628,-0.02926312
-0.014289173,-0.04352802,0.020780016,-0.031600326,-0.011325494
-0.018076375,-0.013134733,0.0033376901,0.026991606,0.038092867
-0.011188501,0.0038543353,0.016842216,0.0030329172,0.025972622
-0.022182597,-0.03627978,-0.045067456,-0.029348725,-0.03993882
0.008816593,-0.037988298,0.003931372,0.021468215,0.026577706
0.005795812,-0.006276242,-0.031239988,-0.029941136,-0.053350534
-0.043489788,-0.05850598,-0.031699013,-0.02107719,-0.022347389
0.003081535,-0.04469226,0.049645316,0.0065173805,-0.003013253
-0.016280605,-0.03208183,-0.019647224,-0.0041025677,0.048912663
-0.020940254,0.019103523,-0.031512115,-0.047518633,0.03772697
-0.039066255,-0.012930051,0.0013534902,0.013738776,0.030618174
0.02643913,0.017755711,-0.048784256,0.037314974,-0.03162024
-0.014981696,-0.027837958,-0.009091379,0.020055126,0.0003721008
-0.0365494,0.03023586,-0.019850926,0.0009899241,0.03644113
-0.0231537,-0.0058398936,0.004743711,0.01905666,0.009979403
-0.03189752,0.022022074,-0.02090089,0.0019692495,-0.033952285
-0.030227447,0.035467774,0.03165079,-0.016087605,0.0014412663
-0.011239801,-0.023223866,0.018153116,0.04148036,0.04027661
-0.021712514,-0.037191432,0.032642897,0.0021169668,0.026907267
0.03812588,-0.029601654,-0.0009092185,0.031422988,0.013987427
