0.10535501,0.023572573,-0.037181847,-0.11275736,-0.007182712
0.06409463,-0.010420043,-0.12847134,-0.17282519,-0.14409213
0.07898001,-0.09011256,-0.13545293,-0.18298315,0.03085644
0.0481446,0.0036859398,-0.03806821,-0.02271101,0.00046805164
0.045279313,0.0599995,-0.071760364,-0.031876136,0.0400928
0.028887095,-0.04009927,-0.020121602,-0.0413963,-0.11362731
-0.052191872,-0.0109516755,-0.08951978,0.06838988,0.20901608
-0.034786392,-0.06412133,0.0057307864,0.24143422,0.101329915
-0.009763402,-0.055877615,0.035180643,0.061152883,0.009552393
-0.06298852,-0.097873844,0.00319072,0.041995812,0.019036844
0.0029900353,0.016020894,-0.08481301,-0.016002167,0.021025922
0.03632062,-0.014731649,0.13448784,0.0099656675,-0.10481976
0.09853917,0.049352337,0.09668327,0.052906208,0.09752424
0.006974297,-0.0546694,0.0125076715,0.19185194,-0.045391753
-0.07824019,-0.040775757,-0.005762984,-0.02108544,0.0105177015
-0.028699875,-0.033930745,-0.011494735,0.006632439,0.053980593
0.021845927,-0.07488502,0.021130208,0.04008786,0.040071186
0.014761016,0.057010733,0.020170445,-0.062497836,0.038857117
-0.0031523,0.029747663,-0.03645567,0.068811566,-0.010055045
0.021710932,0.027151005,-0.019629711,-0.071768954,-0.0011172825
-0.017195115,-0.06724367,0.05077951,-0.14325869,0.054538317
-0.020494329,-0.066218406,-0.111025326,-0.093946055,-0.060254086
0.015231306,-0.09228039,-0.31408498,-0.19768529,-0.07792325
0.0841331,-0.086944066,-0.07758281,0.08937278,-0.013841117
0.030428205,-0.054891244,0.016750624,0.10622032,0.08532378
0.0386326,-0.009885424,-0.017608598,-0.072221935,-0.07465834
0.017311506,-0.018823713,-0.03536974,-0.062206767,-0.025417943
-0.007189293,-0.12923707,-0.045404296,-0.10088668,0.01473574
-0.004899411,-0.11123265,-0.11657122,-0.06879092,0.010388522
-0.05363977,0.016028767,0.03623071,0.10018694,0.10242926
-0.06141205,-0.050104484,-0.13394752,-0.009890635,0.07670563
-0.050924134,-0.057414077,0.12689172,0.17110452,-0.07228198
0.07809957,-0.013783451,0.074350655,-0.05240022,-0.0040121316
0.036293816,-0.0847836,-0.12541528,0.07312418,0.002410474
-0.09865677,-0.05708747,-0.06008345,-0.06306652,-0.016645415
-0.015477064,-0.05050177,0.028067872,-0.025811486,-0.009352113
-0.08058798,-0.036269084,-0.08981263,-0.073955104,-0.062392887
-0.08598877,-0.09979797,-0.089202926,-0.100022435,0.039510775
-0.053969428,-0.11518473,-0.07624723,0.05431992,0.011352454
-0.08176005,0.03966249,0.08050953,0.088222966,-0.07602981
-0.03828068,0.0435896,0.05024178,-0.021836681,-0.15270054
-0.028307023,-0.032515302,0.0036333387,-0.031269517,-0.030583654
-0.06223766,-0.09982575,-0.21844989,-0.13975911,-0.06941076
-0.11775374,-0.14573754,-0.13353786,-0.093741514,0.0075645964
-0.07583557,-0.046753112,-0.05855811,-0.035257723,-0.048696335
0.015698295,-0.0465352,-0.057213467,0.009688488,-0.07407864
0.00807543,-0.11655915,-0.082095556,-0.08531865,-0.06534963
-0.07870886,-0.02074531,0.0041762143,-0.15873137,-0.0028368258
-0.04018677,0.07889371,-0.025934072,-0.07854531,-0.024879528
0.0040942174,0.035250206,-0.061191577,-0.009154226,-0.042296156
0.025174087,-0.10266616,-0.10697285,-0.07525749,0.05904127
-0.017665574,-0.12282946,0.13536002,0.31578633,0.08263007
0.066562384,0.09227195,0.075680435,-0.022970406,-0.12432581
0.093498394,-0.13417205,-0.24996436,-0.018115737,0.04863011
-0.13534151,-0.19618495,0.0014653892,0.07638489,-0.028312672
0.092303485,0.091940805,0.046124857,-0.07151987,-0.20653917
0.14096555,0.10349443,-0.011353178,-0.16618982,-0.19120666
0.019742202,-0.11862254,-0.19166264,-0.15559906,-0.23194496
-0.028731791,-0.22566572,-0.24537902,-0.09696107,-0.062154863
-0.10129526,-0.09352669,-0.11170084,-0.027136857,-0.048363056
-0.021025104,-0.03830598,0.026279222,0.059173577,-0.11703803
0.007369829,-0.03363052,0.047573462,-0.032759536,-0.0056650057
-0.013749945,-0.0068176514,-0.049283225,0.05003551,0.19749711
-0.039362792,-0.053904846,-0.02558074,0.14665158,0.019961882
-0.010822288,-0.08860475,-0.06622624,0.011686074,0.05351379
-0.021827966,-0.043910008,-0.08751236,0.044295717,0.14835298
-0.057801917,-0.06538454,-0.22285123,-0.2121847,0.016910212
-0.13949428,-0.2194848,-0.24753812,-0.10968543,0.15707663
-0.08125332,-0.057975702,0.047617823,0.07059324,0.10861978
0.028964825,0.12085457,0.13185664,-0.009370909,-0.057314757
0.06037684,-0.05564372,-0.13446794,-0.16131382,-0.06903176
0.03764859,-0.028748048,-0.039041802,0.038643006,0.0026916927
0.023308117,-0.009230396,0.15003474,0.15727091,0.022668725
-0.030922923,0.08520135,0.093814574,0.033909585,0.018565366
0.06271711,0.031533383,-0.15308326,-0.0793811,-0.028994847
0.005091014,-0.051123265,0.0059985537,-0.043347478,-0.1348005
0.048577227,0.022904575,-0.051446926,0.015373754,-0.058806203
0.018569713,-0.07943059,-0.011732169,0.02998106,0.011572003
-0.02139408,-0.01641027,0.054286122,-0.036960788,0.13047226
-0.06369461,-0.10605255,-0.08384526,0.0028986414,0.057324525
0.010043857,0.027190275,-0.019956907,0.0012665507,0.019887522
-0.021735692,-0.06686797,-0.12784699,-0.118351705,0.06888047
-0.10619686,-0.08757775,-0.18145986,-0.0016421902,0.14647657
-0.06348427,-0.14943627,-0.106512524,-0.042931415,0.021260798
0.04773052,0.047234267,0.048288442,-0.011265596,-0.031779654
-0.069466695,-0.14297973,-0.21232544,-0.15787241,-0.06790729
0.014742757,-0.15075037,-0.092045516,0.046652824,-0.11685074
-0.08536794,0.13410226,0.20989667,-0.027100844,-0.1541669
0.11163007,0.24885018,0.09934274,-0.16057067,-0.16621819
-0.07124417,0.039537735,-0.21975067,-0.24775414,-0.1758481
-0.012534291,-0.008313682,0.045114897,-0.08745674,-0.17963657
0.07765006,-0.015562401,-0.005772866,-0.0983381,0.013284314
-0.025515467,-0.16746356,-0.12762624,-0.021162823,0.11811348
-0.15973069,-0.20882916,-0.095892206,-0.049131293,0.08997211
-0.09423634,-0.13764401,-0.078148976,0.084595576,0.06711587
0.08586434,-0.036416005,-0.030479481,-0.09698959,0.006713134
-0.029345347,-0.08211957,-0.017934604,0.25431985,0.042701103
-0.02129326,-0.07578975,0.20128633,0.13407658,0.0025341348
0.027788127,0.017777206,0.08247172,0.06360895,0.16883077
-0.06434628,-0.019879043,-0.069317356,0.11229709,-0.048629746
