0.07044724,0.018446261,0.054614887,-0.10700629,-0.08289378
-0.04342096,-0.06782157,-0.07558008,-0.11859075,-0.020691091
0.06941281,0.054672085,0.019218827,-0.056490734,0.0037397784
-0.008091025,0.053022705,0.01519141,-0.010234356,-0.06475
0.074396364,0.096435696,0.04411335,-0.109004386,-0.10835588
-0.047503516,-0.03200458,-0.052251875,-0.07689947,0.0048029963
-0.07446028,-0.038162556,-0.0643868,0.12060791,0.044127733
-0.05266505,-0.051398907,0.07356508,0.15111801,-0.016031494
-0.019750047,-0.030853327,-0.0056581455,-0.10549828,-0.07276898
-0.03896151,-0.05752986,-0.081585266,-0.07328829,-0.05863576
0.051809758,-0.0062697157,0.107279375,0.13739476,-0.013357028
0.07326749,-0.0084605105,-0.025308777,-0.05374602,-0.041525554
-0.08004041,-0.06308242,-0.009937147,0.07311208,-0.05313985
-0.044126038,-0.10068089,0.022796756,0.01376434,-0.0368516
-0.0043453793,-0.020353742,-0.0017682487,-0.012948914,0.010869689
-0.009970906,0.011934877,-0.04227545,0.0680758,-0.019541366
0.018527757,-0.0042550173,-0.02812048,0.041519504,0.0043499754
0.0013026505,0.029716233,-0.04427022,-0.04172151,0.03381938
0.02578196,-0.04767693,0.0030217178,0.04384886,0.02686988
0.029120449,0.005343815,-0.05944294,-0.07279141,-0.05214122
-0.018272055,-0.0021891608,0.07941,0.13938785,0.08462617
-0.09854345,-0.08627613,-0.05520697,-0.1004571,-0.12682208
0.094014734,0.08858719,0.109894834,-0.12672378,-0.12073687
0.009249003,-0.030735116,-0.059995987,-0.10764833,0.021661503
-0.05108447,-0.12664627,-0.124169424,-0.05654492,-0.10439013
-0.0828906,-0.058033578,-0.055639934,-0.045911163,0.0071382015
-0.033053853,-0.09964854,0.05183364,0.12064032,0.08744538
-0.11504984,-0.04388866,0.14373629,-0.0062178397,-0.085559346
0.04032368,-0.022794975,-0.11631877,-0.10304064,-0.038788676
0.039104715,-0.018785814,-0.0194034,0.02893198,-0.013330877
0.011280711,0.011976077,0.10453686,0.19423233,0.11854117
0.00093741063,0.01806095,0.030522732,-0.08132936,0.020378174
-0.07380484,-0.06441092,-0.028514313,0.024564838,-0.03535453
-0.051907003,-0.015622714,0.015236949,0.018116927,-0.06740768
-0.08576166,-0.088400446,-0.10952234,0.008678247,-0.06681185
-0.040771637,-0.0826562,-0.041568276,-0.035715494,-0.08178745
0.015758174,0.033201613,0.028666906,-0.030208824,0.06057015
0.016006233,0.07342739,0.10024677,-0.0869154,-0.06351532
0.03798064,-0.016194668,-0.111540124,-0.036490977,-0.07997234
-0.002428166,-0.05069091,-0.055384878,-0.0123790605,0.07043927
-0.06450994,-0.03525011,-0.07289774,-0.07083121,-0.035144966
-0.067560844,-0.11013093,-0.04900968,-0.0222803,0.029178036
0.0054451837,0.047416084,0.14216118,0.07944908,0.069480926
-0.023362547,-0.049862754,-0.05708616,-0.11662453,-0.15343902
0.10217028,-0.043617453,-0.087578475,0.016643656,-0.00508464
-0.0723812,-0.05002192,-0.0046096537,-0.039140984,-0.045178596
-0.03986945,0.04001871,0.022610271,-0.0031685403,0.052467115
-0.031737644,0.0074596563,0.04508947,0.029466633,0.03086365
-0.03454874,-0.066950954,-0.084490746,0.005388847,0.037744418
-0.01931101,-0.06933243,0.06650441,0.07193972,0.002293968
0.003322927,-0.03055367,0.12587067,0.41569042,0.14616686
0.004105095,0.0026488001,0.1328583,0.10685783,-0.013576724
-0.19615385,-0.14682838,-0.07530955,-0.13808721,-0.14411637
0.011749054,0.03664706,-0.050194647,0.0014276358,-0.12617671
-0.025687339,-0.08783155,-0.115050994,-0.078518495,-0.016752258
-0.0120174335,0.037974514,0.01483083,-0.073670454,-0.094884716
-0.061692823,-0.10744746,-0.07418601,-0.09015641,-0.01423725
0.017465016,0.012191549,0.112473235,0.05459557,-0.04806575
-0.024864571,-0.0123924995,0.040472094,-0.084150925,-0.16146457
0.11219755,0.07460871,-0.043019615,-0.019443024,0.037079114
0.06474035,0.017592743,-0.017967269,-0.019588683,-0.037775412
-0.030496087,-0.0037471682,-0.043690782,-0.047352765,0.08474855
0.07077069,-0.020163858,0.074866354,0.05788584,0.07553898
-0.050141096,-0.077776976,0.047831755,0.048896503,-0.001982615
-0.04169986,0.0805663,-0.052106775,-0.10379844,-0.06390302
-0.025679674,-0.013910096,0.014495742,-0.26572654,-0.15488167
0.0074046887,-0.0046984158,-0.008206779,-0.14270647,0.009510659
-0.03318099,-0.0025700824,-0.044883903,0.0010037587,0.016848017
-0.0034654052,0.003881651,-0.015807012,-0.052403513,-0.07227385
-0.06165591,0.069871165,-0.114894666,-0.10443328,-0.05987483
0.03149627,-0.08720902,-0.03289542,-0.08573215,0.026361523
-0.0053208815,0.04468658,-0.008334347,0.02282578,-0.065521255
0.0023708611,0.033759166,0.012010085,-0.042861372,-0.00910184
-0.11917853,0.032788184,-0.13570152,-0.027680436,0.041989293
0.0071781892,0.081264816,-0.042003717,0.014880059,-0.034028742
-0.017516142,-0.060835823,-0.05054808,-0.06677159,0.006435752
0.008341172,0.018823586,-0.03573032,-0.009826464,-0.068460174
0.012278303,0.074756145,0.09013943,0.1005237,0.07928648
-0.04841366,-0.062703386,-0.031514127,-0.035736773,-0.040503133
0.046752255,-0.039398555,-0.090256445,-0.033661444,-0.042156722
-0.0102666635,-0.0800276,-0.082219526,-0.10569032,-0.04789967
0.038881473,-0.039973464,-0.012110861,-0.042770892,0.16165644
0.055014037,0.06704287,0.06193573,-0.071813524,0.0019516019
0.058471862,0.019876868,-0.03435368,-0.10377951,-0.11804273
-0.067178115,-0.059352793,-0.044908423,-0.10547553,0.03118486
-0.06612953,-0.08723324,-0.07116972,0.10903382,-0.020427074
0.06363423,0.056867376,0.0077971555,-0.07396904,-0.0979402
0.03522801,0.011409467,-0.053163476,-0.13613883,0.04284357
-0.007966696,-0.0797541,-0.114634275,0.116049565,0.076520726
-0.01284117,-0.026345462,0.016759124,0.15412058,-0.030291978
0.007899371,-0.011407274,-0.051390015,-0.10019022,-0.042985853
-0.031388678,-0.06373518,-0.08869812,0.111496694,0.07445685
-0.048532546,-0.065109074,0.17434095,0.17275399,-0.027631322
-0.00011505302,-0.083891906,-0.05827701,-0.2124685,-0.14723733
0.0044184374,-0.036846682,-0.10018715,-0.04714976,-0.054219138
-0.023637755,-0.048786156,-0.05204676,0.04307511,0.055073347
-0.018359242,-0.010932304,0.022670006,0.23412023,-0.056919664
-0.11479962,-0.0043865982,0.06758244,-0.0049842065,0.027031666
-0.10186959,-0.060104623,-0.12667729,-0.0018370076,-0.016451383
0.02832907,-0.003029592,-0.01830967,0.06036571,-0.009572456
