-0.021804124,-0.0051108706,0.02905165,0.028325206,-0.064238355
0.014211054,-0.024906402,0.0813675,0.06233699,-0.05632184
-0.044355627,-0.015904833,0.07298972,-0.0035291142,-0.055271104
-0.015983947,-0.0599556,0.03351432,-0.054783706,-0.010151476
-0.044300247,-0.04521863,-0.03658514,-0.064503044,0.00821087
-0.018593952,0.0038271633,-0.023132328,0.031830568,0.031949278
-0.0032831747,-0.022074116,0.012781681,0.011243148,0.03918871
0.014641183,0.053904723,-0.013596009,-0.004346265,-0.03259885
-0.008812215,0.084890984,-0.01793017,-0.059780143,-0.03747378
-0.0050579812,0.0042999703,-0.058117755,-0.02272092,0.000715376
-0.0035162403,-0.048940424,-0.039226625,0.024872728,-0.04155159
0.019543665,0.020565214,0.0129433535,-0.040101122,0.017703066
0.01007857,-0.016990678,-0.01646906,0.06789508,0.018068727
-0.023850534,-0.020640459,0.0076448545,0.077895395,-0.03227608
-0.019749954,-0.06005956,-0.019564265,0.033959825,0.008435605
-0.011140279,0.032041162,0.022694297,-0.00757659,0.010156555
-0.01792981,0.014250571,0.0018526218,-0.02670298,-0.017506711
-0.005649485,-0.017181253,0.01650843,0.009411138,0.00072676607
0.023048297,-0.004944991,0.022753153,-0.04643035,0.031887967
-0.040895373,0.052080035,0.027249832,-0.054877825,0.020127343
-0.10506652,0.005877765,0.030738728,-0.025252823,-0.07444776
-0.096729085,-0.11717251,-0.014929523,0.002186141,-0.049334258
-0.033699766,-0.083083086,-0.010597895,0.026374467,-0.0550523
0.019942166,0.0029381223,0.0008398139,0.05130133,0.058014937
0.038778774,-0.047876623,0.0059879962,0.091575205,0.043629523
-0.05428293,-0.030629072,-0.002074795,-0.08118064,-0.07768369
0.020664798,-0.045605004,-0.033126622,-0.072154686,-0.02141835
0.0021525691,-0.04399707,-0.010749664,-0.06127647,-0.0361286
-0.0116759855,-0.04420242,-0.00561714,0.0028698398,-0.042188175
-0.015410026,-0.010316349,-0.035224207,-0.025022965,-0.039860643
0.036688324,-0.050672233,-0.04774392,-0.06876588,0.011256449
0.0080851,-0.040932283,-0.010308843,-0.003163215,0.029026197
-0.060911242,-0.012676353,-0.052084222,0.011728691,0.017565904
0.0069027543,0.010140259,0.013758622,0.065028705,0.04349184
0.017725205,-0.059912913,0.0020049512,0.04336826,0.013817488
-0.06404246,-0.04814046,0.009846091,-0.06252245,0.010610189
0.020117426,-0.05704228,-0.07771582,0.01994788,-0.04775661
0.041535266,-0.016892225,0.011083927,-0.05474667,-0.01636894
-0.02675957,0.007985963,0.009241406,-0.04664469,-0.028678209
0.028868293,-0.042760573,-0.0039303806,-0.046378203,0.013492942
-0.003404014,-0.05359013,0.024981724,0.0027703142,0.038490344
-0.021565516,-0.033299677,-0.05429854,0.010780776,0.009314399
0.06402206,0.026472343,-0.0121420855,-0.011276093,0.016430724
-0.0039863153,-0.0058746524,-0.043352798,-0.02229516,-0.013487181
0.015069691,-0.0041686445,-0.033272494,-0.0063738003,-0.02398623
0.012738143,-0.0028642062,0.014466945,0.0017470595,0.03444638
0.049122483,-0.0167426,0.006060764,-0.034760118,0.033587255
0.04580247,-0.02104856,0.009707393,0.029711677,0.03410116
0.06953934,0.034896478,-0.0028226336,0.007293487,0.03806945
0.042175777,0.01516404,0.034031272,-0.010692801,0.002557169
0.058114193,0.037503406,-0.011837529,-0.049589373,-0.085114665
-0.030592613,-0.02402248,-0.032550074,-0.046285436,2.761075e-05
-0.073109545,-0.023382701,0.017880015,-0.0034149128,0.043051086
-0.033574432,-0.03665073,-0.0806015,-0.02154788,0.090795055
-0.06534041,-0.067030795,-0.024785446,-0.017905388,0.084364
-0.020469595,-0.03459148,-0.069896884,0.017713632,-0.049978726
-0.017205548,-0.005069457,-0.04337453,-0.07254273,-0.03605926
-0.013554453,-0.036024064,-0.06622542,-0.023534598,-0.04727304
0.0014202895,-0.070218496,-0.057248823,-0.016369043,-0.06543377
0.04481923,-0.05526019,-0.11640573,-0.116218425,-0.04252635
-0.0028951499,-0.0042193555,-0.015381378,0.025161467,0.04316848
0.0437629,-0.019786844,0.022094516,-0.013857144,0.000104541265
-0.027930649,0.026743874,0.007223673,0.0022189782,-0.040660966
0.009142721,0.09558858,-0.00054662797,-0.026548734,-0.035952594
-0.01018876,0.06336822,0.09627767,-0.046030164,-0.0012434351
0.03548449,-0.015662292,0.030356117,-0.04293506,-0.029873861
0.03684788,0.020622607,0.023632668,-0.05504563,-0.042114705
0.02521215,0.030797457,0.089673765,-0.012006446,-0.010921076
-0.03194244,0.07876189,0.062176764,-0.06656082,-0.011242949
-0.053862505,0.054925796,0.06549091,-0.03647604,0.050370514
-0.020363312,0.009389412,0.0094153425,-0.018455222,-0.05314562
-0.0069548963,-0.027627932,0.0036003778,0.022295076,-0.006243353
-0.039544184,-0.06017972,0.055131532,0.018293988,-0.0020323698
-0.049665082,-0.01538283,0.04096697,-0.049478985,0.0742318
-0.028828228,0.0031051964,-0.062491808,-0.01613257,0.073592305
-0.06577927,-0.029530257,-0.05292252,0.0028780242,-0.031495392
-0.05137283,-0.0071735615,0.004013691,-0.02210091,0.013169098
0.008401562,-0.073679276,0.008828461,-0.046783295,0.021728395
-0.01978485,0.001506144,0.025266295,-0.04848422,0.012537765
-0.0049289954,-0.046390433,-0.03472992,0.01945121,0.014725041
0.017881513,-0.041983902,0.02760404,-0.055043712,-0.031652287
-0.07598079,-0.020123748,0.0075268066,0.014219957,-0.022472978
-0.036379613,0.03200721,-0.0027873993,-0.04711548,-0.024047678
-0.048728146,-0.028152572,0.020605072,0.024734324,0.029559862
-0.0012327143,0.015080342,0.06637225,0.01931149,-0.0336613
0.086648904,0.028820125,-0.09056509,-0.09014881,-0.020828104
0.025498189,0.048910134,-0.06693987,-0.023524962,0.04664875
-0.035300322,0.09076465,-0.0017615733,-0.046895012,0.12118355
-0.15700926,0.087443136,-0.010019221,-0.086080216,0.016965846
-0.09884684,0.1439042,0.030672124,-0.0567889,0.0019184147
-0.05389814,-0.023529481,-0.0047301715,-0.044199277,-0.029268093
-0.047872316,-0.06230978,-0.0294728,-0.080459595,0.004997352
-0.00533139,0.020218914,-0.0840155,-0.075132556,-0.01560162
0.041044388,-0.024896394,-0.041948844,-0.086304225,-0.04073474
-0.027592653,-0.040881924,-0.011444107,-0.06451013,-0.029023308
0.030956198,-0.008886903,-0.0068834377,-0.09324963,-0.009493574
0.0051964093,-0.015657727,-0.022287814,-0.0056787557,0.0041461596
0.04407039,-0.009007,-0.023471583,0.00045366693,0.0029126636
-0.010207059,-0.03163055,-0.009929573,-0.019279687,0.08162435
-0.085677736,-0.01329796,-0.09650875,0.0077602626,0.03482374
