6.862171e-05,-0.010924903,0.069086716,-0.007325942,0.050979335
-0.037938096,-0.046742227,0.05092041,-0.089138865,0.022026112
-0.025262501,-0.02724983,-0.027913492,-0.09469322,0.056802962
-0.022984128,-0.052691735,-0.07071464,-0.13432527,-0.0024469728
0.0029915662,-0.054900058,-0.09991048,-0.12436067,-0.040894613
0.053596217,-0.0004153103,-0.10152152,-0.02913005,-0.09775289
0.09840673,0.031070575,-0.09291476,0.004799858,-0.10074648
0.011424739,-0.018202929,-0.07395691,0.040582802,0.019990668
-0.05420668,-0.036122892,0.0960569,0.11706954,-0.11161635
-0.14345644,-0.09899884,0.051617965,-0.040283818,-0.13732895
-0.034698404,0.027564766,0.026762653,0.04012779,-0.03673289
0.0015848934,-0.006554866,0.016475124,0.008776269,0.008307872
-0.077132806,-0.071548946,0.07695107,-0.09970562,-0.07959812
-0.09468318,-0.07460883,-0.0025108324,-0.088084765,-0.099886596
-0.07877576,-0.0023649803,0.0063259187,0.02751925,0.017353736
0.015773363,-0.0044997684,0.06210489,-0.016406279,0.010896083
-0.019877471,0.0068659503,0.027817382,0.0026246854,0.0038062562
-0.08533954,0.020442512,0.034108814,0.024713708,-0.03199912
-0.05277101,-0.0073453407,0.04245548,-0.015284883,-0.030871492
-0.0525786,-0.03005392,-0.037786495,0.032588318,-0.051010802
-0.06603633,-0.035481356,-0.21673085,-0.009956527,0.09206983
-0.13768311,-0.32905808,-0.3107484,-0.1637,0.024191294
-0.09044634,-0.04083027,-0.12396216,-0.1819936,-0.17348725
0.032313943,0.10321859,0.08318306,-0.08525272,-0.2138784
0.020059824,0.16873178,0.11529819,0.12138857,0.025476191
0.03476897,-0.02954013,-0.08802084,-0.11057664,-0.06344571
-0.022314321,0.00015356278,-0.084503554,0.029618096,0.0051904726
-0.014805868,-0.014717198,0.04860615,0.0882603,0.024427233
-0.028109297,0.00050424977,0.25934142,0.3429555,0.07470247
-0.034185577,-0.04146404,-0.051836543,-0.045270406,-0.10488725
-0.08378818,-0.021572717,0.035907548,0.044601284,0.002476436
-0.019045686,-0.015217882,-0.024343565,0.04760779,0.04077544
-0.10398133,-0.045145415,0.055509817,0.013298892,-0.025080971
-0.05176899,-0.13807416,-0.047620405,-0.06606837,-0.10878731
0.043099947,0.03419038,0.051362403,0.16052768,0.06942279
0.03784464,0.0014026875,-0.051579375,-0.049600337,-0.045521438
0.061028708,0.036576256,-0.10286192,-0.017774805,0.056935232
-0.040592927,0.075491354,0.16599558,0.0031006802,-0.025337834
-0.027836615,0.011760967,0.120941855,-0.014880906,-0.082813665
-0.035674322,-0.111300744,-0.016768085,-0.09441486,-0.13608678
-0.01502228,0.0059616915,-0.018588763,0.020520264,-0.038061246
0.0901613,-0.023147414,-0.14521706,-0.010160882,-0.06403641
-0.030901693,-0.022592857,-0.07532093,-0.05316464,-0.05102068
-0.021932244,0.08201322,0.28947088,0.06626063,-0.12900849
-0.029266082,0.118746914,0.10070437,0.037556853,-0.094883
-0.03685746,-0.010477659,-0.035311934,0.035003986,-0.01795129
-0.015232936,-0.00021510337,-0.0009854081,-0.012371266,-0.078248315
0.041589692,0.069501504,0.016631491,0.00024809485,-0.13245897
0.011557013,0.12402538,0.10747504,0.01571625,-0.06444111
-0.1201569,-0.10462815,-0.04062245,-0.09432326,-0.1744862
-0.104641184,-0.10316624,0.0065422663,0.014147156,-0.042578485
-0.1063399,-0.11522882,-0.16675133,0.0034174535,-0.028874412
-0.12290175,-0.16273434,-0.066373795,0.06388769,-0.05625634
-0.11920438,-0.1449583,-0.1002431,0.030967042,-0.112281114
0.03940132,0.043323655,0.12823585,0.17978859,0.12522365
-0.034646563,-0.05166191,-0.011225293,-0.120691314,-0.08401903
-0.010365411,-0.06517843,-0.10931739,-0.08367863,-0.056896813
0.039841674,-0.06751065,-0.1153178,-0.04541876,0.09200037
-0.07479096,0.027231196,0.09610508,0.056494087,0.03873499
-0.04383626,0.04336955,0.14116678,-0.0071426346,-0.031969104
0.043988533,0.060343143,-0.051126204,-0.029312152,-0.048419848
-0.011049046,-0.03408423,-0.062144395,-0.0027042015,-0.063651
-0.026710225,-0.071822114,-0.11035475,-0.045985643,-0.13132294
0.034516416,-0.007939004,-0.048654802,0.08601445,-0.098572865
-0.05089528,0.007730266,0.054064356,0.094439976,0.06124661
0.10159526,0.051045623,0.12637562,0.048543863,0.08616783
0.024229927,0.011871757,-0.010781129,-0.03909675,0.0762667
-0.11766516,0.09688133,0.07930425,-0.11287249,-0.0050148275
-0.09436663,-0.081012666,-0.044619128,-0.27358717,-0.018007938
-0.027082274,-0.14034845,-0.23195076,-0.1583305,-0.08480163
0.043665085,-0.006292728,-0.0063303444,-0.049313452,0.06626987
-0.059709772,-0.00081556645,0.06337278,-0.03909721,0.13874158
-0.124532275,-0.06360109,0.057447415,0.042978186,0.06698368
-0.15695256,-0.1346745,-0.060518816,-0.021511002,0.015237229
-0.17891401,-0.10687565,-0.100485936,0.02672363,0.050576907
0.03540707,-0.0063961796,0.010965609,-0.005969589,0.05851638
-0.011430046,-0.057230826,-0.08138944,-0.1037014,-0.058223028
-0.011434468,-0.050263636,-0.03487638,-0.11644437,-0.00024173802
0.012299018,0.023811277,0.03388684,-0.02046127,-0.01060732
-0.0045699906,0.03534062,0.097354434,0.077301845,0.08236828
0.06678945,0.047051184,0.028673708,0.09991692,-0.026854597
0.010970408,0.008235627,-0.012788682,0.046082884,0.09335973
-0.048292357,-0.02909787,-0.04959203,-0.0390774,-0.016278805
-0.072424956,-0.041774016,0.0025709048,-0.072893836,0.0316154
0.018970616,-0.04293155,-0.11488215,-0.09436981,-0.15642369
-0.004579264,0.061575096,0.049489606,0.083407596,0.00499397
-0.051594954,0.14841354,0.26281866,0.07995647,-0.1422692
-0.1555127,0.12878078,0.13004917,0.08129031,-0.21323696
-0.27913904,-0.15110178,-0.09757036,-0.040273078,-0.21653862
-0.256027,-0.22003637,-0.089251414,0.018944684,-0.18148686
0.037092526,0.02413577,-0.069472775,-0.063089505,-0.05491353
0.04832719,-0.031089853,-0.18374255,-0.105458,-0.14172347
-0.050441086,-0.10453218,-0.18125768,-0.035782754,0.0928831
-0.057302155,0.034123577,0.2543425,0.18662994,0.008247507
-0.120448105,0.0129119875,0.09897454,0.09847041,-0.04205723
0.04506134,-0.06753345,-0.047319885,0.082701884,-0.058727413
-0.009795338,-0.053869907,0.0034749,0.029616352,-0.052484218
-0.06462224,0.014263794,-0.011684653,0.058558118,-0.05145394
-0.059722286,0.008811983,0.0409395,0.05039618,-0.00086951023
-0.11815421,-0.11710109,-0.06627638,0.007255556,-0.029730884
