-0.021050038,-0.051529787,0.0171229,0.01717364,0.025863804
-0.014982893,-0.047312085,-0.007945799,0.011309304,0.012141711
-0.025521826,-0.068609506,-0.08689757,-0.06287699,0.026222995
-0.0046488913,-0.017822113,-0.019101106,-0.04998086,-0.03501974
0.026435811,-0.067185655,-0.088594094,-0.0717041,-0.020195488
-0.05917881,-0.011727165,-0.0476135,-0.011487282,-0.038665794
-0.022974815,-0.04295888,-0.0626456,0.076108575,0.0229878
-0.08615602,-0.032575864,-0.029103497,-0.0044688075,-0.039485406
-0.037065633,0.012545525,0.027502248,-0.0017394427,-0.117884256
-0.0113054095,-0.050403092,0.04468361,-0.008991224,0.05623343
-0.044460926,-0.057726648,-0.026071535,-0.03674298,-0.08521474
-0.016760256,-0.09486049,-0.059103474,-0.016098434,-0.059717804
0.03134879,-0.03711966,-0.014722104,-0.02543763,-0.034167863
0.01276469,-0.03542637,0.02101886,-0.0300213,-0.056278706
0.032762352,-0.037687823,-0.0274588,-0.024364617,-0.012978555
-0.07622494,0.0016552318,-0.02315931,0.053609632,0.0022930845
-0.06659088,-0.07278309,-0.018036976,-0.05083665,-0.061019126
-0.05732212,-0.046902575,-0.011981329,-0.024935065,0.06070682
-0.0029239077,-0.016790712,-0.0143043455,0.054373477,0.032615732
-0.04087713,0.012678984,0.04897616,0.024622187,-0.062230118
-0.04058951,-0.07097842,-0.051660657,-0.12004342,-0.08344461
0.0651086,0.07565139,0.07687495,0.018135758,-0.017708603
-0.119106695,0.06862886,0.12778857,0.14476034,0.15055117
-0.0067910943,-0.030805139,0.099087656,0.10467282,0.04485444
-0.0014058828,-0.0014722542,-0.05435124,-0.05498635,-0.10784885
0.015541736,-0.013595103,-0.06725845,-0.022737896,0.0388866
-0.027974458,-0.0069995206,0.0104965875,-0.030743929,-0.011861116
-0.050484065,-0.06666577,-0.011748947,-0.014092775,-0.09834903
0.02474809,0.06425248,0.081999406,-0.007432132,-0.07830405
-0.058432143,-0.04538827,-0.0196033,0.12822977,0.063854456
-0.07538173,0.0010316175,-0.09476975,-0.060850013,-0.070653275
0.017274406,-0.009313238,-0.07286063,-0.064685285,-0.02407728
0.030552194,0.04410269,0.029062944,0.0045528766,-0.0038532442
-0.01892304,0.049328238,0.09556464,0.03879276,0.0152020585
0.0021021492,0.024312714,0.004534834,-0.08694424,-0.043433905
-0.004193802,-0.016004102,-0.043768942,0.0023595043,0.011326297
-0.023818767,0.018219972,-0.063363425,-0.012068717,-0.036951765
-0.013436652,-0.03582935,0.03620633,0.0017016836,-0.08577951
-0.031148128,0.108090185,0.036934398,-0.030248232,-0.020017847
-0.028492007,0.008133804,0.08390672,0.12708336,0.0024953308
-0.01070313,-0.05491727,-0.008678663,-0.028147958,0.030440852
0.059179597,-0.021295492,0.0057637594,0.10170452,0.022478186
-0.091440134,0.013174531,-0.049934596,-0.011738133,-0.029032873
0.08062667,0.025703875,0.022688765,-0.0131519055,-0.054126166
-0.057313137,-0.02359785,-0.003774297,0.04842264,0.0055748876
-0.022496475,-0.027342789,0.0354335,0.08063995,-0.016011246
-0.03888548,-0.005498214,0.007764572,0.048454948,-0.0136197535
-0.024470583,-0.04407257,-0.028038787,0.0008310457,0.023280881
-0.031106552,-0.015717639,-0.00883856,0.011351171,-0.062348146
0.0035212932,0.048319727,0.10227688,0.03085755,-0.0040604207
-0.07234856,-0.026484981,-0.08366523,-0.16901171,-0.12840031
-0.055578366,0.02470776,-0.10884231,-0.12312294,-0.09197458
-0.011374172,0.098061934,0.082772784,0.1181288,0.09903685
0.07262865,-0.0056444863,0.081533946,0.085202344,0.0084882155
0.032139882,0.05141397,-0.013263644,0.006295597,-0.11964333
0.036242574,0.019259794,-0.031436775,-0.094763815,-0.048897788
0.05977798,0.07166896,0.055771533,-0.022284344,-0.014262605
-0.00041402903,-0.01750413,-0.09340966,-0.022099981,-0.089479156
0.03371499,0.0350656,-0.016413124,-0.13475463,-0.14871311
0.009137271,-0.06968134,-0.122440785,-0.04781907,0.0028823216
-0.00041224077,-0.041817892,-0.03253928,-0.06511178,-0.03054554
0.013178105,-0.023495907,-0.01305725,0.018553795,0.05404967
-0.037062187,-0.0046084374,-0.003939299,0.05302957,0.07292289
0.021733452,-0.032008417,-0.032705177,-0.011383246,-0.04220442
-0.049445685,0.052279543,0.052615665,-0.052837484,-0.0058889915
-0.05739824,-0.05621583,0.0040299124,0.16663903,0.17476016
-0.0730877,-0.11214745,-0.019950632,0.053454004,0.124144755
-0.059500664,0.03248853,-0.09324603,0.011336295,0.035524163
-0.07687874,0.04000961,-0.03960129,-0.022294426,-0.040563032
0.006461457,-0.019265775,0.030328779,-0.012943391,-0.09850031
-0.08440374,-0.14998196,-0.04445255,-0.0154514965,0.09824825
-0.07738947,-0.09456299,-0.13083489,-0.10102829,-0.03792842
-0.08785055,-0.070846856,-0.11046446,-0.10938577,-0.020423278
-0.04997847,-0.08140145,-0.02400872,-0.06031779,-0.055055298
-0.0038682611,-0.027022125,-0.11379472,0.03792557,0.09107883
-0.029483223,-0.051924225,-0.072862424,-0.06827578,-0.0736546
-0.03559705,0.03298167,0.028408438,0.013025887,-0.014957288
-0.049006294,-0.041671075,-0.0093551185,0.053287275,0.0627617
0.0112016415,0.011895667,-0.01654715,-0.03285737,-0.06411458
0.051582664,-0.032805614,0.01722664,-0.03867594,0.05258469
0.017193643,0.014121836,-0.019097596,0.03293969,-0.024862317
-0.00058539875,-0.056789283,-0.018458392,0.026457386,-0.048381604
0.07836095,-0.029446412,0.010323319,0.008468146,-0.065686546
-0.002406002,0.023089988,0.114514105,0.060035836,0.0059425896
0.00838981,0.0030389854,0.02579369,0.009535875,0.000656978
-0.13626154,-0.11476265,-0.05968509,0.104230754,0.051996734
-0.14696068,-0.13650316,-0.13992397,-0.08823632,-0.11728111
-0.028727708,-0.08007245,-0.17960307,-0.014536356,0.043646604
0.011893605,-0.0031991093,-0.018935151,0.06387475,0.0337455
0.030108774,0.05121917,0.037555154,-0.0055180634,-0.15488328
-0.036031384,-0.08492682,-0.07661095,-0.025154676,-0.05779056
-0.0077735344,-0.046646822,-0.019392002,0.031180907,0.04192953
-0.060901012,-0.07324175,-0.046097856,-0.019154573,-0.057820152
0.05483249,0.055571184,0.031019438,-0.075753726,-0.14787574
-0.04402442,-0.057767384,-0.014446129,0.08768895,0.11175483
-0.04535658,-0.10070121,-0.026313346,-0.011421373,0.02392372
-0.07659925,-0.09541175,-0.041345682,-0.08595929,-0.13858859
-0.0045018815,-0.06495287,-0.090035066,-0.08137692,-0.08814706
0.04435546,-0.023137925,-0.032653473,-0.015169618,-0.019318614
-0.008056999,0.0593095,0.0051974813,0.07018914,0.10512012
