0.06922274,0.067345574,-0.0038426118,-0.018266385,-0.075272016
0.08560913,0.0032725872,0.028156819,-0.0196899,-0.08607935
0.012054278,0.029788008,-0.00065467646,-0.027129047,-0.049933825
0.024015598,-0.011685507,-0.0282922,-0.064832106,0.023519464
0.068360224,0.023656128,-0.008316264,-0.08472567,0.07757684
-0.015462372,-0.026575157,-0.08509615,-0.015034183,-0.074598625
-0.027509922,0.017163021,0.0040389556,-0.05411151,-0.036321398
0.015283369,-0.012275816,-0.08548182,-0.032663632,-0.13118298
-0.046246804,-0.070350826,-0.063226774,0.02182665,-0.030566774
-0.07426568,-0.0066488977,0.0067459946,-0.004891983,-0.09577637
0.024515135,0.020645665,0.009597185,0.019565552,-0.017267216
0.032684434,-0.029554807,-0.052592527,-0.067389205,-0.00076134223
-0.0028621047,-0.04879457,-0.021402292,0.0031026306,0.08734407
-0.007004084,0.017988374,0.047417093,0.05172172,-0.07740563
0.015523238,0.013347251,0.017057933,-0.01270432,-0.017163172
-0.010896633,0.03476138,-0.019102732,-0.029366033,-0.026044358
0.03760744,0.0075197085,-0.054860357,-0.011538426,-0.007533318
-0.006220097,-0.058405295,0.0064103906,-0.017790405,0.039548334
-0.010011551,0.022889672,0.027190508,0.07233763,0.057674456
-0.029636662,-0.045486014,0.0031387517,0.017276712,0.021230172
-0.012405454,-0.0395833,-0.0138387345,-0.09966997,-0.08905887
0.04672903,0.035418835,-0.082886964,0.006653157,0.03785939
0.04159096,0.03148389,0.029822385,0.04279182,-0.08502383
-0.01661543,-0.033594675,-0.036302686,-0.046241216,-0.052356403
0.037075065,0.02432114,-0.036867913,-0.09727808,-0.0790656
-0.03822879,-0.049512994,-0.08451337,-0.08774757,-0.02179631
0.056708496,0.019650629,-0.10229754,-0.041349024,-0.012442934
0.0088016875,-0.056334876,-0.07336768,-0.036106974,-0.030598318
0.0067774043,-0.004078399,-0.06471219,-0.050526544,-0.023966936
0.028928507,0.023639219,0.0035956993,-0.13522893,-0.04873536
0.006886787,-0.047893945,-0.030315623,-0.028602434,-0.045660164
0.02553088,-0.00583737,-0.0443124,0.016139923,0.0076063974
0.028458664,-0.049291406,-0.07231318,-0.011321373,0.017079297
0.019489013,0.0035980854,0.039764598,0.034380987,-0.013665834
0.01065475,0.037819866,0.096750915,-0.018167531,-0.077021495
0.025876097,-0.04612772,-0.07364757,-0.030326232,-0.04775327
0.030190956,0.019660203,-0.03493654,-0.046824377,-0.04641006
-0.028816909,-0.05947186,-0.028463326,-0.021221595,-0.030057114
-0.04551764,-0.051457874,-0.030790761,-0.027867008,-0.14168446
-0.070383616,0.003964134,-0.0024539991,-0.0819175,-0.046445142
-0.05545854,0.016330758,-0.07860147,0.00676649,-0.006897346
0.02306187,-0.00702456,-0.06562463,-0.08730309,-0.0710993
0.022600433,-0.019841079,-0.071985595,-0.057652727,-0.036029868
-0.05366639,-0.049874526,-0.040658463,-0.068211764,-0.066677935
0.055069152,0.015818285,-0.034551322,-0.13833864,-0.07406425
-0.03932014,-0.043662433,-0.054796163,-0.014203241,-0.0701747
0.026079431,-0.02880628,-0.06975386,-0.08082154,-0.002066708
-0.036848284,0.02503151,-0.038151756,0.011838976,0.03389455
0.0030222987,-0.04632138,-0.075098306,0.0042233085,-0.030268619
0.023159947,0.01945029,0.018392967,-0.014042914,-0.021096779
-0.056784302,-0.028293869,-0.09874757,-0.09093716,-0.09758423
0.015407492,0.03340742,-0.06002679,-0.051748693,0.031490587
-0.014171748,0.032249458,-0.03127871,-0.03914736,0.10974404
-0.08825871,0.02224881,0.04004661,0.09727388,-0.033463594
-0.021854145,0.03835264,0.042435143,0.06298835,-0.12819187
0.006550088,0.03145723,0.052578982,0.009451664,-0.022086106
0.0052208076,0.012086767,-0.030716162,0.001370884,-0.027743207
0.06218513,0.04241797,-0.028717743,-0.05748064,-0.056635305
0.084038734,0.037374392,-0.036470383,-0.12662391,-0.09485048
-0.008203735,0.011266921,0.012539067,-0.116919965,-0.09930669
-0.019530233,-0.032805912,-0.039648727,-0.04566803,0.0107426625
0.0070981947,0.0022993225,0.0074378992,-0.035951987,0.029806646
-0.021860208,0.0154059315,0.0050386135,0.002629593,-0.09191217
-0.04280023,0.0027789932,-0.04213354,-0.0022755915,-0.054230876
0.027519703,-0.07474894,0.066867106,0.0017393254,-0.031218752
0.011012714,-0.014014413,0.030239556,-0.05654471,-0.05797708
0.0265168,-0.010698646,0.008359473,-0.115202665,-0.11520481
0.0062219365,-0.0043525407,-0.07116967,-0.081593566,-0.008154007
-0.04019716,-0.07106488,-0.058594447,-0.0532907,0.0137954485
-0.03962325,-0.01363728,-0.078682765,-0.038789757,-0.029070206
0.05454035,-0.012983849,-0.042486206,-0.027391203,-0.09004999
-0.031417545,0.039656725,-0.059120595,-0.025862142,-0.054391198
-0.006383537,-0.056908622,-0.048376143,-0.022257546,0.08354683
-0.04252936,-0.03238223,-0.008790053,0.020079255,0.118219525
0.04005288,-0.0556276,-0.03703954,0.061962496,0.18280374
-0.029543014,-0.005996544,0.012557222,-0.07763303,-0.04227104
0.023236947,-0.047996487,-0.025704218,-0.028255822,-0.020528967
-0.0072190347,0.019240474,-0.04823536,-0.08719327,0.013738293
-0.012784056,-0.016294595,-0.07946232,-0.06058808,0.055011246
0.017002208,0.0046964786,-0.018758353,0.0004155683,0.063007884
-0.011926364,-0.024298916,-0.04844794,-0.040544923,-0.017765919
0.004708557,-0.020281006,-0.029242616,-0.06931933,-0.03892671
0.014703712,-0.053607196,-0.069278635,0.015373566,0.07192445
0.021610415,-0.01047637,0.009147948,-0.08752239,-0.06757654
-0.0076360027,0.021843484,-0.002676018,-0.008334284,-0.01847757
-0.0023231925,-0.026615962,-0.054489665,-0.06190063,-0.08674955
0.025923872,-0.05984258,-0.049228713,-0.027377017,0.07707521
-0.024646038,0.003963185,-0.05410162,-0.0499465,0.08881436
0.012213927,-0.051241893,-0.021952821,0.13942032,0.051980566
-0.07823242,-0.031847388,0.020838052,0.23597644,0.03619707
0.029267041,-0.09032885,-0.04882179,-0.050149057,-0.08205307
-0.01919454,-0.03517351,-0.10998866,-0.04794641,-0.10559679
0.009341403,-0.07575635,-0.12978241,-0.08122334,-0.12507002
-0.045557514,-0.04441533,-0.097248994,-0.025929047,-0.1504032
0.020767683,-0.015874563,-0.07439273,-0.15079403,-0.16632414
-0.003112633,-0.027807496,-0.08089288,-0.07120958,-0.07465853
-0.0236564,-0.04987469,-0.09592244,-0.031966668,-0.017350309
-0.02221993,-0.0043702065,-0.034700617,-0.015559065,0.071699865
-0.013109087,-0.042892225,-0.03340085,-0.020575654,0.12968554
-0.0021625124,4.7422973e-06,-0.006768728,0.050585687,-0.009921366
