-0.01344905,-0.0013452752,0.0855162,0.08789565,0.072347015
0.021874132,-0.10710653,-0.1129735,-0.050732393,-0.06972651
-0.0013591656,-0.04792486,-0.052949443,-0.057966948,-0.062038984
-0.019447181,0.02175814,0.029578108,-0.0037103444,-0.0023638837
-0.00467679,0.07664665,-0.004608327,-0.02627208,-0.08389857
-0.17260996,-0.11413951,-0.015674029,-0.024651553,0.022987476
0.10803564,-0.056735083,-0.056255665,-0.08249747,-0.031548876
0.16156794,0.09095652,0.0540101,-0.014141903,-0.017954374
-0.09524751,0.038024936,0.027900359,-0.05219291,-0.074872114
-0.047314662,-0.13989197,-0.0434863,-0.12466479,-0.039521497
0.13311969,0.13119443,-0.01888686,-0.021116335,-0.013571155
-0.07814487,0.0043091383,0.006673652,-0.059359577,0.0037042147
-0.13714592,-0.07671953,-0.022285672,-0.02502615,0.030781284
0.0031670919,-0.05899126,-0.036219154,-0.026450288,-0.034734756
0.13333,0.084766,0.025775868,0.000328345,-0.012667944
0.004136898,0.01822866,-0.07244294,0.026621295,-0.03563685
-0.0075391973,0.000545715,-0.019104293,0.057454057,0.013505751
-0.10904106,-0.075562134,-0.08950754,0.008397782,-0.023083473
-0.05367556,-0.047981005,-0.098024294,0.0037035947,-0.046786226
0.01909168,0.025289908,-0.07133132,-0.059462022,-0.056427486
-0.0071514635,-0.023236375,-0.059194356,-0.06564477,-0.07140213
0.022930138,0.007578773,-0.011322701,0.011305047,-0.013246121
-0.016154593,-0.024402829,-0.019205727,-0.05937042,-0.023561256
-0.020127267,-0.05325905,0.02847217,-0.009630092,0.0067850477
-0.05730294,-0.056710582,-0.04336411,-0.015991855,-0.025957266
-0.017899884,-0.04495985,-0.013405397,0.040708393,0.02969953
0.049932253,0.033542752,-0.016576843,0.03956259,-0.010112762
-0.055872295,-0.09543954,-0.063528694,-0.064306915,0.00890844
0.039172374,-0.046184156,0.011234051,-0.03876069,0.010311709
0.05392147,0.08769887,0.047724538,-0.048573315,0.0041474123
0.008923347,-0.015416707,-0.038332894,-0.018034898,-0.0012431642
-0.04654727,0.0041382075,-0.050372627,-0.031171413,0.010041369
-0.04365242,0.06196485,0.008942463,-0.014126505,-0.039290324
-0.033180494,-0.021437759,-0.0542532,0.02806448,-0.0155108
0.030511318,-0.020866996,-0.016341431,-0.048530545,-0.04325801
-0.024280695,-0.042098068,0.00898452,0.032241113,0.0002055802
0.078257576,-0.002302149,-0.072498776,-0.0028915235,-0.044741046
0.03321849,0.0930668,0.006626769,-0.009548233,0.018866435
-0.042363394,0.025770107,-0.021910025,-0.035272438,-0.053561375
0.020763258,-0.04188707,0.034195308,0.020302488,-0.021518474
0.054565348,-0.06731012,-0.028801912,-0.025607282,-0.06036838
0.0640348,0.058166817,-0.020138802,-0.023885192,0.018975819
0.0038492982,0.07079298,0.029553004,-0.018765451,-0.060359802
0.06012115,-0.00037025695,0.023011891,0.012873838,-0.07670329
0.007219984,0.033883914,0.0245717,0.010679596,-0.06331232
-0.050228897,0.08763252,0.12538347,0.14276381,0.09541899
-0.027684446,0.030023431,0.06443741,0.010129852,0.04343099
0.039704997,-0.016393982,-0.0432414,-0.024511555,-0.036008168
-0.015077101,-0.111079566,-0.10754465,-0.064379126,0.033257276
-0.050500363,-0.008282406,0.07149836,0.04255752,0.02596109
-0.058608923,-0.089130975,-0.049189392,-0.04972769,-0.033820085
0.11249395,-0.008033831,-0.059316088,-0.0440516,-0.03456229
0.030186446,0.028380323,0.06557926,0.020007767,-0.069906734
-0.046087004,-0.034720965,0.03780587,0.010575296,-0.0572722
0.06305715,0.03137974,-0.0057379087,-0.004724208,-0.0717487
0.037341665,0.012540323,0.030863898,0.012963325,-0.03743445
0.01807724,-0.003448979,0.031879723,0.017011134,0.007731123
0.01842801,0.029106556,0.014071604,0.03838131,0.042838894
-0.035351794,-0.030891519,-0.03401274,-0.034921728,0.023557572
0.029554551,0.0027352723,-0.00841326,-0.040062252,-0.043178413
0.02175041,-0.10074425,-0.0075298278,0.007123872,0.032518428
0.07345571,-0.029511308,-0.009025778,-0.034371346,-0.05257905
0.0002502421,0.24626985,0.09629393,-0.014694152,-0.046919864
-0.18988335,-0.093144834,-0.0019745128,0.01860287,-0.07065054
0.056220945,-0.16106011,-0.04584784,-0.047944106,-0.12870505
-0.022915248,0.018185586,0.032753117,0.028539322,-0.010575723
-0.0042934017,-0.026440915,0.013746273,0.03404853,-0.0026670147
-0.030177174,0.04355998,0.018138178,0.015689455,0.03924948
-0.012761914,-0.0024919056,0.009698201,0.034977607,0.020704968
-0.0057038935,0.03462737,0.0014516799,-0.019703643,0.0016148319
0.08557384,-0.011989548,0.045958105,-0.036714952,-0.019153276
-0.09366971,0.05063462,-0.0059838137,-0.044365242,-0.022117093
4.616784e-05,-0.0042824023,-0.031665538,0.011189744,-0.028806586
-0.017521579,0.0131119685,-0.026975341,0.03363174,0.006514511
0.015180883,0.0033024547,-0.0051885014,0.058358166,-0.04468537
-0.07484646,0.011539766,-0.005925572,0.027802441,0.022660773
-0.056534443,-0.04852067,-0.059881452,-0.069113754,-0.007397432
0.03163273,-0.039552577,-0.06136409,-0.059681218,0.0060215453
0.067740515,0.02578959,-0.07608638,-0.08077657,-0.02353846
-0.1260074,-0.03758034,-0.05027717,-0.015736269,-0.01843521
0.012007158,-0.04855306,0.010610907,0.017736472,0.017999077
-0.09367849,-0.12170497,-0.023956763,-0.057680923,0.000350516
-0.10541233,-0.06823106,-0.103399575,-0.055091526,0.0043380987
-0.086076014,0.019909387,-0.07309285,-0.04710359,-0.005789907
0.005240911,0.0017771778,-0.07448935,-0.032414604,0.007803618
0.021711014,-0.014721503,-0.02678256,0.028786687,-0.024996206
0.042023264,-0.043741815,-0.03050557,0.025246914,0.020113317
0.015523877,0.033511728,-0.02610263,-0.029765146,-0.0022146006
-0.027037315,0.019886002,-0.014854835,-0.030312935,0.0027046872
0.03315424,-0.0077783247,-0.014723271,-0.050548594,-0.019906854
-0.035820883,-0.052344535,-0.008324083,0.034897204,0.014269553
0.008839363,0.02267098,-0.0059497543,0.0148691395,-0.007605317
0.014496844,-0.09491954,-0.089929,0.031879444,-0.0006496612
-0.0064311353,-0.00338371,-0.009589136,-0.011100762,0.001428644
-0.030465864,0.026547473,-0.00080377894,-0.07492829,-0.07933541
0.10637765,-0.019968966,-0.062655784,-0.0029183233,0.0012059635
-0.07168624,-0.020943055,-0.012530116,0.038092524,-0.032404102
-0.024805212,-0.06688635,-0.10668257,-0.08145349,0.069854066
-0.07981849,0.008131799,-0.054807063,0.029751806,-0.07018689
0.11953738,0.094808005,-0.03151057,-0.023580855,-0.07831177
