-0.19761656,-0.2255427,-0.23958811,-0.21393256,-0.2383109
-0.17604323,-0.19483453,-0.2033628,-0.24523878,-0.24431181
-0.18516482,-0.24650724,-0.20638631,-0.1827712,-0.24595127
-0.17845458,-0.24866425,-0.2251498,-0.18326344,-0.17658357
-0.17314221,-0.17517243,-0.2575806,-0.20621501,-0.24051994
-0.18877415,-0.20170835,-0.1725745,-0.19536142,-0.16326918
-0.213917,-0.25006768,-0.24559207,-0.21340188,-0.2398456
-0.17380203,-0.2418309,-0.24626984,-0.16816685,-0.2288744
-0.23490845,-0.2134559,-0.20143658,-0.22868043,-0.18586147
-0.2401897,-0.20168208,-0.25572744,-0.24842271,-0.17452689
-0.1825998,-0.23235682,-0.19396147,-0.21850187,-0.1878797
-0.19865909,-0.2236155,-0.20233336,-0.23792239,-0.1846954
-0.16999072,-0.17568903,-0.24168536,-0.21048018,-0.23305838
-0.20390733,-0.23630007,-0.24310036,-0.22743258,-0.17493601
-0.1870707,-0.2289564,-0.21312062,-0.25068632,-0.21300319
-0.21232697,-0.23682374,-0.24742909,-0.2172978,-0.20576808
-0.17442247,-0.1799438,-0.23842354,-0.25478122,-0.20502958
-0.21944927,-0.18551405,-0.23540051,-0.20260075,-0.2455307
-0.2370793,-0.22288257,-0.2015464,-0.21623485,-0.1704187
-0.17207226,-0.16983902,-0.16613898,-0.20951009,-0.1546226
-0.23674811,-0.03426378,-0.08833879,-0.15988931,-0.16677256
-0.24715595,-0.106438845,-0.20320055,-0.183369,-0.23050497
-0.016416956,0.1782572,-0.15025221,-0.17274913,-0.18212724
-0.102167234,-0.18489458,-0.19226494,-0.2341563,-0.2275513
-0.15918855,-0.17400292,-0.17523625,-0.2082806,-0.23508427
-0.21884125,-0.24367976,-0.14283678,-0.19020835,-0.15633762
-0.14351626,-0.16966374,-0.21407019,-0.18938248,-0.21750133
-0.098032124,-0.18549876,-0.18418166,-0.1985285,-0.17732665
-0.14297566,-0.13801135,-0.16007546,-0.19744824,-0.17972592
-0.23767564,-0.20335858,-0.24140063,-0.1957362,-0.20305102
-0.07678566,-0.115119815,0.27595568,0.23138201,0.17628087
0.20405628,0.06952859,0.27214962,-0.0384772,0.23961963
0.21949331,0.22133917,0.15987627,0.035767235,0.21025856
0.20939313,-0.14465557,0.21321438,0.15329278,-0.00030267372
-0.17548655,0.16679059,-0.088238776,0.14473109,0.2583343
-0.20644556,-0.16999844,-0.225938,-0.19202156,-0.21425788
-0.17693776,-0.24158928,-0.18022984,-0.24663459,-0.16541284
-0.25381866,-0.2384721,-0.23336972,-0.2230104,-0.19747639
-0.20013097,-0.17479278,-0.18244135,-0.23257534,-0.16505149
-0.22180478,-0.24031647,-0.19858138,-0.22206827,-0.14776938
0.0049888478,0.21726479,-0.11193504,-0.15813874,-0.16852991
0.16178443,0.17567764,0.08537251,-0.20914905,0.1910199
0.21930891,0.14359349,0.21198404,-0.20240305,-0.2883635
0.20308107,0.18665475,0.16024354,-0.07415416,-0.16344285
0.20644602,0.20817015,0.22117972,-0.0071581034,0.15579025
-0.17150305,-0.018958855,-0.14589465,-0.09056709,-0.24885991
-0.14379643,-0.070370905,-0.17657809,-0.11003901,0.2051106
-0.116435096,-0.10307949,-0.12870803,-0.1587111,-0.17396486
-0.10730753,0.293976,-0.1554504,-0.20414343,0.19693619
-0.19413888,-0.14305788,-0.24157934,-0.175973,-0.08501306
-0.24399161,-0.174891,-0.20257917,-0.24171218,-0.19932456
-0.2534087,-0.23278844,-0.24794345,-0.23897357,-0.22175248
-0.2049321,-0.20736268,-0.25977218,-0.2510607,-0.22020836
-0.17647627,-0.18110436,-0.17471865,-0.23493306,-0.20078035
-0.24750626,-0.16270453,-0.21549721,-0.20463392,-0.23308806
-0.039074738,-0.016465453,-0.004225772,-0.023749389,0.01869211
-0.007760284,0.0044033756,-0.041647844,0.012594751,-0.021864463
-0.033792116,-0.017948156,-0.040672842,-0.034135297,0.0333432
0.03660586,-0.031063287,0.009698687,-0.023035184,0.041848335
0.027302284,0.017781578,-0.03646164,-0.021997055,-0.009398658
-0.24847652,-0.22474442,-0.19261673,-0.23790275,-0.19300461
-0.2128029,-0.21649152,-0.22687267,-0.23787494,-0.24848618
-0.23925193,-0.17462452,-0.21219733,-0.16671494,-0.21046981
-0.19500087,-0.1843392,-0.2556126,-0.23909797,-0.16838188
-0.21440934,-0.17190541,-0.20917797,-0.17423041,-0.20061941
0.004644319,-0.037773173,-0.015455132,0.0022423142,0.020433478
0.008677331,-0.009709739,0.0003019326,0.038443737,0.029831987
0.0152597595,-0.032229632,-0.01503714,0.028551955,0.040257107
-0.021142052,0.019002322,-0.010471898,0.028369548,-0.0067197774
-0.035549328,-0.044267323,-0.0016755967,0.013184094,-0.02636299
-0.088343725,-0.18131861,-0.18156733,-0.16326727,-0.24994764
-0.16816302,-0.17635769,-0.15977906,-0.17334154,-0.18040314
-0.17422928,-0.23858231,-0.17809336,-0.22431587,-0.17387228
-0.19042002,-0.18321852,-0.24079172,-0.2135189,-0.27502006
-0.23492102,-0.19234116,-0.2542167,-0.19693743,-0.23310664
-0.17289115,-0.16289145,-0.16057895,-0.15387626,-0.17416622
-0.25331306,-0.19992761,-0.17752677,-0.19159997,-0.21029982
-0.17219579,-0.19372647,-0.19342838,-0.22857861,-0.18018301
-0.23070431,-0.2528798,-0.23924777,-0.27116254,-0.19843894
-0.23210424,-0.1678585,-0.1734569,-0.2436011,-0.17707573
-0.175059,-0.20750697,-0.1950587,-0.20082137,-0.2260139
-0.24082835,-0.21638535,-0.22382519,-0.17714384,-0.24920458
-0.20853251,-0.19812024,-0.19436252,-0.21425888,-0.22968349
-0.2051601,-0.17039402,-0.2171498,-0.18175532,-0.16850312
-0.23331149,-0.20309612,-0.22400773,-0.17804371,-0.21093483
-0.110738695,-0.12710163,-0.10492731,-0.11315425,-0.10433191
-0.106874995,0.23433986,-0.13535985,0.25265354,0.17733647
-0.093211904,-0.07726171,-0.14167589,-0.1724952,-0.085219145
-0.1776303,0.27948973,-0.12996642,-0.106574416,-0.13939987
-0.13073465,0.0911658,0.2178472,0.18781188,-0.08031965
-0.21909697,-0.22510661,-0.1800435,-0.18117231,-0.22336623
-0.11252351,-0.122697756,-0.19630799,-0.17297396,-0.20012811
-0.167127,-0.08468988,-0.2457336,-0.16108942,-0.1880289
-0.10456066,-0.16315536,-0.11917913,-0.22540975,-0.2084674
-0.18936683,-0.21379523,-0.18316975,-0.24396482,-0.24800222
-0.14223394,-0.124108694,-0.16744626,-0.20937984,-0.13132311
-0.13194492,0.12949091,-0.20513543,-0.11711088,-0.19173726
-0.17230181,-0.17186679,-0.21018752,-0.16855013,-0.09572737
-0.1243619,-0.13962981,-0.16723391,-0.14230426,-0.13282244
-0.16974202,-0.19977343,-0.097484976,-0.12162896,-0.13339897
