-0.029597681
-0.008838007
0.009864657
0.013857631
0.040851027
0.02243514
-0.003012236
0.001737026
0.04194488
0.048080448
0.054432802
-0.029541638
-0.01359461
-0.0058801575
0.018073868
-0.012569834
0.04540197
0.050306275
-0.058072835
-0.014857347
0.018319119
-0.021632269
0.036828175
-0.0068432367
0.035220698
-0.013019976
0.01571047
-0.014929278
-0.016657945
-0.0008840762
-0.02803669
0.008216216
-0.010558781
-0.04768724
-0.046036962
0.029988674
-0.026165867
0.014096169
0.028173735
0.018033626
-0.010876152
0.012706849
-0.017457891
-0.0110165
-0.03728246
-0.03827126
-0.012049043
0.022472834
-0.013624353
-0.008472952
0.027890438
-0.005900738
-0.030670358
0.0010830777
-0.010830578
-0.039874077
0.00041218344
0.01854343
-0.012310108
0.032337707
-0.02757572
0.038803775
0.032015253
-0.0043063764
-0.023264553
-0.048136376
0.036937397
-0.0035149618
-0.014487327
0.0060913092
0.035208296
-0.0054399422
0.016222063
-0.033696022
0.035689283
-0.031619284
0.048744068
0.010291415
0.018099356
0.015615111
0.023890825
-0.017811025
-0.0029868174
-0.0053951764
0.002008854
-0.064416036
0.051512983
0.0075328927
-0.025148718
-0.02614182
0.039976526
-0.0039617037
-0.03655741
-0.022338353
0.006452335
0.004932739
-0.013574542
-0.01893587
0.006083012
-0.07516172
-0.00023038077
0.003414674
0.07034332
-0.0037319874
-0.022676375
0.014899197
-0.03487713
-0.004300278
-0.01687812
0.016313408
0.028352126
-0.011219939
0.045871414
-0.047848523
-0.01622097
-0.020985411
0.004827716
0.00901965
0.0029746986
-0.016908275
0.049759064
0.017862063
0.009200906
0.0052297805
-0.037744574
0.01874424
-0.02227801
-0.008697797
-0.013481219
0.005780767
0.004562864
-0.009570984
0.017576179
-0.020315083
-0.029114489
0.014501103
-0.028732385
0.050815064
0.04436612
-0.022023078
0.0032455686
-0.03729052
-0.033775773
-0.0008175259
0.027286984
-0.020007918
-0.028414892
-0.016725162
0.04731514
-0.03446142
-0.0063077137
-0.034511514
0.03434213
-0.010504525
0.012047791
0.034369536
-0.0014415566
-0.007738421
-0.018007057
0.013241081
-0.025058905
-0.0039791046
0.010458792
-0.018194564
-0.024008486
-0.021749757
-0.022467995
-0.00863093
-0.0057127336
-0.011962274
-0.028847745
0.020570315
0.010830492
0.010968986
0.000120525736
-0.023656353
-0.03124837
0.009226616
-0.049071334
-0.04883379
0.021879189
-0.06186646
-0.016254302
0.018375928
0.011014497
0.01917769
-0.021148844
0.019383185
0.00046489146
-0.021140983
0.030124696
0.038721386
-0.006792954
-0.002269615
-0.01199096
0.012800632
-0.015764972
0.016429156
0.024476783
0.027145775
-0.020725904
0.00040201008
-0.050406408
-0.041198287
-0.042015016
0.022332672
-0.0049123294
-0.02020232
-0.013961055
-0.04478617
0.03354953
0.002716423
0.008022606
-0.049540263
-0.0098609105
-0.032663908
-0.022483809
0.024345491
-0.035657384
0.0011902446
0.012905775
0.052919075
0.031046199
0.00039964318
-0.035876364
-0.0057329154
-0.027136628
-0.0007965955
-0.012502984
-0.005330345
-0.04135751
-0.0067302072
-0.007392523
-0.008195609
-0.029151712
-0.001169687
0.027635893
-0.01169367
0.0026241643
0.011348489
0.0405251
-0.0106876055
-0.014744571
0.04510812
-0.030280892
0.034681976
0.01415727
0.00027654853
-0.0062527875
0.024041781
0.012637181
0.027995374
-0.036687106
0.042409804
-0.031261396
-0.019667558
0.027669061
-0.03349157
-0.020023338
0.013976257
0.0031436211
-0.019894375
-0.0087908385
-0.008632266
-0.07395387
-0.047589988
0.04448183
-0.020402525
0.03386366
-0.028193152
-0.0008316201
0.031986594
-0.012208467
0.02151276
0.0112679135
0.016070148
-0.0027505204
0.00011685238
-0.014872119
-0.016623102
0.013795333
0.060895357
0.021759158
0.0006161395
-0.021514457
-0.036142714
-0.03171446
0.060323108
-0.016483229
-0.005906176
0.0020176286
-0.011244778
-0.031089162
0.03779058
5.777713e-05
-0.024332814
-0.036936384
-0.04115265
0.004683661
0.019002978
0.010220934
0.06568318
0.025174163
0.04184436
-0.004634382
-0.017349979
-0.0047860676
0.0022444024
-0.01754436
-0.054061305
-0.035923857
0.041427903
0.028858807
-0.0011200606
0.038687468
-0.018470744
0.015618089
-0.02048142
-0.010980055
0.019972533
0.016811818
-0.011830616
-0.01624854
-0.019968957
0.036953475
0.020559672
-0.045739457
-0.021990716
0.014119512
0.017182326
-0.021847066
0.0034695
0.009972155
-0.014967054
-0.047463845
0.027632449
0.015187156
-0.026237782
-0.005803985
0.015330532
0.00010445165
0.02279789
-0.025013803
0.033260584
0.01699494
-0.039397568
-0.0052775503
0.014519086
-0.024754258
-0.019106006
0.010813269
0.060563054
-0.014267406
-0.0037951756
-0.010865096
-0.017000036
-0.022396566
0.02464374
0.012541585
0.025129586
0.041413188
0.0017133275
0.000422786
0.016354093
-0.027374048
0.029453926
-0.03339872
0.027352095
0.0130747855
0.020782726
0.05760627
-0.025239289
-0.00077615737
0.02967734
0.042135816
0.0048779594
0.0025703043
-0.020622475
-0.017471395
-0.0076670195
-0.021805182
0.014729002
0.028403753
0.011359179
-0.00430342
0.04175976
-0.0018587912
-0.031455103
0.029263012
-0.031318493
0.014229162
-0.06059038
-0.0038878284
-0.019708576
-0.00020980582
0.0085440995
-0.010514659
0.028234148
0.016814252
-0.004687037
0.0044602277
0.007148302
0.01770057
-0.007581785
0.016834375
0.031474985
0.0034809692
0.03611049
-0.040069498
0.006794569
-0.01195271
-0.031104002
-0.023166522
-0.018422209
-0.025941918
-0.03631528
-0.004431115
-0.020885224
0.018268643
0.013020448
-0.01968599
0.009215803
-0.020807736
0.0027481334
0.018296266
0.018271528
0.0037668403
-0.008816722
0.014404986
-0.015808972
0.016345216
0.025441552
0.06851346
-0.0121461665
-0.04760993
-0.004781724
-0.028860182
0.009373391
0.035792716
-0.029045846
0.01458496
0.029969659
0.0530099
-0.05477057
0.016676178
-0.0068336274
0.009324917
0.0040921117
-0.057575073
0.048486635
0.017921211
-0.041104965
-0.007598971
-0.029843476
0.02604504
-0.00035099091
-0.019075422
-0.025023714
0.018921554
-0.011686815
0.011631763
0.019075774
-0.033359274
0.026921233
0.019199194
-0.029331403
-0.024637869
-0.0048099235
-0.041980132
-0.019390045
0.009091313
-0.035019875
-0.009874969
0.0014170881
-0.054189544
0.002666898
0.012212172
-0.024256617
0.028315099
-0.007962206
-0.029100532
-0.043579444
-0.031717155
-0.029649572
0.024477528
-0.0152732525
0.006678535
-0.039861098
0.032497242
0.007765889
0.032883562
0.001464244
0.0007083731
0.024944399
-0.007954094
-0.0242856
-0.0123192845
-0.020967921
-0.028501296
-0.034877203
