-0.043025833,-0.035047494,-0.014746918,-0.0034764383,0.028254855
0.035902146,0.0036054465,0.03679821,-0.023686577,0.047839183
-0.0047334717,-0.01279252,0.028515724,0.0379735,0.024064777
-0.03134913,0.018441845,0.015226423,-0.033127964,0.019875886
0.010198294,-0.01590442,-0.04437774,-0.01140372,-0.013660246
-0.004522504,0.00060457643,0.043607917,0.014006488,0.010009846
0.036692478,0.008556811,0.009048895,-0.0068647605,-0.018019415
0.03360496,-0.056978088,-0.04599314,-0.0016646087,0.06623885
0.007889,-0.015064089,0.0143517135,0.038741153,0.0477745
0.033142086,0.05459784,0.006914813,-0.010893572,0.045893285
-0.019641213,0.035327952,0.008520435,0.06122213,0.029878281
-0.028044134,0.02352824,0.07473041,0.07284418,0.00684097
-0.016775088,0.10079752,0.051578935,0.00233424,0.0329053
-0.0028918453,0.065629765,-0.027696846,0.01751193,-0.012766024
0.027196528,-0.047225393,-0.031026961,-0.000785877,0.02059344
-0.007177291,-0.008223494,0.0048409565,-0.015049258,-0.053760473
0.011483777,0.051963955,0.013788121,-0.02606088,-0.06616842
-0.01437514,0.016998261,0.00012916664,-0.054823663,-0.03928218
0.00881678,-0.006853153,-0.05116047,-0.021985512,0.034548912
0.0026160136,-0.052083414,0.042394422,0.047460094,-0.01853526
-0.024559937,0.009613252,-0.005329656,0.03183566,0.0052440474
0.017282467,-0.010431832,0.030136975,0.04216266,0.017598635
0.019313566,-0.056067057,0.030554984,0.048214085,-0.0047400557
-0.04311286,-0.0044713286,0.058630764,-0.0116505055,0.050734296
-0.008987928,0.049281243,-0.0018392693,-6.0694314e-05,-0.03293387
-0.004871129,0.060096942,0.014178157,-0.000457822,-0.07455847
0.022201324,0.06938428,0.04021137,-0.040625554,-0.0751952
0.042766917,0.016571272,-0.06821648,0.02821136,-0.031173864
-0.032685082,-0.073159635,-0.055978555,-0.04271249,-0.028254498
-0.0291395,-0.00015438005,-0.013309302,-0.003267317,-0.015316953
0.021454098,-0.040307533,-0.035990216,-0.03221829,0.03294154
0.045078743,0.015415483,0.012450863,-0.06720229,-0.01658564
0.020309221,0.01992959,-0.049930774,-0.06570784,0.04606268
-0.059017498,-0.047327217,-0.06050449,-0.022432372,0.00603807
-0.02906281,-0.04454844,-0.0038360024,-0.0021564441,0.016361585
-0.021187043,-0.06328731,-0.008192619,-0.022721797,0.021317951
0.019374086,-0.045961473,-0.060220517,-0.09095359,0.0091190245
0.008027837,-0.025265073,-0.05062348,-0.046669904,-0.0345694
0.023756476,-0.07691857,-0.06404486,-0.0037491645,-0.0056696488
-0.041104984,0.0119805075,-0.019958647,0.03942387,-0.040397238
-0.041862946,-0.00716979,-0.045140095,-0.030583622,-0.029904654
0.0059361113,-0.024586065,-0.0727964,-0.03230265,0.032782953
0.03587621,0.02175394,0.0040877797,-0.027220616,0.031083243
0.031776913,-0.0026157303,-0.0145048285,0.054266054,-0.0020022844
-0.027398959,0.018164529,0.023908379,0.020265747,-0.00094278326
0.044191625,0.022697626,-0.040522493,0.039392006,0.051208254
-0.040639974,0.020274723,0.0059937616,0.06099046,0.029505627
0.009036583,0.050057553,-0.01875558,0.0006125838,0.047157902
-0.010758051,0.013848833,-0.016870653,0.00760489,0.039640702
-0.038788922,-0.022822544,-0.02033246,0.03536033,0.027860017
0.021335714,-0.04159779,-0.0004161932,0.011128281,0.031120025
0.03483636,0.039501946,0.035650287,-0.0037690655,0.029935462
-0.023025502,-0.0044228816,0.022836426,0.053869784,0.031821154
0.05537226,0.059723787,0.0075430325,0.04993785,-0.019678794
0.01363813,0.025926935,0.0014575336,0.03416301,0.042127572
0.018192133,0.025884012,-0.0007051728,-0.018098973,0.0014166781
0.041229498,0.04010039,-0.0043202927,-0.0266386,-0.04367219
0.0034608436,0.04569816,0.032284763,0.0019243142,0.041300446
-0.026474042,0.025282223,-0.016567368,-0.010848182,-0.033846952
0.03739462,-0.039550953,-0.00022784501,0.020017555,-0.036204197
0.03150962,-0.01803164,-0.034192953,-0.009486902,-0.0068596243
-0.031383526,0.022437904,0.039092373,0.05027743,0.033143792
0.035775788,0.042765178,0.00436666,0.019652138,0.0049932324
0.047815114,0.034230996,0.027903259,-0.016291393,0.021281129
0.021743752,6.147633e-05,0.03165834,-0.02688072,0.038653452
0.0018918444,-0.017601877,-0.006579212,-0.012091852,0.04978931
-0.025422093,-0.04028993,-0.06586005,0.01940065,0.027843175
0.037564937,-0.039903775,-0.07008923,0.0046655303,0.06361001
-0.05223174,0.007572291,0.020221787,0.040304862,0.041841287
0.02225981,-0.0013554092,-0.0049977135,-0.024804506,0.003005969
0.0065375348,0.025784548,0.046524968,0.05346117,-0.008857986
-0.013756477,-0.03722403,-0.035926435,0.043775834,0.07187578
0.023228927,0.021328075,0.057539605,0.072860725,0.04523209
-0.036437865,0.0658249,0.00074600155,-0.031021804,0.028637627
0.018971443,0.06261408,-0.033953335,-0.015299983,-0.03607788
-0.030184729,0.022444274,0.048947543,0.013750021,0.035172887
0.048252165,0.05141827,-0.013159071,-0.0074286284,0.05836499
0.039393187,-0.025010187,0.045618035,0.04112986,0.03858479
-0.046131924,-0.027429739,0.06648747,0.044400446,0.033341344
0.028956503,0.023800928,-0.024059817,-0.04654808,-0.035531275
0.01637551,-0.02971894,-0.041113555,0.027544042,-0.0020984446
0.038265564,0.02111339,0.0054612043,-0.035068028,-0.014804881
0.047016952,0.015296497,-0.033824876,0.032505363,-0.05096719
-0.026925594,-0.008711482,-0.0015650424,-0.03922553,-0.008248375
0.025155222,-0.03395497,-0.034307078,-2.0275009e-05,0.017167168
0.01949061,0.053512953,0.052895553,0.011478103,0.024425127
0.039704893,-0.019226955,-0.0004351213,-0.021140698,-0.019845426
0.0004763595,-0.00567042,-0.02945457,0.00020231935,0.047282897
-0.006855204,-0.03717183,-0.016494324,-0.018059434,-0.028174544
-0.00088220043,-0.030399645,0.037139907,0.0065948586,0.0008696831
0.03995929,0.04541441,0.049112327,0.08982484,-0.0068449294
-0.0523371,0.029397747,0.08588362,0.06828073,-0.032652296
-0.009027633,0.0013623065,0.07784414,0.03477232,-0.0015964914
0.017944513,0.020247223,0.008977167,0.033382583,0.01348282
0.003535485,-0.024020702,0.021470055,0.025660362,-0.022612583
0.026059192,0.014463723,0.020748233,-0.0033820309,-0.0012480401
0.0024380551,-0.05482564,-0.009039961,0.0481019,0.049298916
-0.009070482,-0.012458151,0.040497247,-0.028339721,0.025596697
0.0029260414,0.022440953,-0.007923551,0.016905507,0.04022841
-0.014946748,0.023868816,0.041615993,-0.026240258,0.031133318
