-0.20218977,-0.14975764,-0.14144969,-0.17989682,-0.19627573
-0.15881102,-0.1735933,-0.1866674,-0.14318478,-0.17992638
-0.17051022,-0.20049287,-0.19205439,-0.17881761,-0.174434
-0.17160451,-0.15503652,-0.15366,-0.19596577,-0.14336592
-0.16312544,-0.17140527,-0.1769297,-0.20748387,-0.21409725
-0.18172382,-0.21636565,-0.1662206,-0.21874985,-0.21367975
-0.2023667,-0.15592407,-0.14203604,-0.20935178,-0.20368512
-0.17522721,-0.18869512,-0.20881823,-0.15890847,-0.21647814
-0.18327892,-0.16245778,-0.13479364,-0.21410827,-0.14683478
-0.17552459,-0.14026015,-0.13493039,-0.1897061,-0.18551075
-0.17855501,-0.13278349,-0.18718639,-0.14134587,-0.15321127
-0.12500831,-0.13397638,-0.13261701,-0.2001103,-0.24909374
-0.19497712,-0.14343654,-0.15652215,-0.20656295,-0.20946892
-0.16106144,-0.14571647,-0.24758731,-0.13779028,-0.2066014
-0.20436202,-0.14257158,-0.12283753,-0.18434846,-0.12650669
-0.19672662,-0.21409337,-0.18929955,-0.15386431,-0.19739234
-0.14069214,-0.20294867,-0.20068851,-0.18940093,-0.26787707
-0.14219841,-0.20776588,-0.19468857,-0.1833931,-0.14294359
-0.16287357,-0.16092078,-0.24335,-0.1561673,-0.17835766
-0.1476845,-0.16345835,-0.14241894,-0.15256861,-0.17717415
-0.23274858,-0.24229772,-0.2903717,-0.18976888,-0.19929548
-0.21537116,-0.28530714,-0.23662297,-0.18117142,-0.1648958
-0.25939825,-0.1810899,-0.16461045,-0.19017188,-0.2089826
-0.16216329,-0.15372801,-0.20217784,-0.16723806,-0.19353826
-0.19574365,-0.19186111,-0.23742087,-0.17474455,-0.2177918
-0.21284989,-0.17922562,-0.18979973,-0.19967127,-0.18258454
-0.17832613,-0.15788822,-0.16288745,-0.17339636,-0.1654942
-0.20109817,-0.19458812,-0.2080264,-0.14267759,-0.22057976
-0.13933492,-0.15975025,-0.21036762,-0.13304289,-0.17883404
-0.1625864,-0.13115412,-0.14409344,-0.1375864,-0.21920656
0.19164976,0.09778693,0.18384911,-0.096075244,0.13995051
0.102815345,0.15615034,0.22251573,-0.08233071,0.15459311
0.19807938,0.16632539,0.1471177,-0.17348333,0.022216389
0.15332375,0.12683842,0.19308403,-0.27820823,0.16370997
0.17816103,0.116707705,0.12810497,0.18474089,0.084602386
0.06114854,0.035208438,0.018306125,-0.02673106,-0.09616138
-0.0070339427,-0.008169445,-0.018829416,-0.060830202,-0.06290982
-0.0048410916,0.003977153,-0.006262188,-0.0653252,0.028173326
-0.062260896,-0.0808231,-0.10350495,-0.07336195,-0.009570451
-0.080096975,-0.074314564,-0.060652092,-0.034657385,-0.06527365
-0.1809083,-0.2263232,-0.14592673,-0.14250877,-0.17524472
-0.15812473,-0.21060023,-0.20280123,-0.16300596,-0.14502814
-0.118185006,-0.14348173,-0.19025747,-0.17033364,-0.17066349
-0.16074966,-0.12294068,-0.21094947,-0.1888213,-0.17335062
-0.11733321,-0.15074691,-0.1671721,-0.18192303,-0.13249128
-0.23793921,-0.14973089,-0.1101084,-0.13121803,-0.15792048
-0.17401169,-0.1771434,-0.12057854,-0.12516485,-0.18539254
-0.15169074,-0.13338207,-0.1857969,-0.10671853,-0.21778363
-0.16105674,-0.13806124,-0.12921083,-0.1983329,-0.10233972
-0.12257527,-0.1540678,-0.1420228,-0.13571465,-0.16167201
-0.20242645,-0.16502436,-0.17215171,-0.19754702,-0.14768511
-0.18181925,-0.11435618,-0.13576889,-0.13984099,-0.1495799
-0.14230739,-0.12281757,-0.12414166,-0.16746415,-0.17362653
-0.1422422,-0.17335522,-0.16446243,-0.14974841,-0.13824895
-0.19496582,-0.14103146,-0.1796831,-0.19104466,-0.17835526
-0.00096486753,0.022023972,-0.039830133,0.012147575,0.040293287
-0.02526632,0.010686484,-0.01797878,0.010994867,0.019365072
-0.027548863,0.010701524,0.04420238,0.0031378067,0.0985853
0.18378,0.18715383,0.013770414,-0.003223959,-0.009584328
-0.20831446,0.20938669,-0.025263082,-0.19983052,-0.14901769
-0.20799638,-0.19336782,-0.20373593,-0.22232226,-0.16150647
-0.20706798,-0.20549868,-0.19166467,-0.16753413,-0.14436077
-0.14936283,-0.18337218,-0.21803187,-0.17867768,-0.18241324
-0.15135719,-0.19405857,-0.22701588,-0.1680565,-0.19201688
-0.16944043,-0.17341532,-0.17140222,-0.15878506,-0.21368238
-0.2101222,-0.13873476,-0.13275042,-0.19131435,-0.098895855
-0.1648585,-0.1854371,-0.19785193,-0.19743119,-0.13775337
-0.20108104,-0.19184834,0.044520035,-0.19206932,-0.12927888
-0.153538,-0.15149206,-0.16338849,-0.008005695,-0.1532234
0.013320424,-0.19740815,-0.036841415,0.1328827,-0.0054124277
-0.2045993,-0.18444313,-0.15058462,-0.13111044,-0.13228597
-0.17273153,-0.14737806,-0.19630426,-0.1223316,-0.18556277
-0.14816105,-0.17108308,-0.19255215,-0.19301465,-0.23938456
-0.18233265,-0.12226195,-0.16413279,-0.18307793,-0.15089965
-0.17362824,-0.16272905,-0.11699701,-0.2542953,-0.19216551
-0.15454118,-0.13164075,-0.2029768,-0.14746228,-0.12019932
-0.16902336,-0.18826465,-0.13969986,-0.13848568,-0.16833687
-0.19898102,-0.15975103,-0.189034,-0.19926088,-0.13315496
-0.13903245,-0.14692873,-0.19832371,-0.12013016,-0.13047484
-0.13805772,-0.17185697,-0.17145643,-0.20020294,-0.13503486
-0.18751734,-0.2252514,-0.13094527,-0.17864664,-0.15527694
-0.18967886,-0.18337163,-0.19312546,-0.140779,-0.20610014
-0.17747158,-0.14068297,-0.17157748,-0.19012104,-0.146028
-0.13775577,-0.18403652,-0.14318638,-0.18661995,-0.1815243
-0.1437228,-0.18144181,-0.18404257,-0.18927798,-0.21777397
-0.13986443,-0.20931046,-0.20315476,-0.1543306,-0.22928603
-0.1733438,-0.16649099,-0.11527389,-0.19932202,-0.19817778
-0.16629039,-0.20274279,-0.19027269,-0.13273059,-0.15863775
-0.18043482,-0.2096803,-0.15936925,-0.17912225,-0.13297142
-0.22184771,-0.13276091,-0.20678464,-0.1885742,-0.15484358
-0.15859804,-0.19870493,-0.14250834,-0.20508817,-0.19177353
-0.14868742,-0.20886986,-0.20876132,-0.18164092,-0.22029382
-0.16583261,-0.17644267,-0.1812721,-0.15807453,-0.18499987
-0.21229397,-0.20866507,-0.15026078,-0.16578579,-0.15722992
-0.20731106,-0.18268968,-0.1422003,-0.14337826,-0.14808878
-0.11002862,-0.16819543,-0.19165854,-0.1330996,-0.13279378
-0.16436858,-0.1571594,-0.15962444,-0.19679216,-0.18081391
-0.1647272,-0.13921419,-0.17240933,-0.14172983,-0.119895406
-0.16340758,-0.16959263,-0.190939,-0.16830844,-0.1949622
-0.12411898,-0.122003786,-0.15410848,-0.11837752,-0.1314944
