0.039310697,-0.0354941,0.002693836,0.05255815,0.01795387
0.015408417,0.046228405,0.03894573,-0.013796015,-0.010499418
-0.00123044,0.048466854,0.04308998,0.021850996,-0.0018690109
-0.025575615,0.05510048,0.053973194,0.0029536656,-0.020360954
0.0035743963,-0.023314878,0.038628716,-0.035803765,0.02770718
-0.03685133,-0.022002408,0.012897056,0.01861022,0.009784329
-0.021327013,0.04944532,-0.02712253,-0.06268896,-0.034611095
-0.016456548,-0.004109871,-0.048725065,0.00073917845,-0.023415193
-0.00073211035,-0.024279855,0.0017863718,0.042489827,0.028217927
0.006923735,-0.0484909,0.046736747,0.013038743,-0.022785388
-0.012224982,0.027331587,-0.026195386,-0.00677966,0.01280222
-0.026271375,0.018622905,0.05745653,0.027845863,0.06578076
0.00479643,0.059747946,0.03755909,0.025317574,0.04047299
-0.00989521,-0.001016042,0.03280716,0.024971858,-0.031057755
-0.03154839,0.039165556,-0.021312946,-0.029012501,0.012692437
-0.020571288,-0.022893643,0.038999815,0.055843182,0.024361227
0.043953802,0.022852546,0.08606353,-0.0058426396,0.041581433
0.07669352,0.054520708,-0.012163362,-0.045200218,0.0075812023
0.0074476567,0.008591247,0.014869016,0.011106382,0.030274319
-0.039198853,-0.009643652,0.047083635,0.060984187,0.028144617
-0.03155728,-0.005356792,0.0025224078,-0.026760785,-0.03562154
0.038410045,0.006327188,-0.0050747716,-0.0070651188,0.026390685
-0.05232308,-0.038452487,0.050712924,0.05746818,0.07973557
-0.013458926,-0.015157126,-0.009814472,-0.009937353,0.018491393
-0.0068299402,-0.027810473,0.0143478755,0.013201053,-0.046149645
0.0153514035,-0.047913272,0.041362464,0.027375732,-0.04073605
0.034151487,0.04796999,0.057076063,0.018609567,0.0151715325
0.054239765,-0.03036212,-0.040906,-0.07382081,-0.07349043
-0.016657753,0.0037489273,-0.08292718,-0.007573793,-0.010008483
-0.032671843,-0.06422283,-0.028361361,-0.0119713815,0.038620606
0.04207328,0.04458066,0.032123916,0.04903285,0.041603208
0.066403486,0.09944263,0.117198676,0.06647395,0.055869948
0.074204534,0.05564685,0.0776725,-0.014008081,0.035256695
0.054202568,0.03390959,-0.018360196,-0.010064877,0.014877948
0.022918275,-0.018139472,-0.004363093,-0.0043708174,-0.018862939
0.012277793,0.016482875,0.00792165,-0.0054520452,0.012842611
0.0018906278,0.056947187,0.03499303,0.08813037,0.08030383
-0.012008045,-0.007327527,0.02260078,0.033451285,-0.002746764
0.022299403,0.041199587,0.042628065,-0.021783294,-0.022547817
0.050775357,0.016407337,0.021610418,0.0323532,0.012907825
0.005929768,-0.021604095,0.032113966,-0.013464043,0.021233015
-0.012789697,-0.025541075,0.039682325,0.051097352,0.064088516
0.029119626,0.018447634,0.104864284,0.07232924,0.059844818
-0.031567138,-0.009123813,0.009988978,0.03652037,0.03611815
0.011932255,0.045640763,0.02619977,0.005839385,-0.0040899944
0.027158352,-0.013957519,-0.0178131,0.007628094,0.04205386
0.002844475,0.010085952,-0.023670504,0.012750178,0.0048606135
0.0421985,0.008232213,0.061821062,0.026709441,0.030041985
0.004699847,-0.0055499617,-0.022025486,-0.0014756483,-0.034261737
0.06386334,0.040511563,-0.036227833,-0.020638783,-0.024399875
0.02613884,-0.0005577918,0.043139566,0.03217381,-0.011997055
0.0063795336,0.00598184,0.027402367,-0.047603738,-0.0027950944
-0.04788646,-0.013732107,-0.022985075,0.06356782,0.016777538
0.038155433,-0.030168591,-0.00031018222,0.060810663,0.05970898
0.0035374244,0.02600053,0.019761838,0.0049966983,-0.042993207
0.008430457,-0.012021026,-0.045445397,-0.033416137,-0.0071425377
0.02457083,-0.0026741188,-0.0007416801,0.041668393,0.0021857002
-0.039267898,-0.03802015,-0.016019309,0.010675107,-0.027305106
0.0002477793,-0.036874846,-0.015412124,0.012264474,0.028595848
-0.004147825,-0.0044412194,0.020588674,-0.026250832,0.020243926
-0.015413943,-0.029728938,0.009784903,-0.01511853,0.0002906119
0.022225503,-0.023040593,-0.015546412,0.041759267,0.00060451933
0.027240083,0.040788382,-0.023859113,0.061121274,-0.0007631325
0.0149529725,0.0062208967,0.02018667,0.036798846,-0.008179136
-0.012060785,0.020753289,-0.033465788,-0.013234587,-0.013367561
0.032692917,0.028969575,-0.0024694337,0.0066842884,0.030574575
0.03932499,-0.021392114,0.042446125,0.016965583,0.0038442581
0.023079656,0.037246983,-0.01822339,0.016578535,-0.03460998
-0.012487386,-0.034295794,-0.03115962,-0.045754787,-0.03684563
-0.036297224,0.0070356624,0.030330548,-0.0031553546,-0.006508529
-0.0343906,-0.023616169,-0.0015711905,-0.024369387,-0.008661505
-0.050380535,-0.020551763,-0.022585228,-0.0606577,-0.02567361
-0.06591574,-0.026965883,-0.030368181,-0.013488233,-0.025729688
-0.0018859443,-0.01392927,-0.055441994,-0.010265709,-0.06373085
-0.016009293,-0.0020712519,-0.0007473875,-0.057016183,-0.053122055
0.029430196,-0.03733215,-0.018998196,0.031623498,0.022835638
0.020259505,0.0012256462,-0.014424367,0.013193324,0.012866542
-0.02338516,0.02123309,-0.03510729,-0.026369182,0.0016344542
0.010330369,0.02716587,0.013799945,0.028345723,0.01145295
-0.035088673,0.015420701,-0.032412022,-0.04233041,-0.02073491
0.04182232,0.041997902,-0.028381974,-0.0015348787,0.043177497
-0.020070352,-0.0020350763,0.05282957,0.018203463,-0.053581055
0.032754213,0.042464312,-0.006556871,-0.028556628,-0.006365439
-0.01904876,-0.02883382,0.003119505,0.03921388,0.013266172
-0.0010342902,-0.026932446,0.022504602,0.0558342,0.00021820988
-0.045058824,-0.0036520888,0.047496967,0.019361395,0.016815653
0.023409266,0.011625618,0.04198162,-0.0010983071,0.040612787
-0.035947867,0.017779334,-0.009379931,-0.021634853,0.04250459
-0.021141937,-0.04168815,0.01424865,0.01324119,-0.023297453
-0.0040408834,0.02011877,0.021175247,0.021395572,0.006074193
-0.016829459,-0.048667405,-0.06097975,-0.05450132,-0.050666153
0.02239976,-0.07485328,-0.033287186,0.027248215,-0.03272084
-0.03574319,0.0045494894,0.041197136,-0.042552233,-0.033154137
0.025249269,0.023032794,-0.043124016,-0.045064945,-0.04833058
0.046642117,-0.0037333418,-0.08426617,-0.05084671,-0.0056547956
-0.038694434,-0.023161206,0.014393812,0.011116364,-0.034934327
0.029968562,-0.018726066,-0.015601584,-0.025478898,-0.01676342
0.0062726764,0.017286338,0.06757281,0.04588886,0.03985412
-0.0011845593,-0.038235478,0.011541591,0.007292823,0.044117313
-0.026312672,-0.027082358,-0.01740583,-0.0012459152,0.003066481
