-0.027989844,0.019628393,0.013155625,0.025392665,0.032654874
-0.0036020367,-0.014966405,-0.00039604874,-0.0059309704,-0.019673543
-0.03473409,-0.04085279,-0.023671249,-0.03806327,0.022334065
-0.03456271,-0.027097622,-0.041647185,0.020295383,-0.055952985
-0.028541073,-0.03294955,0.011562031,0.023708222,-0.023076689
-0.007233837,0.0417915,0.032291256,0.01403713,-0.02478673
-0.033221833,-0.03588464,0.011769117,-0.024727374,0.033002622
-0.014149303,0.028647708,0.016261159,0.039077397,0.03703375
-0.034802597,-0.025702413,-0.0040571224,0.033622086,0.024043424
-0.023585478,-0.005350974,0.014025662,0.036920648,0.010517529
-0.051033266,-0.0440811,-0.031490467,0.026844826,0.03862236
-0.024455149,-0.04349593,-0.018488975,-0.018679649,-0.0036756068
-0.046810843,-0.0011519669,-0.013638309,0.019297393,-0.0044902693
0.030682001,0.05427689,0.022561934,0.022181666,0.022435552
-0.019486869,0.028101545,0.009208474,-0.01212317,0.010114207
0.017109515,0.053857528,0.03357696,0.019606374,0.020563066
0.010606002,0.046307508,0.019533182,0.013828268,-0.009140678
0.01874626,0.049390372,0.0048709763,-0.058402464,-0.005936185
0.03624414,-0.02208967,-0.0400274,0.032528006,0.016398514
0.04049372,-0.011096754,0.022522585,-0.0097057,0.0023538424
-0.05609171,-0.040505968,0.011852739,-0.022366067,-0.037414555
-0.040162835,0.0007100504,-0.021155087,0.03274769,-0.019377258
0.015099373,-0.01923822,0.0061883754,0.056613438,0.013285517
-0.059709787,-0.042932782,-0.0018322478,0.0059376867,-0.03449706
-0.014066407,0.04403773,-0.013434935,0.013637076,-0.055803142
-0.04122977,0.033391863,0.057480972,0.009760601,-0.021254627
0.03559258,0.017577441,0.016184041,-0.03001226,-0.03946764
0.028519955,0.045888647,-0.059568465,-0.035806105,0.032353204
0.014960484,0.06799203,-0.025741253,-0.012911841,0.04426807
0.021552132,0.0060341265,-0.011596433,-0.015447521,0.0018064703
0.016986635,0.016466886,0.046828154,0.009348546,-0.011656447
-0.0037894868,-0.042165212,0.0036686515,-0.037885126,0.009705297
0.010560472,-0.040855903,-0.03126443,-0.040846914,-0.033232372
0.009694162,0.00022366425,-0.0136068575,-0.044070303,0.016330436
-0.033755857,-0.051432863,-0.031312507,0.021472985,0.028902574
-0.031416047,0.014719511,-0.03198103,-0.0156868,0.036309693
0.023831876,-0.014022293,-0.004880747,0.017609557,-0.060753774
0.028723717,-0.048365373,-0.023862299,-0.030415766,-0.04904308
0.029572124,-0.013910834,-0.036922764,-0.03988806,-0.008194801
-0.042344578,-0.028470632,0.012959774,0.039856404,-0.019020718
0.02976547,-0.029218085,-0.004023301,-0.026730346,0.026624782
-0.036850538,-0.046304636,0.009290503,-0.019062163,0.022413796
-0.048953217,0.021110136,0.016163195,0.020011539,-0.037665647
-0.06822301,-0.003866104,-0.0019550608,0.018536296,-0.0013244194
-0.026470782,-0.0582276,-0.009413897,-0.03915247,-0.0020481432
0.014635691,-0.05954846,-0.030801432,-0.02872337,0.036831744
0.035718333,-0.019602949,-0.06273572,0.028809963,-0.005871988
0.02299416,-0.034974262,0.00507224,0.04129337,0.030261151
0.008973051,0.0053438083,-0.03139063,0.0234044,-0.04942586
-0.04457683,-0.0029838404,-0.009235451,-0.036492202,-0.058344234
0.012977992,-0.015269779,-0.04080635,-0.02862456,-0.013948219
0.0035087946,-0.0010510496,0.025244415,-0.007171697,0.028730279
-0.016578868,-0.0032419388,0.009899935,-0.03666557,-0.018410016
-0.022318691,-0.055780508,0.033597764,-0.033510268,-0.013957091
-0.060581665,-0.03728942,0.0017652747,0.01998866,-0.023550717
-0.040826406,0.0038121892,-0.022919238,0.04812636,-0.0042802007
-0.02193346,0.033056032,0.030112442,-0.02255964,-0.007998611
-0.03979129,0.056106154,0.025852716,-0.0267976,0.008760271
-0.012391761,-0.022793638,0.027855346,-0.05037543,-0.007865751
-0.022614798,-0.014332198,0.026906539,-0.050987314,-0.029226504
-0.004415776,-0.017154504,-0.03265596,-0.01636627,-0.011271532
-0.035943992,-0.0074004596,-0.010266102,-0.014002552,-0.0054013915
0.024955913,-0.007916747,-0.016005533,0.0064600157,0.0126876505
0.03493304,-0.010746256,0.0032104345,-0.04899457,-0.026379794
-0.04769908,-0.042967867,-0.015416847,-0.026225243,-0.0072833295
-0.0065365406,0.01391286,0.0004935428,-0.016546004,-0.025714185
-0.027267108,-0.021616016,-0.018815935,-0.030379415,-0.05027855
-0.0502433,-0.017983958,-0.008335915,-0.005820258,-9.669881e-05
-0.0029355853,-0.049448144,0.019749895,-0.040716723,-0.02219954
-0.019967081,-0.03715261,-0.018861989,0.03701725,-0.04182062
0.02226122,-0.018111968,0.00055486267,-0.013785567,-0.04632019
-0.037237708,-0.044899672,-0.014353009,0.034223754,0.019460965
-0.049688604,-0.023935081,0.03933792,-0.00635045,0.0028827868
-0.05891797,0.049377598,0.029072808,0.016626824,0.0055090864
0.012598178,0.026199168,-0.012028696,-0.0568229,-0.014859756
-0.037444763,-0.053228233,0.01715169,0.025292054,-0.03353304
0.025685407,-0.043786336,-0.026288439,-0.0023153836,0.024836592
-0.028733231,-0.026554134,-0.04625164,0.05512384,-0.026194725
-0.009162495,0.0003225035,0.033225346,0.004153432,0.012831818
-0.025135184,-0.039423723,0.042521477,-0.044269796,-0.041777853
0.02181333,0.0037630985,0.036117062,0.014025493,0.0052010817
0.017802367,0.005836645,-0.01983683,0.034664053,0.022543361
0.025411785,0.037510104,-0.044558432,-0.030434703,0.035915278
0.005315694,0.021239907,-0.006187256,0.04525874,0.017665653
-0.0213819,-0.039853696,-0.04178568,0.011694834,0.016342582
0.0012095319,-0.03746383,-0.014489136,0.007279901,-0.016290372
0.0025136378,-0.020867761,-0.054944616,-0.023692105,-0.006386038
0.022823777,0.028982276,0.0029323145,-0.0004688216,-0.027109135
0.005973314,-0.028450951,0.017908469,-0.046650253,0.030139498
-0.03979931,-0.016441291,-0.05054773,0.00066501094,-0.033472978
-0.02648296,-0.013233795,-0.0016763245,0.048632003,-0.0101738265
0.030436018,0.050720125,-0.0090608625,0.04088813,-0.017522683
0.012663832,0.029179966,0.03473266,-0.027242811,0.00062647724
0.05535964,0.058707774,-0.0078739105,-0.031885296,0.025735263
0.038839847,0.011427802,-0.014018218,-0.009704159,-0.005900612
-0.05653268,0.008849082,-0.04739169,0.015983855,-0.023413831
-0.011610067,-0.053280607,0.007297413,-0.020981073,0.016528333
0.016298825,-0.013754534,0.013885403,0.004716034,-0.008128484
0.018355967,0.03499615,0.027144933,-0.014115853,0.012252099
0.008775901,-0.03322481,0.011235721,0.01978269,-0.019536786
