-0.18814525,-0.20340322,0.21718512,0.20864901,-0.19428684
-0.19290927,0.15507735,0.17776735,-0.1656873,-0.23055974
-0.18192402,0.23021713,0.2068996,-0.16545275,-0.19977385
0.18387373,0.14947832,-0.2093017,-0.17643273,-0.172404
0.21401852,0.16244586,-0.1748262,-0.212367,-0.2206467
-0.20480321,0.15724729,0.19614418,-0.18052432,-0.15896039
-0.16378006,0.19637479,-0.17040451,-0.17396545,-0.22995842
0.16699177,0.15113446,-0.21359281,-0.17870708,-0.14549646
-0.15667722,-0.20586605,-0.17727594,-0.15689023,-0.17834847
-0.22423007,-0.18218243,-0.1694562,-0.18034749,-0.14681914
-0.15034328,-0.21259521,0.22166327,-0.22765295,-0.21305378
-0.169524,0.189024,0.22628383,-0.16104823,-0.19718696
-0.14487027,0.15557009,-0.1793148,-0.17339431,-0.15270683
0.23121282,0.20945492,-0.20757948,-0.15170953,-0.15688008
0.18677142,0.21974382,-0.18053502,-0.19155806,-0.17385218
-0.18754056,-0.20025595,-0.18087383,-0.18796407,-0.21838921
-0.22041224,0.20235695,-0.20506485,-0.18657391,-0.14817128
0.22061792,0.21245971,-0.16385141,-0.15738563,-0.21765558
-0.14598422,-0.22063826,-0.21664675,-0.20598859,-0.14395958
-0.1626078,-0.17512992,-0.16174,-0.23038034,-0.23032308
-0.17372821,-0.19989334,-0.16626303,-0.21940222,-0.14520788
-0.22667515,-0.16487165,-0.16410424,-0.21163534,0.22716844
-0.16435982,-0.20808177,-0.2078929,0.22177133,0.17663343
-0.18472363,-0.16716485,-0.16665152,0.16525762,0.22132103
-0.17410061,-0.17324187,0.16687052,0.20782189,0.18210003
-0.15593836,0.21048883,-0.15531115,-0.19373825,-0.15859991
-0.15307263,0.19758058,-0.19048655,-0.21688636,-0.21074767
-0.16189168,-0.21506694,-0.2096569,-0.16485654,-0.2103885
-0.22225039,-0.17772622,-0.16836603,-0.22820604,-0.18194775
-0.22214952,-0.16879624,-0.16320227,-0.17261326,-0.1439942
-0.19628266,0.16978566,0.19970499,0.20103754,-0.20755461
0.15776892,0.17379586,0.20615298,-0.16873722,-0.20744342
0.22543743,-0.22079515,-0.19281176,-0.17672819,-0.21980248
-0.14683673,0.16542615,-0.16113965,-0.18582526,-0.21270473
0.22932717,-0.19249274,-0.179685,-0.14559415,-0.2297549
-0.15167211,0.16558076,0.15134726,-0.16278046,-0.20134078
0.15176246,0.16570155,-0.15871832,-0.16806713,-0.18986373
0.21060425,0.19645262,-0.22114043,-0.17907721,-0.15582351
0.18307894,-0.19268313,-0.1437503,-0.20045258,-0.14597827
0.22674449,-0.15150727,-0.17578733,-0.17539087,-0.17615905
0.14661252,-0.2045511,0.16253866,0.1810499,0.16525665
-0.2020217,0.15706655,-0.22012486,-0.1731411,-0.14397153
-0.20576946,0.15805466,-0.20258474,-0.2045269,-0.23115712
-0.14837588,-0.15727438,-0.15443242,-0.21076548,-0.21721394
-0.14461046,-0.21465987,0.14996006,-0.22477044,-0.17403097
-0.19351956,-0.2149465,-0.1495644,0.16285723,-0.1847339
-0.16537462,-0.16624899,0.22509067,0.18211944,-0.16456118
-0.19119628,0.19355339,0.16140139,0.21531972,-0.17747666
-0.17850539,0.18423079,0.20575906,-0.23075359,-0.1511033
0.22272591,0.21161988,0.1860004,-0.22937033,-0.19977978
-0.22356921,-0.20906647,-0.152491,-0.19282314,-0.14311185
0.16511786,0.16681491,-0.22350793,-0.17063525,-0.17111634
-0.16501503,-0.14898646,-0.16077937,-0.22868066,-0.18638232
-0.14864929,-0.156458,-0.17036025,-0.20866494,-0.22539994
-0.1445251,-0.20231429,-0.17238145,-0.19975473,-0.20276764
0.015924342,0.041372485,-0.010622179,0.019372536,0.018005067
-0.0071439277,0.008898645,0.0148590505,0.039926484,-0.016881853
0.034398336,-0.0028874802,0.017639715,-0.03625882,0.030056845
0.037691317,-0.17408957,0.0013726298,0.011670913,-0.03532144
-0.03855,-0.14571275,-0.040158827,0.17617325,-0.027390258
-0.22940968,-0.20663229,0.18726549,0.15176451,-0.221948
0.15136474,-0.18927938,-0.19957662,-0.15480252,-0.23048091
-0.22670715,-0.20129046,-0.14294516,-0.14693531,-0.19345209
-0.19985676,-0.18147907,-0.18578899,-0.18346602,-0.20699766
-0.18984264,-0.17906441,-0.160946,-0.21588193,-0.1967672
0.02245514,0.02943745,0.024225332,-0.010846618,0.010197981
-0.015307719,0.0379822,0.025404546,-0.040356673,0.021722786
0.04390155,0.0119590955,-0.03547278,0.028766844,0.002394296
-0.011999112,0.019517891,0.034721967,0.020294616,-0.03526128
0.018664405,-0.027596613,-0.04177129,-0.022180928,0.023525106
-0.15327495,-0.17445986,0.21513957,0.14498651,-0.20943452
-0.21318148,-0.22563078,0.15973693,0.15571721,-0.22502889
-0.18113822,0.16680706,0.18950719,-0.19481817,-0.18459289
-0.22826928,0.15098253,0.14722542,-0.15653457,-0.18618517
0.14959125,0.17045143,0.18715875,-0.21726015,-0.15148465
-0.15554985,0.1984108,0.17995466,-0.161626,-0.17518456
-0.18384694,0.19315936,-0.22653736,-0.17499079,-0.17132322
-0.16005525,-0.16643798,-0.14959939,-0.21143526,-0.1839954
-0.21890946,-0.1492611,-0.18975165,-0.2262986,-0.15867306
0.19280973,-0.20054348,-0.1476581,-0.21120325,-0.20984392
-0.2030062,-0.1825337,-0.22242029,-0.17799756,-0.23094128
-0.21167909,-0.21382394,-0.22016266,-0.17742231,-0.16801973
-0.19859485,-0.20110296,-0.1867214,-0.22391595,-0.23011123
-0.21662824,-0.22009009,-0.181361,-0.15156916,-0.15575235
-0.21519767,-0.1627865,-0.1484451,-0.19709529,-0.20214756
0.14536683,0.18443845,-0.204939,-0.17636298,-0.22870395
0.18337607,0.19548374,-0.19878931,-0.19453862,-0.14521699
0.20711659,0.15434986,-0.20790043,-0.16703212,-0.16818172
-0.22530168,-0.21821292,-0.20616126,-0.19310956,-0.1849861
-0.17663255,-0.20851703,-0.21263854,-0.16261607,-0.22254379
-0.19555235,0.14753228,-0.22168608,-0.17095757,-0.1898585
0.16727218,0.2318803,-0.22473942,-0.2115542,-0.17750117
-0.19328563,-0.22861682,-0.2142952,-0.2116554,-0.18301973
-0.1686493,-0.16023162,-0.14985104,-0.21129093,-0.15382051
-0.21329662,-0.226088,-0.20693353,-0.16716048,-0.18025573
-0.22654183,0.19969745,0.18592487,-0.15515758,-0.21293655
0.15057072,0.18483983,-0.20559067,-0.19527318,-0.19964367
0.23127955,0.1817957,-0.2309312,-0.21397825,-0.1890827
0.21287546,-0.17673504,-0.23179145,-0.18114252,-0.15574099
-0.20199777,-0.16686437,-0.15049836,-0.15008207,-0.18025607
