-0.02304459,0.009853637,0.021200078,-0.019661825,0.0078022867
-0.032359686,-0.02691551,0.014521658,0.015702587,-0.00739551
-0.0099714445,-0.0063476358,-0.02639206,-0.043209683,-0.0056069023
-0.038224287,-0.0019133118,-0.0279346,-0.03904413,0.0031810524
0.02311782,-0.051045798,-0.017598342,0.047083646,0.0062428545
0.028453108,0.025535742,-0.035753522,-0.00396116,-0.018940693
0.030801572,-0.030733006,-0.014671054,0.027306825,-0.010708814
0.019819781,-0.013316633,-0.014917175,-0.013635919,0.0005708982
0.00068084884,0.03458734,0.007609957,0.034574687,-0.03564315
0.028182764,-0.04916422,-0.023496745,-0.034027036,0.0068416395
-0.006255792,-0.019380331,-0.045047253,0.018609183,0.014819256
-0.019952103,0.034352213,-0.022798933,0.0021354295,-0.043455396
0.013355482,0.017661003,-0.012573455,-0.0012565891,-0.017947165
-0.011909896,0.012923533,0.037805483,0.0023234123,-0.029640134
0.036577936,0.008382435,0.02791044,0.0008640923,-0.013979335
-0.013542106,0.019191658,-0.038209464,-0.010100253,-0.0066010323
-0.011955714,0.019673169,-0.006898745,-0.019184,-0.00476641
0.011775705,0.0109552415,-0.0003504747,0.027097465,0.04320307
0.03666134,-0.026988395,-0.03095364,-0.026397247,0.046179526
-0.028315112,0.024426008,-0.008048397,0.00051435764,-0.0060289158
0.016861489,0.0019753417,0.02112875,-0.014590812,-0.03701849
0.0017812594,-0.03654383,-0.046067335,0.026909202,0.019301629
-0.020843854,0.03852537,0.04564581,-0.027932268,0.025662433
-0.0328581,0.006416895,-0.035444338,0.014572613,0.04242744
0.021633225,-0.009777054,-0.0324019,-0.020818897,0.018021325
-0.02788666,0.03362339,-0.006327756,-0.028434943,-0.017219858
0.013306046,-0.02619666,-0.0206569,-0.027854526,0.012807498
-0.011349908,0.006332623,0.0013775349,0.036879264,0.043429326
-0.025913723,-0.019286003,-0.0069635143,0.04835542,-0.021375068
0.018938314,0.028907835,0.04287773,-0.026178436,0.007930383
-0.0020204396,-0.0033127186,0.03747558,-0.0023012809,0.008906554
-0.019356092,-0.0012957837,-0.030408995,-0.040780496,-0.0101749785
0.020389829,-0.017813403,0.029563408,-0.040758733,0.017245691
0.020759724,-0.00486547,-0.03623964,0.032359418,0.043328207
-0.040139396,-0.012258891,0.015231431,0.043038826,-0.026539836
-0.005811665,0.04237342,-0.013568327,0.012984721,0.015732713
-0.04001329,0.0030134018,0.011651213,-0.028444871,-0.03623739
-0.016722199,0.007249286,0.038551252,-0.040240873,0.0047708354
-0.026289687,0.017817099,0.0029095511,-0.0024288876,-0.04883866
-0.017339427,0.022597358,0.044504315,0.028259274,0.043407496
0.03141603,0.022208355,0.034551345,0.030890368,0.010439552
0.038126893,0.02337648,-0.015748965,-0.02358669,-0.031508442
-0.01263697,0.033091035,-0.01934645,-0.007961534,-0.029944275
0.00059643586,0.0045031365,-0.039661348,-0.023199324,-0.027078768
0.036177173,-0.0417631,-0.0126981875,-0.044713978,0.039156735
0.053382184,0.020835835,0.051939808,-0.039699096,-0.031597536
0.051778015,-0.007944037,0.025594331,0.03352137,-0.031175114
-0.027425626,-0.029944524,0.034215767,-0.0224786,0.018970305
0.02082978,0.040354684,-0.028220724,0.020091673,-0.020549567
-0.031506997,-0.016568609,-0.021279678,-0.028971639,0.03508776
0.043081824,-0.003931066,-0.0035660383,0.00018185722,-0.02023306
0.028248081,-0.029131554,-0.0023281844,0.004795521,0.046261482
-0.01179271,0.055687513,-0.008921143,0.057496935,0.039771378
-0.00704546,0.0043208525,0.04657981,-0.031069787,-0.04962397
-0.01661502,0.021421097,-0.026481694,-0.0002458969,-0.031929553
0.026282558,-0.013811141,-0.0018436491,0.028843679,-0.027163403
0.0009964383,0.02055936,-0.014045194,-0.052853554,-0.026878485
0.05620538,0.020740435,-0.05875328,-0.029542604,-0.014122359
0.05186777,0.040620264,-0.020655373,-0.030257335,0.01486739
0.0054590167,0.013688867,0.028973801,0.024296675,-0.020166246
-0.030634053,-0.025347888,0.017804341,-0.027819159,-0.041593857
-0.042131044,-0.042801928,-0.013529138,-0.0072514503,-0.048019882
0.030081166,-0.038103335,-0.024431763,0.0022299825,0.06033406
-0.03451457,0.015680064,-0.014416063,0.0080015585,0.0380735
-0.001742656,0.004966661,0.059604935,0.030425938,-0.0048834193
-0.044565547,0.03805665,-0.023971384,-0.014242125,-0.00031397323
-0.032586537,0.039899725,0.021890495,0.0022748527,-0.0062187733
-0.021237882,-0.01620118,-0.022984277,-0.021664636,0.02634111
0.012984274,0.0073157037,-0.037551604,-0.01167762,0.021290872
0.029208055,0.032196082,0.01825913,-0.0088245375,0.014474226
0.030364478,-0.024800519,0.040178932,0.006183307,0.0062486217
-0.0007855678,-0.03635207,0.024773628,-0.030191004,0.014392112
-0.018358331,0.0004768102,0.008393425,0.036910538,0.035611555
0.023722595,0.050168622,0.027499804,-0.021486422,-0.032663446
-0.0116005065,-0.0146203395,-0.02098198,-0.04327526,-0.04915254
0.015255561,0.03798029,0.016611703,0.023718175,0.032524258
-0.036020085,0.015546821,-0.042466164,-0.025301358,0.010111866
0.004501155,-0.03274593,-0.056316536,-0.03699652,-0.028827045
-0.04592841,-0.014791938,-0.0117603075,0.01150512,0.05441923
-0.04479813,-0.05521628,0.026885964,-0.002774641,0.020783374
-0.0065613594,-0.017769236,-0.0232413,0.011674642,-0.042266417
-0.0022212288,-0.013550249,-0.04666019,-0.036244035,-0.037924998
-0.05580091,-0.036098856,0.028100539,0.05199827,0.016104322
-0.02964273,0.005922217,0.06129202,0.012806913,0.023286387
0.035844557,0.022545734,0.024936186,-0.029171124,-0.022174852
-0.014152772,-0.03861577,0.03999587,0.02804371,0.01692642
0.029939868,0.03603882,-0.021935169,0.031174699,0.04619596
-0.0075174547,-0.03386817,0.027134556,0.031723022,0.025918884
-0.018957734,0.028403977,0.035899725,0.050045986,0.011729468
-0.0332695,-0.021811351,-0.0016746257,-0.01910326,-0.033634495
-0.021762023,-0.0066751777,0.032380424,-0.021215085,0.03404913
-0.036461137,0.031118587,0.039717596,-0.002772366,0.029171163
0.029713288,-0.004940711,-0.020805357,0.028074933,-0.02139825
-0.02993154,0.017927501,-0.020281825,0.020563632,0.026854184
-0.026619067,0.016967287,0.017689848,0.041008268,-0.03687194
-0.03699591,-0.022408145,0.022303855,-0.007985019,-0.013067618
0.014721833,0.039853908,-0.025231805,-0.029130533,0.0113498885
0.039035313,0.045462415,-0.045613483,-0.046385467,-0.029078979
-0.019968864,0.04467175,0.016291492,-0.002098635,0.00027581005
-0.03925621,-0.0118606705,0.007564686,0.020209158,-0.020411147
