-0.01341212,-0.047157858,0.013694976,0.0011383767,0.025275635
-0.03972293,-0.019306341,-0.03551995,0.0023762123,0.0067213527
0.009316502,0.038216803,0.027725698,0.0101381745,0.016650598
0.04832698,0.003150841,0.0042543286,-0.015104753,0.009976895
-0.03536663,0.028294513,0.03417475,-0.000968008,0.014800744
0.024002843,-0.035086013,-0.040265635,0.0010775493,0.045189522
-0.014432413,-0.028104676,-0.016941542,0.012296737,-0.0148464255
0.023410767,0.025704946,-0.0011324113,-0.0005749425,-0.024845676
-0.019042363,-0.014974768,-0.012112616,-0.04489662,-0.048272703
-0.0030850905,0.029387934,-0.03767955,-0.045027956,0.008614051
-0.022000974,-0.015686901,0.019843698,0.021403015,-0.035178423
0.028393514,-0.01562819,0.02848468,-0.009790855,-0.04110951
0.019293321,-0.0004203238,-0.04360351,0.012135827,0.04255955
-0.037523504,0.017022697,-0.0066726627,0.047246646,-0.0021580574
0.02584675,-0.0051727802,0.04245841,0.03368089,-0.012361627
0.0060123582,0.0037922494,0.026596561,-0.02016418,0.03231454
-0.00093188096,0.02664142,0.017450988,0.049715266,0.060761794
-0.006886144,-0.004403801,0.030748522,0.009676244,0.011060534
-0.052231226,-0.021089435,0.019009417,-0.020827683,-0.054526176
0.023779674,0.0007823963,0.001010463,-0.016622663,0.023832181
0.045310162,-0.0023154307,-0.033394795,0.011715922,0.007895585
-0.017260265,-0.013026165,-0.008351553,0.015402328,-0.03190263
-0.0046893763,-0.05009682,0.003703809,-0.050775412,-0.0033910167
0.023637071,-0.0046867044,0.022761652,-0.015044563,0.034924954
0.052198276,0.008647146,0.022696398,0.032507252,0.041779995
-0.020841543,0.028349983,0.032654736,-0.04742591,0.017732209
-8.153527e-05,-0.01412501,-0.034063246,0.062138285,0.07339644
0.026786312,0.03323527,0.041470524,0.022439888,0.033921156
-0.04792238,0.006480595,0.011114539,0.008289607,-0.017604308
-0.054866344,0.014691657,0.0038552405,-0.039742067,-0.03215861
-0.007084741,-0.026290327,0.021479059,0.0041850274,-0.04602121
0.048005197,0.03723455,-0.016017636,0.049082983,0.04900256
0.022070833,-0.018564494,0.031164166,0.06516648,0.015656943
-0.0036347674,-0.017500576,0.047995992,-0.015178328,-0.049679168
-0.0011941683,0.0032190725,-0.013188838,0.046664845,0.040774412
0.014157332,-0.00049299316,-0.05314757,-0.057541873,-0.04820415
0.05011574,0.035704818,-0.027959539,-0.0150712,0.03963062
0.05827044,0.029426116,0.046541013,0.010335887,0.047965594
-0.032123778,0.03584387,0.038901273,0.038673062,-0.041734397
0.017589383,-0.026310835,0.043580856,0.011051864,-0.028417442
0.041927166,0.027093295,0.03916536,-0.031557646,0.03770814
-0.005084813,-0.005502878,0.0031978446,0.027181497,0.010880153
-0.036757205,0.004395563,0.01072401,0.03713748,-0.035075426
-0.005635583,0.008411475,-0.04978969,-0.0131731415,0.012331311
0.004078177,0.011687178,0.010521318,0.024099788,0.04221644
0.03971282,-0.03146102,-0.007584102,0.01908096,-0.00970907
0.039328568,-0.044757064,-0.039191432,-0.026503561,-0.060481012
0.010063157,0.018417185,-0.039899938,0.026129685,0.009407512
-0.007162131,-0.006986872,-0.050040737,-0.022124767,0.041514076
0.0057188356,-0.0005608007,0.03211229,-0.012969372,-0.033794615
-0.01833504,0.028208608,0.007371962,-0.02876616,0.017962635
0.008526166,0.0070475345,0.008454634,-0.013376117,0.00046510244
0.028840305,0.015922928,-0.021919943,0.012484164,0.0038132956
0.0005593348,-0.01352983,-0.0013444254,-0.014050353,-0.014219072
0.0010873665,-0.022577029,0.011888987,-0.01710408,0.047680978
-0.027558377,0.019258691,-0.017685683,-0.02567459,-0.04773259
0.016438685,-0.014073973,-0.034066733,0.024061918,-0.030366894
-0.042053822,0.020151794,0.01893754,0.029903583,0.017303003
0.002861129,0.0022108734,0.03704656,0.035689827,-0.006569915
0.01760528,-0.02424385,0.0063250866,0.048055846,-0.026224842
-0.03220888,-0.002678534,0.031830672,-0.031547777,0.027045233
-0.022872688,-0.041039236,-0.039579228,-0.017159125,-0.018325143
0.0221301,-0.027436608,-0.026404882,0.019470938,-0.009216635
-0.042743027,-0.021384247,-0.011706766,-0.034558527,-0.035432883
0.0034892734,-0.0075001083,0.039001472,0.035756405,-0.033014305
-0.0017940737,9.065553e-05,-0.038899314,-0.006397591,0.009403031
-0.030587712,0.026983434,-0.04181343,0.004045838,-0.01301252
-0.0022788306,-0.017642505,-0.006496774,-0.006597186,-0.030273158
-0.008483657,0.025292635,-0.045589335,-0.036033176,0.0076072793
0.015554397,-0.009005388,-0.040794794,-0.027707724,0.038684078
-0.046422895,0.019885944,0.026714953,-0.044225607,-0.028976515
-0.047028333,-0.017014489,-0.044197373,-0.057589177,-0.045904603
0.0014068994,-0.049010765,0.009593818,0.005019915,-0.0013553274
-0.002016489,-0.025322689,-0.032752655,0.033151466,0.008708517
0.034057297,-0.0032136408,-0.030418666,-0.016902972,0.042625517
-0.03427169,-0.0049216137,0.014821749,-0.019089552,0.0231333
-0.00042306032,0.029117584,-0.017725527,-0.05660841,0.0090982
0.017846456,0.007104389,0.0034943307,-0.06135271,0.0031976816
-0.016302863,0.0069927475,0.034151997,-0.035049226,-0.02708903
0.04628924,0.005055483,-0.04118247,-0.011328725,0.050572965
0.027957264,-0.0170561,-0.021912271,-0.04155668,-0.017008314
0.009804974,0.013244231,0.03537771,0.05525865,0.057091083
-0.01508663,0.0037721086,0.050139025,0.015134606,-0.008744845
-0.0012721748,0.04613063,0.017787842,-0.004083765,-0.030049415
0.010514012,-0.04548665,-0.03286414,-0.023343684,-0.023663035
0.01334437,-0.03920215,0.004860698,-0.02469807,-0.044429354
-0.04162005,0.035868667,-0.042223684,0.012235509,0.030496456
-0.017064676,-0.00024745738,-0.010685297,0.0077185826,-0.030594323
-0.00332212,-0.012668477,-0.030165398,0.016428297,-0.02214875
-0.024627466,0.03780707,-0.022646366,0.005024157,-0.011967915
0.010011547,-0.03396611,-0.018849054,0.045030933,0.016981201
0.034310825,0.017302508,-0.01526312,0.0012537537,-0.0033613478
-0.052529886,-0.053562507,-0.00039909096,0.018612523,-0.005279209
0.010312126,0.00977223,0.034644563,0.014134965,-0.031654343
-0.03964458,-0.024156796,0.07592564,-0.009912367,0.013607961
-0.0032017257,0.021628197,-0.012613852,0.0060725207,0.021039264
-0.01467215,-0.037584893,0.0367173,0.0070260856,-0.036136054
-0.0028075224,-0.024869783,-0.0040421756,-0.040711526,-0.022442129
-0.0015690785,-0.032898713,-0.02737438,0.008813436,0.008369984
-0.04165038,0.011531853,-0.020032471,0.019028187,0.02153174
