0.042160198,0.03192105,0.014927521,-0.0076021864,0.011389291
0.018928297,-0.039462443,0.016915714,0.04048847,0.030048093
0.003025947,-0.02034197,0.0482973,-0.0017293325,0.031151924
0.023233574,0.01696408,0.035862762,-0.022605743,-0.024983797
-0.012476715,-0.03892642,-0.0016782123,0.012712466,-0.04024307
0.019312326,0.0010871302,0.046258114,-0.0421578,-0.011969866
0.010537869,0.00034362328,0.0021891806,-0.04900915,0.010437013
-0.018706087,0.013431106,0.0028793053,-0.03457298,-0.0055951565
0.026087413,-0.0034601819,-0.014163265,0.006631259,-0.032732897
-0.017690865,-0.034143224,0.031059166,-0.010678579,-0.033893723
-0.028100435,-0.04017326,0.003380489,-0.026170159,0.024262164
0.017294804,0.03486332,-0.02053961,0.049059298,-0.021423375
-0.01678882,-0.037498746,0.009965776,0.0050555435,-0.0070659923
-0.021805156,-0.05280883,-0.015192769,0.002211962,0.015423635
-0.020919967,-0.008680732,0.039435226,0.03422701,-0.005071883
-0.0014059365,0.029199485,0.0057386635,-0.027915716,0.0142672565
-0.0077059567,0.017810555,-0.014893288,0.038865868,-0.028027344
0.006692704,0.0062455065,-0.0045439834,-0.010467891,-0.011411404
-0.049428772,0.028424399,0.029776033,-0.0117632225,-0.0027408917
0.0036257294,-0.00013545254,0.037124854,0.035942797,0.0012220234
-0.020417241,-0.0077700648,0.0016571751,-0.007591587,0.013245279
0.0025081646,0.03697675,-0.04077444,0.004166985,-0.030629843
-0.021616908,-0.019103821,-0.0009430539,-0.0018278209,0.018608054
0.04589967,0.007734691,0.010471111,-0.02267935,-0.04147689
0.037471753,-0.035853166,0.022474328,0.045830827,0.036081713
-0.040172108,0.00798347,-0.022172643,0.019422958,0.039564066
0.012148011,-0.009119135,0.01991771,0.021622635,-0.0042722914
-0.0205411,0.036260933,-0.0137159135,0.019743659,-0.027630148
-0.04407834,0.01812807,-0.03287403,0.0066383006,-0.023989953
0.015096604,0.013568771,-0.0061298376,-0.02013908,-0.008301731
0.023370022,-0.030558228,0.0050921896,-0.0061919093,-0.009015897
0.04101866,-0.0065753986,0.008784311,0.029274197,0.04418599
-0.022917977,0.05059727,-0.025662838,-0.009603408,0.0074011707
0.04284319,-0.008000642,-0.04465611,-0.005732713,-0.03879108
0.025696153,-0.04220824,-0.026816236,-0.025749657,-0.0026621632
0.029790433,0.025244553,0.01010252,-0.0074746124,-0.04158856
0.035600588,0.022074511,0.024883246,-0.018652441,0.04120713
-0.0062434427,-0.021225221,0.03129528,-0.0032719634,-0.037793316
0.00079080317,-0.035968427,-0.03217632,-0.007158487,0.034040816
-0.038195737,-0.04166773,-0.029525293,0.01407543,0.00028599452
0.042365637,-0.007979835,-0.028074013,0.047926538,-0.029180355
-0.03389166,0.04479469,-0.005619397,0.025037734,0.043335956
-0.012378764,0.0056035565,0.032537613,-0.006320822,0.029542739
0.027663788,0.038231235,0.025728839,-0.005574491,-0.009858913
-0.04450162,-0.015345932,0.007575461,0.007264806,0.029194199
0.0042641787,0.051462367,0.017671684,-0.019407969,0.013624238
0.028434984,0.03690607,0.015278441,-0.03501008,-0.00081899646
0.03021568,-0.011272607,0.013715866,0.04962929,0.015801493
-0.009581647,-0.03606456,0.037426278,-0.036079537,0.014119162
0.031907022,-0.0046991804,-0.029163687,0.03098204,0.031069491
0.007483702,0.006528139,-0.037616104,-0.0154479975,-0.011267351
0.015400045,-0.009024604,-0.042980403,0.0053908383,0.024711723
0.01968482,-0.006135596,-0.011699725,0.004778404,-0.028847357
-0.032233156,0.015717985,0.019040663,-0.00719944,0.010685104
0.0146341855,-0.030432057,0.008199366,0.050761305,-0.018649645
0.010194975,-0.029049264,0.01992869,0.011875001,0.012393831
-0.028317802,-0.032614928,-0.04308714,-0.02873935,0.0017396593
-0.036551997,-0.047355194,-0.054318212,0.014629444,0.009367838
-0.024888791,0.00047461299,0.006965545,0.062426373,-0.018947
-0.034279697,-0.026848115,0.019965198,0.012475967,-0.020555802
-0.015143442,-0.029800113,0.017519208,0.010065255,-0.010861823
0.046877652,-0.027728796,0.050349746,-0.016226694,0.0036242406
-0.028043717,-0.009702221,0.000998712,-0.0028812014,-0.04236568
-0.048459593,-0.033382513,0.011730047,-0.041047152,-0.02916407
-0.030073984,-0.026019018,0.017850948,-0.025566181,-0.019465357
0.032128353,-0.00502523,-0.00011831372,0.038777325,-0.018498173
-0.03509462,-0.04196429,-0.021836434,0.01954799,-0.008409478
-0.0035116654,0.03477236,-0.027335899,-0.011735537,0.024074694
-0.011752062,-0.014242695,-0.04080371,0.054243598,0.003203912
0.041329768,0.027023904,0.011268931,0.024256349,0.020419147
-0.036628623,0.04059518,-0.035910804,-0.047844768,-0.026503557
-0.005769239,-0.018765902,-0.0418831,-0.015862117,-0.03343667
-0.015709523,0.0034361344,-0.004448013,-0.006000545,0.0055212025
-0.029830618,0.016612982,0.03684292,-0.02483221,0.051117364
0.0104488535,0.028007561,0.025556155,0.03792942,0.024446359
-0.023815313,0.022189636,0.030014517,-0.012382063,0.029201517
-0.0001855951,0.007247006,0.022820482,-0.009623127,0.009178024
0.032313555,0.042139005,0.051952355,0.0112238815,0.010087653
0.03715014,0.037950467,-0.01303041,-0.03034022,0.0216022
-0.025193438,-0.021643933,0.032779984,0.0006114943,-0.038864948
0.009169944,-0.027042072,-0.0041511874,0.010838786,0.037025888
-0.0059749824,0.022751495,-0.022026254,-0.033515,0.032549545
-0.0033275674,0.013465674,-0.043621343,-0.016099684,0.027539268
0.001619815,0.015416084,0.021204274,-0.009197305,-0.024458991
0.03234878,-0.01746143,0.017884452,-0.03618929,-0.010285352
-0.028834162,-0.024099207,-0.027022695,0.038933683,0.038969964
0.017225478,-0.017435791,-0.024265153,-0.0032207717,0.0023445224
0.00677533,-0.0010401965,-0.03773137,-0.046400044,0.026329752
-0.041708734,0.04155642,0.037477035,0.0124426745,0.012028832
0.031591274,0.04894961,-0.0372964,-0.030177059,0.046732154
-0.02815947,-0.031476505,-0.0013440594,-0.0291549,-0.02563519
0.025028287,-0.030196976,0.016952,-0.039291006,-0.0018382709
0.008738414,0.041555498,0.0017008486,-0.035280805,0.042121988
0.031766385,-0.02378456,-0.015042081,0.02747527,-0.018200984
-0.03068895,0.030512901,0.022333542,-0.0077700443,-0.031425934
-0.013263284,0.0452018,-0.03930271,-0.03260805,-0.015421348
-0.026616773,-0.03318489,0.00556407,0.050875183,0.0075614355
0.037484907,-0.034033246,0.021275213,-0.012118326,0.037839588
-0.038243383,0.00912886,-0.051257897,-0.03271578,-0.028469253
0.03038877,-0.011546653,0.0029767912,-0.02464551,0.034833264
