-0.23635557
-0.10423643
-0.1099536
-0.1918409
-0.14442062
-0.16451052
-0.2046178
-0.104154155
-0.117260806
-0.17677504
-0.16978431
-0.19817312
-0.18462954
-0.21088894
-0.19458413
-0.21637964
-0.19360754
-0.19962049
-0.17578165
-0.18874246
-0.16691531
-0.24724029
-0.1679021
-0.10320294
-0.18672457
-0.18299666
-0.22447632
-0.11897873
-0.16382909
-0.13619174
-0.19325663
-0.17479399
-0.19264235
-0.18313833
-0.19133599
-0.21329801
-0.17342345
-0.15880129
-0.22956052
-0.22016193
-0.18687844
-0.15991177
-0.16939168
-0.16520257
-0.17375165
-0.22967038
-0.18591672
-0.17946291
-0.16745661
-0.16565655
