0.024186172,0.014524543,0.019612052,0.06032001,0.051446144
0.03144022,-0.02728254,0.0038771871,0.023688624,0.018418238
-0.02054739,0.010496145,-0.03308902,-0.01732025,-0.0007116097
0.03791265,0.020829085,-0.006753349,0.00021551148,-0.010899519
0.00814069,0.009775025,0.0036441109,0.03535433,-0.016663851
-0.030593133,-0.041867435,-0.011079156,0.042794023,0.03364951
-0.0064038844,-0.0046057603,-0.020194845,0.003016364,-0.012935121
0.049385745,-0.018828813,-0.037970442,0.021962922,-0.013361452
0.007834831,-0.01680275,-0.015262265,0.032964896,0.008554131
-0.0077422117,0.0038358765,0.0027799937,0.023467511,0.028381303
0.026772369,0.027304178,0.026440758,0.036072716,0.042805456
0.006966657,-0.021226795,-0.016165549,-0.003079967,0.027727725
0.020865366,0.016238568,-0.016544819,0.021969914,0.006614495
0.004224329,-0.0087020295,0.018179864,0.04587079,0.03605346
0.01694654,-0.037145793,-0.0370526,0.031767335,0.007157502
0.016536463,0.016118402,0.02098667,0.014769868,-0.028734067
-0.04642179,0.010067886,-0.02862655,-0.047502927,-0.02431986
0.014273614,0.03822683,0.054119725,-0.016403321,-0.024441704
0.004220989,0.06575363,0.042999577,-0.028535683,0.047490593
-0.0140086515,0.007183761,0.03858175,0.011243923,0.020980272
0.027385175,0.006406731,0.023843084,0.012110557,0.03586894
-0.009998407,0.027921686,0.059999242,0.05102023,0.00491387
-0.047852032,-0.053573128,-0.05344646,-0.030239267,0.03656554
0.017043121,0.010588655,-0.033209827,0.004915219,0.010463849
0.014377569,-0.012680677,-0.01094203,-0.027035518,0.008499306
0.033324588,0.02096579,-0.02528038,-0.0066890526,-0.05126489
-0.06295049,-0.04654371,-0.08660677,-0.07828223,-0.0058800224
0.024994735,-0.038454335,0.034158718,0.012978302,0.019681396
0.018763596,0.031074442,-0.017711695,-0.05271305,-0.018642088
0.052712824,0.022387326,-0.043985497,-0.025278835,0.030137409
0.042254936,0.07807674,0.07054395,0.10377945,0.0530608
-0.040532574,0.0027184135,0.00366993,-0.00096810143,-0.052516427
0.045745667,0.00922718,-0.009430469,0.0039202906,0.013369821
0.001889671,0.023940327,0.06886668,-0.004312246,0.023146974
-0.0108939,0.034315627,0.009596034,0.00069294206,0.04920459
0.051934138,0.020673648,0.06841683,0.029590815,0.0012976419
-0.016735608,0.02995389,-0.010245965,0.024056064,-0.036459483
-0.019833706,0.036962755,0.038643245,-0.033893164,-0.0021044635
0.018871488,0.06185484,0.067015834,-0.0017830865,0.020242339
-0.0044728313,-0.016903954,0.052062105,0.047170576,0.042785514
0.042468347,0.037816916,0.013954238,0.014947136,0.01745897
0.029625636,0.06180459,0.09828017,0.0873237,0.060025953
-0.01066259,0.031483285,-0.013543786,-0.00048648613,0.03173677
-0.032729574,0.028487286,0.019500405,0.031305585,-0.047094572
-0.060756378,-0.013986895,0.052517924,-0.022059793,0.034650203
0.014209576,0.034489244,0.021332966,0.017602194,0.033509895
0.03819267,0.008857171,-0.00039508194,0.024615167,-0.022405004
-0.010748049,-0.017964188,-0.008159803,0.014615716,0.043440796
0.0017889005,0.04827844,0.022913959,-0.042915642,0.0010551522
-0.0049850047,0.038975693,0.01835165,0.0091628935,0.031217791
0.018122109,0.004833965,-0.012550909,0.00829641,0.0027906394
0.030110775,0.04783738,0.07324161,0.061788797,0.03623919
0.025074825,0.049969435,-0.040599056,0.0042656134,0.037735034
-0.020828195,-0.031294297,0.018715205,-0.04971803,-0.017638734
-0.05045996,-0.017567724,0.0034477538,0.015677094,0.024506442
-0.024827842,-0.032220405,0.007049013,0.034416832,-0.016691787
-0.033075552,-0.021904849,-0.031143246,0.025940778,-0.034535233
-0.009619726,0.0105053615,0.0050310274,0.024143493,0.045194775
0.0075318883,0.004888085,0.00878259,0.029622367,0.034523908
-0.04739718,0.0026887003,0.027989183,-0.0008053714,-0.009021541
-0.03429728,0.02514684,-0.008466998,0.04627018,0.00232956
-0.008204648,0.051828828,-0.028072106,0.00090127415,0.027899722
-0.02144857,0.031819213,0.029261626,-0.03724811,-0.000739656
0.04097316,-0.04146146,-0.03438756,0.017664444,0.04056517
0.020613765,0.009418468,-0.0010884918,-0.02493266,-0.012622945
-0.0046480903,0.06607458,0.068429925,0.0515822,0.023781322
-0.035640202,0.029894348,-0.022861263,0.04827073,0.03422731
0.041376326,-0.04254322,0.0005530918,0.029418658,-0.040380973
0.032116808,0.034346238,-5.2434916e-07,-0.04025814,-0.054509558
-0.0154262185,-0.0019745093,0.05779227,-0.005239302,-0.030929036
-0.047351792,-0.04336425,-0.017914524,0.011435757,0.023509111
-0.0077124243,-0.050654475,-0.036912385,-0.041061975,0.03394806
-2.2036365e-05,0.02585902,0.017558297,-0.033169985,-0.03336598
-0.01071482,0.011046248,-0.018049553,-0.009322545,-0.0057101618
-0.025076423,-0.017057272,-0.023372956,0.028712418,-0.050573613
-0.033057686,0.027713848,0.036008883,-0.02290626,-0.052378923
-0.03739002,-0.046215594,-0.01132696,-0.0367868,0.017506745
-0.008968319,-0.013136375,-0.050207157,0.017871425,-0.011727363
0.020039868,-0.044297162,0.026655132,0.017453674,-0.0011282569
-0.0072413315,0.0032265852,-0.044220775,0.020380428,-0.026861386
0.008459819,-0.03219598,8.30667e-05,0.018137291,-0.04325538
0.037747864,0.023472229,-0.017347947,-0.05866235,-0.041406993
0.03228256,0.041231465,0.021603234,0.014049429,-0.047453225
-0.017773869,0.04077627,0.03810564,-0.012816259,-0.016564408
0.05323529,0.04593147,0.027597621,-0.03408795,-0.011703019
0.03934159,-0.017372604,0.043655116,-0.02488967,-0.036668885
0.023408417,0.0058572544,0.00087078824,-0.020551598,0.020585593
0.029559674,0.0026824214,-0.006077319,-0.028520733,0.028354848
0.049823374,0.037943818,0.031231457,-0.033798713,0.0059100837
-0.035303403,0.016870543,0.021299077,-0.0074800923,0.0009361579
-0.053198226,-0.01237566,-0.0004667659,0.014146896,-0.040407013
-0.020954123,-0.024648823,0.0059942524,-0.005367977,-0.07118808
-0.05952939,-0.009159219,-0.042784248,-0.0271394,0.005467944
0.021327661,-0.03662443,-0.038193118,0.022135375,0.020645212
-0.023737231,0.0048975986,0.00901269,0.010721637,0.019150002
0.0029972426,0.021633955,-0.011510902,-0.0076362207,-0.026144728
-0.012749836,-0.02108167,0.059083965,0.020449154,0.0011434914
0.001702438,-0.02429545,-0.03860645,0.027459944,-0.017088914
0.011342625,-0.008096469,0.029621087,0.015810873,-0.0023506929
0.030816978,0.014221777,0.04238237,0.04560914,-0.022616584
