0.02004138,0.00046636222,-0.039084192,-0.02350879,0.022621827
-0.0049968325,-0.0057999827,0.003526456,0.022946633,-0.03449839
-0.019515818,0.02645185,0.009468057,-0.005411252,0.00877971
0.03207427,-0.013494496,0.007989489,-0.023990229,-0.041182436
-0.04571975,0.004703635,-0.021372037,0.04781927,0.0036044375
-0.026899066,0.008629298,0.02339719,-0.039913807,-0.04709062
0.007367846,-0.01369021,0.004791924,-0.0055872863,0.011897189
0.048193347,0.028217498,-0.033820227,-0.04882588,-0.033320926
0.07014044,0.060097456,-0.019326577,0.029491022,-0.006732694
0.02552429,-0.017608231,-0.021648886,-0.031751517,-0.018916776
0.021362761,0.017502239,-0.034022726,0.0033142045,-0.041280944
0.042856485,0.032795414,-0.02112581,-0.027686574,-0.0062182853
-0.025628047,0.03598443,0.01659078,0.030628696,0.032695863
-0.029109105,0.0007289985,0.05999,0.012656393,-0.035314705
-0.0083850585,-0.022946618,0.04059037,0.033637553,0.009623883
0.009204776,0.015105519,0.03409281,0.0023842868,-0.021521818
0.0015391201,0.010047681,-0.007174139,0.018951071,-0.009894017
-0.0026115477,0.046775553,-0.009672972,-0.015285071,0.02646514
0.023122044,0.00854293,0.016813822,0.01944223,0.030808749
-0.023139834,-0.013653973,0.04088873,-0.0016606475,-0.028654493
-0.03665065,-0.023784053,0.01407408,-0.03635162,-0.017605701
0.042752594,0.024030585,-0.039599396,-0.050230037,0.025348071
0.0068984153,-0.038813826,-0.008708649,0.013662038,-0.029112238
-0.036490217,0.0025718482,0.025020543,-0.042473134,0.025749324
0.04132733,0.02303606,0.0023426795,0.04354314,0.013021927
0.04975485,-0.013041951,0.029213829,0.042527907,0.024246413
-0.035390668,0.07022048,0.017052729,-0.013056338,0.038814396
-0.044301964,0.014601949,0.038254607,-0.0050746757,-0.004620725
-0.027517952,-0.076675214,-0.003272452,-0.014394777,0.01000642
-0.011582786,-0.030255506,0.0072650593,-0.033985868,0.015880853
-0.01727113,0.04653526,-0.010741308,-0.02237544,-0.03859235
0.010067503,-0.027462361,-0.010558936,-0.023020698,-0.046172343
-0.023932619,0.041985907,0.02317311,-0.0007263941,-0.056395754
0.023084326,0.041403685,0.030618252,-0.014333258,0.014756625
0.046362128,0.031592384,0.02122235,-0.028063944,0.055618323
0.036861714,0.0024098235,0.054945607,-0.0074659484,0.04122283
0.034512125,0.017403312,0.038253713,-0.0010326211,-0.0040141167
0.015552256,0.026265789,-0.008735619,0.027525257,0.0010699175
0.024191085,-0.0051982575,-0.016050821,0.0122480905,0.027973222
0.01777213,0.0037121351,-0.026566228,0.027814029,-0.017179806
0.022139672,-0.019911388,-0.025064398,0.022977633,0.026591485
0.054123215,0.06769708,0.01252829,-0.0013550991,-0.0100169005
0.00509651,0.04435335,-0.01532728,-0.008237997,0.026099661
-0.025914311,0.036528155,0.07534385,0.032461178,-0.041714147
0.024461478,-0.0151948435,0.013800882,-0.007559699,0.015437517
-0.03192292,-0.002906741,-0.014737432,-0.029935328,-0.04721206
-0.044590056,-0.03995401,-0.0023877097,-0.043863147,0.02093414
-0.026670104,0.040649492,0.03097116,0.029188536,-0.019671857
0.039489225,0.057652555,0.045529637,0.004018471,-0.03640661
-0.00049156643,0.026265336,0.05435699,-0.02381602,0.027020447
0.028206047,-0.029181201,-0.029573226,0.03304682,0.014611082
-0.034479354,-0.02159496,0.017596507,0.017057613,-0.027282646
-0.04980105,-0.009560688,-0.00088878267,-0.03827112,-0.0415226
-0.032600176,-0.043704845,0.012524738,-0.015187047,-0.009796762
-0.037880633,-0.018064182,-0.012820111,0.015570886,-0.012125026
0.06430146,0.025496813,-0.021936616,-0.038665555,0.026247824
0.029079676,0.096153155,0.07249333,0.05681741,-0.021553298
0.04766649,0.054515142,0.067702875,0.009387343,-0.009579739
0.06198076,0.05993597,0.10222352,0.012040074,-0.0049896752
0.027791802,0.06958961,0.065465905,0.039119575,0.042995114
-0.0009356147,0.01853317,-0.055857047,0.008097778,-0.021634692
0.012523961,-0.0164711,0.028421704,0.009312723,-0.018437857
0.0017743994,-0.018427156,-0.03424476,-0.0470753,-0.004547454
0.022657659,0.018912723,-0.006478092,0.0060371417,-0.029403867
0.040457413,-0.021541685,0.051150627,-0.027994609,0.053628534
-0.034800317,0.020065485,-0.038892344,0.030003948,0.013388542
-0.0017260795,0.024736445,-0.030825559,0.0061015976,0.01294487
0.001197425,0.060557794,0.03509073,0.0044760667,-0.011860253
0.0041190744,0.043826118,0.044962697,-0.01568032,-0.039983153
0.057840876,0.06864555,-0.023580186,-0.034066737,-0.035950545
-0.017525677,0.056764606,0.0017391496,0.050340477,-0.02531666
-0.045216497,0.020864835,0.04121162,-0.0030441717,0.0127924215
-0.006626747,0.020270264,0.011209118,0.00085616304,0.037539672
-0.02717443,-0.014344963,-0.009596613,-0.020153286,-0.033532124
0.020507375,-0.022259949,0.023660293,-0.041230183,0.014494663
-0.035124138,0.038039684,-0.028162207,-0.00507822,-0.04674445
0.039826147,-0.040034615,-0.07334742,-0.050530184,-0.06691868
0.037061222,-0.063699014,-0.08744517,-0.07614,-0.041162327
-0.0330014,-0.016294507,0.009947823,0.0026063507,-0.0090650255
0.015558876,0.018282006,0.04202391,-0.02883216,0.041591574
0.0096289115,-0.018817239,-0.015683645,-0.018980488,0.040758263
0.025289666,-0.012209928,0.03298338,-0.042816676,0.00919227
0.029974148,0.025231844,-0.024737667,0.021698792,0.007917724
-0.023737116,-0.04100263,-0.026636347,0.033135522,0.022527644
-0.042029783,0.020195356,-0.012551975,0.03170581,-0.015358419
-0.039633267,-0.015520158,-0.007262915,-0.011365369,0.00014660771
0.033598196,0.01619525,-0.023128806,-0.012824213,0.029243201
0.0044885664,-0.029792642,0.026574327,0.022458045,0.016668439
-0.033584293,-0.008540112,-0.03955951,0.026200298,0.02796665
0.028871883,0.0071610822,0.012925417,-0.02706939,0.044132084
-0.012129696,-0.02529265,-0.038265362,-0.0022252456,0.00077190716
0.029336087,-0.018148776,0.036677282,-0.023407102,0.01663905
-0.0061117266,0.06653073,0.010569899,0.013109094,0.018661188
0.056563042,0.057396214,-0.017740976,0.015629802,-0.040417798
0.010321596,-0.00954603,-0.031097105,-0.031330522,0.04742036
-0.024263142,-0.012860248,-0.03650457,0.035177503,-0.019711243
-0.021091668,0.02850712,0.023791999,-0.025890166,-0.004750815
0.03200192,0.08849313,0.042245746,0.033741966,-0.013045791
0.029699968,0.011104008,0.051158804,0.039653316,-0.016893342
0.004014011,0.0135653205,-0.0148939965,0.052179657,0.010680301
