0.018890804,0.039609533,-0.022841219,0.017598847,0.0335067
-0.0022202122,0.04527963,0.021943785,-0.015289744,-0.01531211
-0.03811359,0.001609859,0.046042792,0.014910323,0.0120720165
-0.020802999,-0.0018016798,0.021529324,0.029819774,0.019950597
-0.011114722,-0.021692794,0.00064324157,0.019377565,0.0070957937
0.011636466,-0.007253179,-0.006123088,0.011811275,-0.008850549
-0.003444787,0.028765494,-0.0031230566,0.024219014,-0.026911302
0.006431884,-0.012249334,-0.013184325,0.0050431285,0.005013705
-0.022822859,0.037853725,0.001078601,-0.015999481,-0.03081538
0.01827551,0.029406521,-0.017299434,0.025065666,0.003915574
-0.0059070736,0.04198737,0.05992433,0.004635553,-0.032410268
0.02730678,0.010483028,0.031402227,0.05243245,0.0368236
0.008708089,-0.040443197,0.02951684,0.012413003,0.05132145
-0.0022176332,-0.030483857,-0.039304975,-0.021885578,0.00825655
-0.0033638726,-0.0072978768,0.017928494,-0.043923583,-0.054165956
-0.032290116,0.042698566,0.02291009,0.0038380362,-0.023650136
-0.038726494,0.023491891,-0.021676334,0.008708542,0.025266059
-0.026858706,0.01899267,-0.011670534,-0.025379611,-0.039035887
-0.0026410206,0.025457475,0.037038382,-0.03233417,-0.025354257
0.029322755,-0.015563448,0.00039881817,0.024924792,0.031449523
-0.0466189,0.027407607,-0.010785982,-0.013067463,-0.00966549
0.036576077,0.0013752028,0.011791922,0.009483155,-0.03184138
0.013649806,-0.028088348,-0.0033946228,0.012596322,0.04511278
-0.011906128,-0.004527471,0.01986775,0.009994545,0.029519899
-0.039448403,0.042637758,-0.029332291,-0.017331233,0.00016690177
-0.04403786,0.0015448923,-0.031184549,0.011105443,0.030663861
0.0148996245,-0.019451566,-0.002240449,-0.040660724,0.0023049382
0.016160684,-0.020452315,-0.0318714,-0.039816316,0.042055074
0.047565922,0.02950161,0.04356523,-0.0037560975,-0.019567028
0.006113233,0.028863441,-0.007939504,0.042934507,0.03303086
-0.04378281,-0.022955189,-0.0011967334,0.05489485,0.027594762
-0.010878918,-0.031900033,-0.0012264099,0.010131249,-0.0118610365
-0.023066834,-0.031238196,0.0027717391,0.0090717245,0.02142867
0.030231595,0.015377316,-0.0342255,-0.046164256,-0.013279651
0.013787637,0.032710392,0.04898841,0.041383777,-0.00966026
0.002124925,0.019240594,0.011600949,0.031201594,0.042007126
0.018088577,0.026794648,0.004655415,-0.026107611,-0.028665064
-0.012539147,0.03444983,0.041836396,0.029337278,-0.009785559
0.017537666,-0.02823451,-0.038415022,0.04277843,0.0015563774
0.0013572245,-0.042424586,-0.003926386,-0.020766338,0.03359595
0.04898116,0.05403092,0.047589466,0.022570929,-0.0071194638
-0.0040742746,0.034216832,0.01622419,0.01973808,0.019442542
6.5984714e-05,0.0053825923,0.053998005,0.024359198,0.05053508
-0.02583168,-0.016706163,-0.020489957,-0.020349417,0.028956603
-0.009512169,0.027475407,-0.0035247905,0.007974486,-0.03532659
-0.008501345,-0.0022927644,0.004111024,-0.024664024,0.033731233
0.027480183,-0.014046104,0.026088424,0.0114122005,0.019052211
0.02102828,-0.017165383,-0.023442563,-0.023876417,-0.013989471
-0.032996934,-0.038855556,-0.042612962,-0.048077848,0.031718876
0.026496965,-0.0087488685,0.028445413,-0.033978347,0.025035618
-0.012948074,-0.01041822,0.0014387714,-0.051882714,0.039103583
0.022708949,0.0034077936,-0.008902054,-0.028661512,-0.028732114
0.016272943,0.021953207,-0.010958883,0.007809563,-0.006849228
0.0014099757,-0.026590742,0.020564301,-0.0053136116,0.008671167
-0.012908544,-0.02862741,-0.03171733,0.03625055,0.02185935
-0.054055814,-0.031840846,-0.025330605,-0.012683195,-0.026341524
-0.0049586184,-0.008165694,-0.0021611652,-0.018118592,0.0037528132
-0.029758586,-0.0065160235,-0.048885074,-0.018612765,0.055830956
-0.0075280443,-0.015914816,-0.030369185,-0.0012433346,0.033840183
0.034537565,0.04768333,-0.023103634,-0.029218996,-0.03265146
-0.00011991683,0.029263856,-0.014121892,-0.013895928,0.048901837
-0.006504374,-0.018222874,0.04481171,0.007878387,0.017237434
-0.012459545,0.0101354215,-0.0016766938,0.03802145,0.023888431
0.044940565,-0.029703097,-0.012624523,-0.041948978,0.01236444
0.033797435,0.044587716,0.035438858,0.012266414,-0.012429629
0.015229949,0.02310644,-0.03397376,0.006100387,-0.043562345
-0.0028778084,-0.0029346095,0.031259947,0.008521641,0.037126347
0.02649861,-0.032189805,-0.024980566,-0.0073074806,-0.024550632
-0.009660141,-0.018428367,-0.018118877,0.0052560465,0.026448248
0.026364807,-0.0019829024,-0.044423215,0.022701979,0.007490271
0.03135873,-0.02942366,0.0028325554,0.024086084,-0.013776657
-0.030213434,-0.041067436,-0.036929272,-0.005170942,-0.025291739
0.03710399,0.014019558,-0.01703498,0.030774577,-0.034917094
0.0032498587,-0.013754638,-0.020800296,0.0125528425,0.027076876
0.005723481,0.031064352,0.0036363318,0.024482967,0.0015729103
-0.0125019895,0.034889594,-0.021970632,0.025733085,0.0010060308
-0.021782136,0.055352278,0.012732016,0.0045577125,0.0002318887
-0.04138364,-0.012994511,0.067518264,0.056900542,-0.01659307
-0.03331816,-0.0350009,-0.03806441,-0.011302046,-0.032181792
-0.015013494,-0.0310606,0.0024145474,-0.030875906,-0.037612144
-0.024005674,0.05352647,0.044478174,-0.0042573195,-0.026349574
-0.021302598,-0.03772997,-0.02065752,0.020039435,-0.0021855524
-0.042972337,0.012963035,-0.012814485,-0.008426913,0.020949185
-0.026094355,0.02601125,0.029057615,-0.000106273495,-0.038161267
0.02657587,0.03927966,0.027681934,0.038544938,-0.03643357
-0.0343847,0.028830012,0.033107396,-0.020545866,-0.014104839
-0.0024274208,-0.03477467,-0.024249846,-0.036715712,0.028105324
0.008039911,0.037895974,-0.038893316,-0.03142753,-0.017921641
-0.01613057,0.009157455,-0.003993464,0.0087986775,-0.0015787723
-0.042306826,-0.026079055,0.041000426,-0.03295905,0.043898918
0.008843899,-0.02926673,0.050231956,0.0369944,0.035963364
-0.029609803,0.040532075,0.028270945,0.03437679,-0.035995103
0.034578815,-0.0006641961,0.013697283,-0.014436467,0.04019095
0.008112626,-0.043896306,0.040995102,0.001476784,0.0143130105
0.03615262,0.0095909,-0.04487159,-0.01245798,0.006125193
0.0048710653,0.011138084,-0.015319498,0.048092384,0.016443215
-0.045159254,-0.041469388,-0.0019496528,0.042097654,-0.034380514
-0.015847733,-0.04804169,0.00850805,-0.00084993907,-0.01587012
0.035388425,0.02839078,-0.038142506,0.013300815,0.04692197
0.039537672,-0.020005638,-0.016069504,-0.009326643,0.009015023
