0.004487553,0.03634621,-0.0063116928,0.02868637,0.045729812
-0.037163317,-0.02471783,-0.016559595,-0.019746069,-0.025640382
-0.002287453,-0.028086271,-0.027763292,-0.030551985,0.03588524
-0.049999915,-0.043219607,-0.049413063,-0.023582362,-0.008076325
0.031423897,-0.024697762,-0.018848205,-0.032757644,0.010667932
0.03799917,0.015924823,-0.031009953,-0.05807425,-0.012595302
-0.03632121,-0.050974745,-0.05867191,-0.020263888,0.052366886
-0.043885965,-0.057565186,0.008073803,0.04374866,0.00074868486
-0.0027722511,-0.025571482,0.0069785253,0.028230364,0.041780222
-0.01977213,0.0073864874,0.0360838,-0.006029327,-0.022980917
-0.03404637,-0.023488687,-0.017063197,0.017965736,0.055353556
0.030014774,-0.04814516,0.0064225835,0.045244094,-0.0034870235
-0.039858643,-0.021459505,-0.044467684,-0.000104099265,-0.03527466
0.03619937,-0.023827799,-0.020745445,-0.00061909086,0.043046847
0.020563703,0.041380394,-0.005030036,-0.0035020567,-0.040146682
0.0047571245,0.015810916,0.010668031,0.031053083,0.005892007
-0.032880176,-0.055313982,-0.043208245,-0.015218183,-0.04988584
0.014145498,0.0040733535,0.013796706,0.019913377,-0.030596452
0.03171918,0.005294699,-0.009998573,0.012846164,0.019475581
0.021216156,-0.03217075,0.008693637,0.042986736,-0.01995705
-0.04580404,0.036158424,0.018015692,-0.036770962,0.060787406
-0.021822918,0.04825505,-0.01910953,0.015817083,0.002894103
-0.047909737,-0.010815137,0.005919161,-0.0074304785,-0.018298455
-0.01584997,0.009229169,0.0014498251,0.017643064,-0.029570226
0.018043876,0.024809632,-0.025906522,0.020459449,0.019759491
0.063347146,-0.007322334,0.025293142,-0.039379016,-0.041407023
0.027660161,-0.00035577634,-0.062452853,-0.06448228,-0.015424679
0.03758338,-0.025644748,-0.003247067,-0.04194813,0.0217576
0.06936755,-0.030362321,0.020249764,-0.0049182987,-0.015222078
0.025007514,-0.0072811437,-0.01972468,0.026707167,0.041274022
-0.005552607,0.021178965,0.03030254,0.047402535,0.0119749755
0.009026115,-0.024775177,-0.024959415,0.01050377,-0.029044863
-0.049522694,-0.028401382,-0.007950185,-0.041072037,0.012960573
-0.018712081,0.010053366,0.0048940326,-0.017845389,-0.004538623
-0.024757374,0.04564679,0.051108234,0.0035824745,-0.027999751
0.0073318984,-0.02342771,0.015383222,-0.028036054,-0.019774545
-0.009870348,0.035712216,-0.0034524396,-0.03372408,-0.021205118
-0.053526666,0.013584095,-0.029264515,0.0019876512,0.021558356
0.002171708,-0.04279935,-0.009703985,-0.010702319,-0.028959045
-0.033755273,0.011119415,-0.01600008,0.043313,0.050025668
-0.04348352,0.036712185,0.040196925,-0.03614671,0.052787784
0.027588166,0.023089996,0.01785301,-0.017012566,-0.022278633
-0.020925956,-0.0074164453,0.045610834,0.0025482336,0.03294752
0.013901555,0.019341014,0.022820015,-0.0293206,-0.046726294
-0.04519139,0.007880559,0.0027399228,-0.043930545,0.03881483
0.016776212,-0.0008385823,-0.009726762,0.011716314,0.035939172
-0.01567021,-0.00063932786,0.04690895,-0.008375112,0.047847547
-0.03707561,0.01617255,0.0171366,-0.045140743,0.003510517
-0.03704441,-0.014664212,-0.012460344,0.033774987,0.030890264
0.012629549,-0.0085406555,-0.042395376,-0.02795183,0.016319746
-0.02614066,0.011900367,-0.018122284,0.03675985,0.041837666
0.048525155,0.023314143,0.029345425,-0.002172544,-0.026188884
0.031438112,-0.003062704,0.051186066,0.026216736,-0.03323941
0.030876614,0.043510173,0.040891822,0.035119466,-0.049348872
-0.028078143,0.031903557,-0.0373401,-0.013697906,0.009289895
-0.034501478,-5.549185e-05,-0.019212894,0.043776587,-0.040070098
0.029756702,0.047221024,0.030540237,0.00951103,-0.032469653
0.048764512,0.020180074,0.023795782,-0.004346137,-0.033696555
0.045224395,-0.008450025,0.036941104,-0.014707529,0.016764931
0.033493664,0.007369362,0.012274667,-0.029980153,0.0157101
-0.042491417,0.032275807,-0.008717405,0.024582578,0.033934724
0.027311245,-0.041823898,0.024217743,0.025591716,-0.023844268
-0.032623563,0.0032493935,0.046309706,0.0275481,-0.02198716
-0.029096106,-0.003876723,-0.0059015835,0.0337158,-0.0426827
-0.030111594,-0.040003262,0.038234647,-0.034961548,0.04287101
-0.0433519,0.03922705,0.017401667,0.040555883,-0.007576294
0.0028622814,-0.04170012,0.0034254366,0.0048052217,0.036008887
-0.040561225,0.010821669,-0.039535698,-0.010778895,-0.047584392
0.011820421,0.040469114,-0.010903515,-0.028616644,0.018899625
-0.04385793,-0.025074633,0.035825912,-0.036358166,0.0050134663
-0.0013216843,0.011248536,0.033356436,0.026474847,0.026468547
-0.013910738,-0.015386127,0.01260265,-0.0082738055,-0.04106698
-0.022374125,-0.0150950635,0.032459125,-0.048379343,-0.01059418
0.025234323,-0.022403229,-0.001778162,-0.041585483,0.026911313
0.04479528,0.007930806,-0.024258483,0.025374278,-0.027832117
0.021567581,-0.038718488,0.0491653,-0.03631176,0.03261077
-0.018569449,-0.016065214,0.02032127,-0.014361095,-0.03706045
-0.023030119,-0.03786815,-0.022275748,0.013274491,-0.023875518
-0.035715457,0.032205902,-0.01922873,0.042588275,0.021871515
0.038025927,-0.010064237,-0.023505973,-0.036884803,-0.036817625
0.022472195,-0.039578553,0.003195797,0.02614721,0.0033116774
-0.04839267,-0.025465123,0.029939719,0.011214563,0.01596227
0.020343754,-0.0142186135,0.015624635,-0.00070865656,0.051421564
-0.021690393,-0.022769671,-0.032781687,-0.0064827204,0.040786434
-0.035822127,-0.01197828,0.021299383,-0.027364347,0.04300091
-0.025579216,0.035988007,0.029710902,-0.04790728,0.029189607
0.03806854,0.012763494,-0.024976399,0.008042934,-0.024708476
0.04168508,-0.03770602,0.02561793,-0.012906944,0.032223962
-0.01985148,-0.019556489,-0.00519919,-0.00026823347,-0.00074982364
-0.027464552,0.008284924,0.012534336,0.013439834,0.007199025
0.005682399,0.024259396,-0.030015258,0.019132629,0.037079934
0.0128818685,0.0083069075,-0.03314935,0.020651152,-0.030616725
0.06768993,-0.035822734,0.0092835575,0.0077244346,-0.005562991
0.07660617,-0.013417594,-0.034539193,0.021749122,-0.026441483
0.07699698,-0.021602856,0.037485298,0.013188377,0.0081469305
-0.042289093,0.013702189,0.010642225,0.01898448,0.035423193
0.007840352,0.026997712,0.018272815,0.01807725,-0.036753852
0.039768152,0.006914728,0.0038412083,0.018159686,0.036130246
0.011129418,-0.04337567,0.012290788,0.008033992,0.0042974
0.029737327,0.0011698281,0.036730044,-0.037581075,0.013755562
