0.02205253,0.03357893,-0.0060004555,0.03357687,0.0558175
0.034291867,-0.019360626,0.018110285,-0.02531933,-0.020824278
0.030818094,-0.008638863,-0.0167984,-0.031691317,-0.034701686
0.0058959816,8.951513e-06,-0.033822898,-0.013952477,0.0065114605
0.002562578,0.016442271,-0.045240726,-0.0046271477,-0.034373708
0.00835903,-0.0126844775,0.03125726,0.038205516,0.05126301
-0.005849042,0.06674783,-0.018529234,0.015049663,-0.008888616
0.019220255,0.037077364,0.03409557,0.006510985,-0.045735855
-0.036105733,0.011369911,0.023507291,-0.017012864,-0.046481553
-0.040350918,0.041829802,-0.03385144,-0.021891689,-0.030426411
-0.02170444,-0.02483827,0.012500538,0.026653625,-0.020739553
0.0016652625,0.020817855,0.013787797,0.01696223,-0.004195496
0.040660348,0.038933527,-0.028123727,-0.015489833,-0.011476393
0.015519405,-0.005868547,0.01996495,0.0026573131,-0.020397067
0.01661964,-0.051153984,0.010672669,-0.047707677,-0.026274681
0.016415266,-0.020127231,-0.020077521,0.014125966,-0.030176608
-0.023987276,0.054835204,-0.026923092,0.00011551331,0.018711455
-0.04232082,0.039596997,-0.001308878,0.005616725,-0.034886703
-0.00053706527,0.0047929375,-0.036744677,0.031518437,-0.005200117
-0.009253372,-0.025214678,0.011207913,-0.018290129,-0.03080883
-0.034331527,0.022565804,-0.025610305,-0.0037736443,-0.018808592
-0.03194874,0.0067917225,-0.0073715155,-0.03880602,0.020238671
-0.007336647,0.02968357,0.034646727,0.027250865,-0.03927943
0.040317953,-0.025559876,-0.0073541054,0.010693035,0.04072055
-0.016723108,0.004384393,0.0014571646,0.036936454,-0.0113972835
0.02996336,0.013272321,-0.0029260376,-0.0015470536,-0.03561183
0.008969734,-0.047142632,-0.028922496,-0.06151165,0.025737263
0.02224563,-0.040947523,-0.0046887957,0.020503918,0.0137120355
0.0038333184,0.027065847,-0.016528364,-0.034001794,0.008240524
-0.022502271,0.016376026,-0.0049408223,-0.021657499,-0.027334752
0.06095827,0.032803107,0.09052005,0.08543663,0.033894733
0.03825828,-0.038243085,-0.004281563,-0.039159466,-0.029106248
-0.017881446,-0.010103032,-0.028373837,0.019906975,-0.029601792
0.005959044,-0.0145895695,-0.020197887,-0.011426087,-0.05445336
-0.030606141,0.02426202,-0.018518357,0.00052167213,-0.016031029
-0.010057623,0.043295365,0.032323282,-0.03946344,0.022138644
-0.024264352,0.014488783,0.023741322,-0.011217433,0.004854704
0.013516092,-0.008810078,-0.006126036,-0.037535403,-0.004983103
0.046155863,0.02734478,0.0015868283,0.037966084,0.0020936145
0.01948595,0.003902601,-0.0395221,0.045128766,-0.03335174
-0.028043754,0.0016347356,0.024155183,0.039670788,0.035587557
0.04885412,0.01200844,0.015468366,-0.02423479,-0.008885671
-0.03960372,0.024515646,-0.0043551894,0.023881368,0.028274454
0.000107520944,-0.002055105,0.05390369,0.017352458,-0.0053467425
-0.04296319,-0.0039708503,-0.02395048,0.003088924,-0.042373262
0.0439505,0.03383557,-0.020372206,0.009857878,0.020742156
0.04805118,0.033752065,0.00019271954,-0.006932026,-0.03519022
0.038196776,-0.021522336,0.008855014,-0.04352353,0.003192159
-0.005116431,0.028102035,0.0123874685,-0.0172688,0.025953645
0.015373424,-0.031971104,-0.014971251,-0.041879103,-0.03228581
-0.04323592,-0.02969579,-0.05711354,-0.031563107,-0.014391333
0.0014208507,0.013759246,0.03146106,0.044842627,0.040704228
-0.029971544,0.032425784,0.016328966,0.036674283,0.05224294
0.032315362,-0.03264704,0.028308352,0.021949006,0.053129196
0.014976212,-0.01576635,0.020186706,0.03971399,0.04693569
-0.0067460593,-0.03882294,-0.008140914,0.00018642408,0.04316363
0.026146756,-0.013339299,0.07173549,0.031807482,-0.0025568341
-0.029174846,-0.020840915,0.03279252,0.030619366,0.011034579
-0.03408732,0.0488487,0.062413614,-0.012911414,0.04088605
0.021244936,0.01156442,0.00076640677,0.03189159,-0.031310562
0.00052841485,0.0064890003,0.037806824,0.035409905,0.012370572
-0.03015513,0.03324459,-0.034761623,-0.018610971,-0.034842756
-0.04733441,0.014033916,0.016935628,-0.00011098391,-0.011274423
-0.022265786,-0.013571016,-0.03880276,0.0096594645,-0.054801095
-0.01920683,0.034525905,-0.021366667,-0.006942431,0.002119902
0.0076446845,-0.025306335,0.0409553,0.017002478,0.021250514
0.015145989,0.035657328,0.022215279,0.005175546,-0.02587864
-0.022631617,-0.023645192,0.06244047,0.044482064,0.042579994
-0.041494347,-0.008622319,0.047913097,-0.0006783491,0.01606758
-0.02795867,0.049144804,0.011526565,0.015422183,-0.014469754
-0.018606586,0.014871597,0.0004994562,-0.023881212,0.0034975838
-0.0465955,0.011271271,-0.03057144,0.024748493,-0.02621631
-0.007222918,0.024230832,-0.009391369,0.003645258,-0.028921241
-0.026701095,0.029650444,0.045632094,-0.024348795,0.044033848
0.04234229,-0.02722486,-0.009470517,0.040859334,-0.002217473
-0.006649221,0.027763838,0.07037987,0.00653038,0.014314284
0.035782322,0.022474788,-0.021997197,0.045837976,0.015279977
0.047636013,0.052026596,-0.007269921,0.026668955,-0.052394632
0.013939287,-0.001909665,-0.009145302,-0.04254337,0.021394111
0.024629032,0.011893591,0.033287354,-0.014330852,-0.013561397
0.05955778,0.028684286,-0.018473497,0.016313821,0.019465264
-0.050869286,-0.02477117,-0.009848438,-0.047939755,-0.06568944
-0.031436883,-0.046214473,-0.00034570415,0.023549946,-0.026608402
0.035133503,-0.051904295,-0.010400504,-0.0366516,-0.008245791
-0.011516456,0.007981767,-0.005280409,-0.008317553,-0.0019435647
0.029892318,0.028280867,0.015938317,0.037722748,-0.046245936
0.014946755,-0.025247004,-0.0050401445,0.025081705,0.018752607
-0.010439342,0.025216,-0.036689974,-0.04466971,0.019909814
-0.0171176,-0.008616266,0.0042043338,-0.010997832,0.010127514
0.015104375,-0.035088196,0.031443182,0.032503758,0.008103208
0.038960446,0.028681044,-0.034922816,0.048286334,0.020937115
0.028605692,0.023464376,0.014397846,0.030663146,-0.024244148
-0.02022574,0.018342303,-0.0246175,-0.0018117111,0.008859123
0.0073696664,0.030238617,0.009931373,0.0060077575,-0.008566732
0.014376706,-0.03767221,0.03380751,-0.030211594,-0.0025575694
-0.013756136,-0.0003557269,-0.013794389,0.019837346,-0.03059324
-0.011181013,-0.0035332693,-0.003204674,0.023485985,0.03856793
-0.006970348,-0.0021447209,-0.0056034164,0.050220232,0.024511376
-0.029771276,0.014657062,0.045387097,0.0397406,-0.016521012
0.012411598,0.0032974153,0.026618587,0.021354003,0.029950203
