-0.0120976325,-0.042776093,0.03638498,-0.015340342,-0.034674738
-0.020339472,-0.015417289,0.031333964,0.026265478,0.0022476655
0.017236182,0.026506195,-0.038035043,0.030111236,-0.024359317
0.041433856,0.045131452,0.09602023,0.086464204,0.06730483
0.03753585,0.094494596,0.036669035,0.057838347,0.04775278
-0.026228942,-0.029765248,-0.014271587,0.0028326535,-0.008475038
-0.026262637,-0.04169666,-0.024540028,-0.012329491,-0.061756156
0.024365079,0.015388746,0.017768854,-0.042274658,-0.00707854
0.062387902,-0.00061072747,0.0013439563,-0.031500384,-0.0034699466
0.0009665612,0.032357946,0.07692785,0.05706348,0.028957397
-0.002105957,-0.045883503,0.010389871,-0.048045028,0.025081197
0.040119454,0.031149723,-0.01278714,0.00040384464,0.049028654
0.052505508,0.072566174,0.092866786,0.13452226,0.085474364
-0.008564744,0.071103804,0.07765653,0.023962833,0.04214988
-0.05042863,-0.032486226,0.024456874,-0.031857226,0.022841921
-0.024929935,0.033405416,0.034224395,0.0021475747,-0.04792456
-0.028120944,0.049083292,0.028145058,-0.030066501,-0.00048783055
-0.0070907557,-0.043265916,0.009974473,-0.014048439,-0.015973695
-0.022817438,-0.014223006,-0.048713624,-0.04315951,-0.03178257
0.019785136,-0.048602324,-0.04870051,-0.05722746,0.00743945
0.04250532,0.0323324,-0.019306198,-0.018079398,-0.0014884423
0.03886968,-0.005627304,0.017643023,0.056147728,-0.009879962
0.024339383,-0.003409228,-0.0018205276,0.03057652,-0.03622985
0.04978406,0.015127967,-0.019867538,-0.0036163258,0.049822256
0.01455568,0.054620687,0.047242124,-0.0015138821,0.025114177
0.015522911,0.008939492,-0.031106759,-0.03231303,-0.038019337
0.017198324,0.010966453,0.009666838,-0.029996585,0.014726997
0.031207396,-0.0261144,0.0077402536,0.07666102,0.075930916
-0.04353381,-0.06248175,-0.0380274,-0.045570876,0.028350616
-0.009348761,-0.050135463,-0.00941941,-0.053432986,0.010412627
0.029652536,-0.011915913,-0.02227014,-0.0334356,0.0042050867
-0.020741768,-0.036583655,-0.04276563,-0.037379567,0.00439281
0.0006772159,-0.0017873385,0.050391693,0.008371176,0.019049603
0.04950496,0.01836231,0.11517866,0.06978736,0.09445219
-0.007895602,0.0175607,-0.014037695,0.033388175,-0.009535403
-0.026367014,0.048368685,0.052459892,0.037929293,0.013863129
0.038327005,-0.012675383,0.0053933933,0.0538514,0.031390294
-0.0041707936,0.04135333,-0.0248952,0.027438866,-0.018111393
0.0069538746,0.00040372665,0.01739231,-0.039259538,-0.0099199
-0.026036369,0.028610857,0.045240194,-0.014652181,0.02064071
-0.0009111988,-0.031983905,-0.0039160065,0.021872964,0.011585097
0.0039193104,0.030563004,0.012341505,0.035162415,0.031403467
0.0034842184,0.014734698,0.05736988,0.03153539,0.03710604
0.043006558,0.02996839,0.010458556,0.032321896,0.037314594
-0.00304251,0.042634383,-0.020530842,-0.029240405,-0.023919957
0.009486181,0.022979876,-0.028578646,0.026456574,0.0016215761
0.018905116,0.013645941,-0.030947093,0.017737703,-0.011986593
-0.014577639,0.007984959,0.034583338,-0.004246847,0.02907607
-0.009417424,0.050218124,0.027442418,0.03820252,0.056255985
-0.042937838,-0.036502305,0.017487118,0.0052098413,-0.04433651
0.04562033,0.04158757,0.04530939,-0.0033199498,-0.027186558
-0.03095045,0.0011703174,-0.024729468,0.05538684,-0.005379703
-0.032113463,-0.02793116,0.009301172,0.01736155,-0.06050041
0.026503272,-0.06508808,-0.057784203,-0.029221456,-0.013351473
-0.02810189,0.014238791,0.01787289,-0.0032008495,0.062062003
0.021697303,0.03186689,0.014794295,-0.013055048,0.005574685
-0.0017146003,-0.0011124141,-0.046057973,-0.03386775,-0.09948438
-0.012287525,-0.01688676,-0.06561916,-0.079160035,-0.08180111
-0.004608417,-0.04744281,-0.07005502,0.001244199,-0.0051949224
-0.03154237,-0.06937607,-0.04538273,-0.023046369,-0.011933196
0.012831472,-0.044731062,-0.005809161,-0.042367157,-0.059108924
0.036524814,0.036389984,-0.039126817,0.05096705,0.041179787
0.051364977,0.043522716,0.06573886,0.14601032,0.074489154
0.041260354,0.01466115,0.04717785,0.08289263,0.06140662
-0.016232846,-0.042943075,-0.04826285,0.031866893,-0.021473857
-0.04442865,-0.04400162,0.030986682,0.025842736,-0.0060961875
0.019775238,0.033412553,-0.009907165,-0.0067777205,-0.04187182
0.034767434,-0.069163226,-0.036797453,-0.033926725,-0.015382327
0.01991482,0.0038435732,-0.0055141775,-0.016090728,0.014125874
-0.052454833,0.022212917,-0.05650675,0.028056938,0.044395376
0.050820727,0.02413557,0.04469301,-0.014990473,-0.0018406196
0.027641304,0.04397434,-0.0215121,0.050515067,0.025872579
-0.019538317,-0.029887643,-0.06991235,-0.04201304,0.009724302
-0.018628173,-0.07016932,-0.047924515,-0.034507744,-0.03566935
0.055711735,0.026141088,-0.019276423,0.0077036056,0.01416385
-0.01715428,-0.029844953,-0.002885631,0.038279444,0.0023561209
-0.015170875,-0.021404432,-0.04617162,0.036513604,-0.011981573
0.028967148,0.00039257464,-0.011813325,0.011142729,0.018146833
0.100141406,0.1076917,0.16385281,0.16502331,0.15464436
0.03042412,0.10221899,0.099370584,0.100232676,0.022963941
0.046348754,0.0024671871,0.021655483,-0.029640108,-0.044682022
0.037430882,-0.023205888,0.018587738,-0.012017785,-0.027552348
0.028655887,0.096813224,0.120415464,0.11007839,0.044011705
0.01452287,0.009705077,0.054075427,0.012134438,0.016195009
-0.013053224,0.0076840166,-0.06391015,-0.0035095902,-0.01515085
0.001016991,-0.027734132,-0.0367525,-0.0018712758,0.0168878
0.01655823,0.040530432,0.030820591,0.060722053,0.060464058
0.02748656,0.04374583,0.045935545,0.029707246,0.047635898
0.034528933,-0.043298595,-0.0055984803,-0.01608126,-0.041655313
0.022901649,0.0073279855,-0.017487956,-0.001833535,0.053832944
-0.043364204,-0.026237134,-0.03701702,0.038525075,0.043050166
-0.024697531,-0.0318297,0.032442812,-0.0051561897,-0.02689569
0.03373331,0.01794794,0.016858399,-0.047056373,0.006934112
0.063898094,0.065958895,-0.021242011,-0.016906679,-0.020278448
-0.013728696,0.0009990997,-0.012038116,0.024494506,-0.033027623
0.03871427,-0.045937907,0.0053700656,-0.014714022,0.028172163
0.0065384842,-0.022672929,0.0022371481,-0.029851787,-0.045794107
0.056575682,0.025637547,0.03196524,-0.05102205,-0.050441828
-0.033670846,0.013629075,0.0015297435,-9.2015536e-05,0.01605545
0.033062365,-0.030678334,0.017024266,-0.016712045,-0.054537952
