0.011068939,0.024204561,-0.046651836,0.017709743,-0.0047967294
0.04380761,0.019563163,-0.008222974,-0.0013919862,0.023699237
0.016448766,-0.045891855,-0.030161211,-0.004197014,0.021908714
-0.0379356,-0.046835363,-0.047678266,-0.032807738,-0.023542736
-0.035229407,-0.060322776,0.009698419,-0.014057024,-0.023074314
-0.009511114,-0.016220275,-0.013225454,-0.011928179,-0.00066832715
-0.040088464,-0.034175344,0.047050543,0.02350462,-0.020658655
-0.012823912,-0.012690386,0.04958703,-0.010167353,0.027950257
-0.06021215,0.0036204576,0.012270079,0.0055319536,-0.010602811
0.04366263,0.012101494,0.038511205,-0.056756265,0.019772109
0.034940694,0.04526806,-0.02556218,-0.031140076,-0.007025556
0.038166486,-0.056125056,0.03714812,0.00021571691,-0.026305802
-0.009249358,-0.07931242,0.002054687,-0.023143532,-0.05503272
-0.012421086,-0.033988323,-0.0038379552,-0.012569002,0.0127328895
-0.036309633,-0.047829177,0.026785804,0.035037495,-0.042795714
-0.018775519,-0.041240066,0.029794028,0.037032027,0.0117329415
0.018905498,-0.048408765,0.0072347564,0.046165433,0.04665949
-0.024795067,-0.001904195,0.06578682,-0.0010791696,0.008432188
0.03151699,0.08613764,0.0643889,0.06784,0.03320929
0.034383204,0.098175585,0.061662097,-0.005004981,-0.039182957
0.0001322059,0.0010232581,-0.024380568,-0.027670749,-0.005557934
-0.027240401,0.053466033,0.012880246,-0.018844439,-0.03603959
-0.022249646,0.051604677,-0.023539089,-0.04020841,0.022133017
0.044358455,0.0074970806,-0.012123162,0.023469266,0.005155533
0.02201087,-0.0153570715,0.018674573,-0.04428552,-0.042654805
-0.0030608675,0.052189983,0.04446026,0.04409264,-0.015747057
0.00018413445,-0.037866443,-0.029157441,-0.042356167,-0.009805087
-0.01789228,0.015915325,-0.02982856,-0.0004771903,-0.036836352
-0.008754074,0.016173748,-0.10771683,-0.03814998,-0.021063102
0.009481677,-0.0396502,-0.07312481,-0.036254343,0.017622665
0.008867118,0.020997213,0.011685582,0.017931325,-0.033312388
0.07140914,-0.02684427,-0.030747512,-0.00056293904,0.067165405
-0.005530771,-0.04166918,0.03845889,0.09866492,-0.028757086
-0.033349067,0.024828274,0.042842254,-0.03505312,-0.061833777
0.031261057,0.032127228,-0.039425943,-0.049167216,-0.0307641
0.01774887,0.006461418,-0.046557672,0.039542522,0.011730855
0.0021053161,-0.023036655,-0.034590017,-0.017405821,0.020339027
-0.026656333,-0.021689197,-0.00839895,0.005903189,0.008283064
0.0309351,0.012289039,0.028985653,-0.0024385962,0.009095914
-0.031817272,-0.020345362,0.03635374,0.0011020154,0.041268613
-0.017344285,0.003346217,-0.015246641,0.0013722493,-0.04011174
-0.044476744,-0.02737401,0.015108414,0.007889469,-0.02563402
0.010996964,-0.052746184,0.022696285,0.009522863,-0.023181424
-0.0544847,0.00415923,-0.042214446,-0.01958045,-0.049738284
0.021650832,-0.020070314,0.018659864,0.020137502,0.014885134
-0.012436277,-0.045444682,0.01867283,-0.018589575,-0.0062751877
-0.026365116,-0.03437229,0.03610929,-0.025287922,-0.005844251
-0.058403034,0.006360556,0.010142098,-0.0093872445,-0.0015494993
-0.007438869,0.069647394,0.046868127,-0.024502873,0.011856784
0.0024865349,0.0013372634,0.046213645,0.004444089,-0.03803591
-0.027302288,-0.018580716,0.029987745,-0.034285095,0.03718091
0.030800385,0.025843134,0.029886423,0.0031091543,0.043253463
0.01332252,-0.008890188,-0.045628857,-0.0063768094,0.009961898
0.026799064,-0.008965441,0.029060958,0.07473175,0.020124178
-0.013375119,0.0025553468,0.06523344,0.07093696,-0.004339578
-0.019487338,-0.021700041,-0.0012445869,0.0064789946,0.027778435
-0.012001507,-0.0069833407,0.006674125,0.08156921,0.0036139986
0.008335113,-0.0038034802,0.049634885,0.14230186,0.02132627
-0.03869861,0.008893234,0.1716089,0.11705597,-0.032653395
0.013064997,0.14224626,0.16236734,0.011314276,-0.004302486
0.05824651,-0.008435229,-0.03204112,0.0078239385,0.01917282
0.01979706,0.016121123,0.045670103,0.040802732,-0.006324746
-0.058923677,-0.0152104935,-0.008937023,0.03771156,-0.024018634
0.059356347,0.042485863,-0.06572183,-0.010350016,-0.0013360394
0.04765499,-0.018120095,-0.01784009,0.031880118,-0.024078464
0.0072818017,0.011513606,-0.056963306,-0.01990726,0.021728
-0.020798417,-0.03080834,-0.043935727,0.044288848,-0.003145776
0.015230817,0.027105644,0.0042405124,0.09857284,0.03332903
-0.014191551,0.022533916,0.06999863,0.10946893,0.0290007
-0.0289867,0.08825114,0.083514005,0.03310135,0.010589688
0.03414704,-0.005910307,0.034234546,-0.017817337,-0.026909743
-0.037730593,0.034751054,-0.039194103,-0.018187782,0.04051929
0.025974745,0.002086057,-0.030220727,-0.014649503,-0.024966126
0.018493526,-0.06730217,-0.018821597,0.009822873,0.00076478935
-0.034781426,-0.031680997,-0.016979892,0.036762275,-0.020337885
-0.0033104927,0.0011286044,-0.037586007,0.0097498,-0.04885764
0.06475102,0.06442877,-0.03535234,-0.08518174,-0.0073128985
-0.017266534,-0.046087254,-0.025033696,-0.009408282,-0.007391497
-0.046463102,-0.08353709,0.021106474,-0.009654644,0.0048675695
-0.017225193,0.003126338,-0.008424085,-0.05637685,-0.042234305
-0.011127474,-0.014138303,-0.01516238,0.0129045425,0.009819111
0.029397678,0.011907018,0.04314161,0.0014392355,-0.004005776
-0.018938573,0.08408372,0.0045248806,-0.049565334,-0.040425327
0.07377881,0.054573487,-0.082953125,0.0064793746,-0.0005702408
0.069567606,-0.05031028,0.007831857,-0.021612696,-0.025102913
-0.023456575,-0.02264232,-0.014009498,-0.021480365,-0.0058888453
-0.012068775,-0.024155537,-0.022203999,-0.028058052,-0.0413915
-0.013027128,0.045070462,-0.013017407,0.037058447,-0.021676317
0.02228902,0.02609622,-0.027982706,0.010875854,0.036952063
-0.033458665,-0.023081206,0.042029895,0.009357673,0.030939076
0.008528454,-0.03947481,0.028492797,0.027793806,-0.018834496
-0.02052632,0.013052581,0.03960089,0.043837875,-0.027714182
0.0011645543,0.03770205,0.030249175,0.026150435,-0.045198265
0.0034591868,0.04236351,0.013932567,-0.016535725,0.018986218
-0.04153577,0.014718295,-0.03837221,-0.029260293,-0.019614574
0.020836923,-0.0067979307,0.01722924,0.008217461,-0.015870264
-0.028147232,0.011175663,0.030745972,0.062021412,0.00403299
0.04193004,-0.04347461,0.0060831425,0.052525844,0.034061015
0.019135635,-0.06354291,0.01622511,0.03413712,0.014347904
-0.014072981,0.02277938,-0.026327848,0.018499658,-0.044069037
