-0.02936584,0.040415116,0.014868327,0.05326762,0.04685455
0.0065692356,-0.030949136,-0.019795518,-0.03735792,0.014713938
-0.014816568,0.016915651,-0.0024255032,-0.04456769,-0.004071536
-0.011775787,0.019323103,-0.0491882,-0.018258424,-0.00027085101
0.033578638,-0.023681121,0.023315262,-0.018548891,-0.036129486
-0.01990341,-0.007576683,0.009364487,0.003888936,0.041509155
-0.03998827,0.014422564,-0.060015637,-0.04319229,0.01952408
-0.016257692,0.005571956,-0.033765264,-0.028888786,-0.0007912233
-0.04219344,-0.060794946,-0.0070075896,-0.018035805,0.0282742
-0.010762386,-0.006712861,0.0045440937,0.051977582,0.014627514
-0.011198025,-0.024839258,-0.033769384,-0.024474464,-0.051953167
-0.021277787,-0.016008541,-0.061324954,-0.047236305,0.01794388
-0.0151785035,0.006895221,-0.029007612,-0.019503556,0.011458791
0.028458541,-0.022542324,-0.033322677,0.028839568,0.039978556
0.038320094,0.042516418,0.044034876,0.012144279,-0.019356098
0.010893563,-0.03176761,-0.0005910554,-0.016391583,0.00063202466
-0.0060653887,-0.0057968996,0.016070217,0.021708975,-0.0453161
0.017768823,0.021820808,0.0072122733,0.016272083,-0.028480567
-0.016926715,0.022747641,-0.004005975,0.024049804,0.06366878
0.0072200857,0.0036573121,0.0031901398,0.0032943122,0.054095004
0.037480287,0.0006329531,0.018970247,-0.027976137,0.04826352
-0.031103771,0.027680421,-0.044111542,0.033867087,0.03258089
0.037308943,0.024190703,-0.026325062,0.0007701423,0.028241707
-0.03227578,0.010854946,-0.018319955,-0.017311197,0.030444337
-0.0025408794,0.028165692,0.036758035,-0.037555218,-0.028312733
0.03850379,-0.038544264,0.0064134547,-0.051152837,0.023185035
0.058058333,0.023158303,-0.0086837085,-0.015068317,0.043464452
-0.0036501621,0.07455517,0.017843267,0.046591386,0.0647263
0.009886516,0.020165933,0.0648653,0.015398865,0.03709273
0.009774883,0.04459812,0.040309463,-0.015386008,0.013663943
0.015731124,0.0105295805,-0.050473597,-0.009414103,-0.009679488
-0.022160472,-0.045967445,-0.042044226,-0.017326163,-0.0269793
-0.051816955,0.0043567643,-0.0006890885,-0.00033877604,0.013382833
0.039689306,-0.050498154,-0.044054985,0.012849936,-0.013053113
0.060853727,0.010201744,0.0022531755,-0.026087848,0.0086573465
0.030695312,0.009267555,0.015622321,0.0021318193,-0.0153798
0.036207978,-0.020300556,-0.01910348,-0.021574492,-0.049623534
-0.034123994,0.023394162,0.014385932,0.027677173,0.010070391
-0.01918263,-0.0074833618,-0.057891104,0.0009847091,0.0118683465
-0.030624958,-0.04500678,0.014730984,0.028646491,0.034307905
0.044326134,0.015037207,0.02769499,0.012899208,0.028795818
-0.039192613,-0.014583714,-0.04918003,0.01858312,0.00961065
-0.04219098,0.016045537,0.021217508,0.0060009873,0.018870462
-0.02890496,0.029547581,0.021314876,-0.037275888,-0.048555527
0.010426099,0.004682065,-0.014897487,0.01133455,-0.024069393
-0.013157224,0.046023577,-0.038529057,0.02462806,-0.009549765
-0.03273566,-0.05424761,-0.03949176,-0.057198524,0.015480674
-0.030083975,-0.006422632,0.0051731816,-0.056406803,0.01749862
-0.027128763,0.02384728,-0.029455412,-0.021531975,0.012866679
-0.022815574,0.041407645,0.013789881,0.080082886,-0.0060815397
-0.02439251,-0.033233855,-0.029437106,0.0025274474,-0.011621263
0.038962156,-2.5641202e-05,0.0107096415,0.016956186,0.018129714
-0.018826881,0.020238357,0.009745238,-0.0047860784,0.02848411
-0.018754916,-0.030425306,-0.036350682,-0.04595639,-0.03454351
-0.033976424,0.029283762,-0.047961496,-0.053936932,0.019578991
0.032644894,-0.05132917,-0.036871616,-0.05696625,0.023781084
-0.027073553,-0.024874648,-0.025821716,-0.056887142,-0.04209702
-0.023604607,-0.036000304,-0.07220541,-0.055415876,0.008116265
0.0045253076,-0.0053918124,-0.040051192,0.00015708408,0.03494334
0.038646176,-0.010926655,-0.026935969,0.027018746,0.062752195
-0.014965533,-0.0468273,-0.03796721,-0.045863163,-0.060603224
-0.03396623,-0.01680278,-0.03617294,-0.08159513,-0.0045983046
-0.003338517,-0.015419429,0.021139054,-0.036626898,0.046581388
0.036968414,0.03529283,0.056048498,0.047821082,-0.030979441
0.06904412,0.0002190151,0.023175286,0.031715367,-0.046202764
0.014153462,-0.0141760465,-0.009208116,-0.01968694,-0.033692647
0.013821375,-0.0508938,-0.051523898,-0.028074864,-0.041661087
-0.058848415,-0.0055949558,-0.056199294,0.00039313533,0.043558326
-0.0029254823,-0.06867955,-0.036661234,-0.00021748358,0.0032765751
0.031836018,0.0040126983,-0.015835444,0.009262762,0.06741529
0.03399012,0.049823757,-0.015572946,-0.0049971067,0.00207068
0.042571697,0.05537515,0.032443035,0.0632046,0.031680573
0.04444416,0.00021409403,0.07191863,0.03338417,-0.0022248137
-0.02422855,0.0038048264,0.044960003,0.0064815744,0.030738868
-0.017532682,-0.022385854,-0.024861796,-0.053093556,-0.010827472
-0.04223782,-0.0266838,-0.023638103,0.047749545,0.0416192
0.014060721,-0.033762522,0.023513108,-0.010584372,0.01616998
-0.031962458,-0.008488593,-0.051483277,-0.018183906,-0.04152405
-0.04799282,-0.05887363,-0.05562989,-0.050387558,0.025599698
-0.033589903,-0.042975012,0.00048215996,-0.014428817,0.03402422
-0.056367096,-0.0149063,0.00055062666,-0.008783318,-0.008542749
-0.023937862,-0.02690039,-0.0019525259,-0.03739473,0.057013042
0.013426364,-0.02521148,0.023087204,0.04097586,0.07546773
-0.00015648847,0.0054176487,0.031644743,0.06803215,0.0022740432
0.0652485,0.06567544,0.067811005,0.0058039264,-0.026293682
0.022141289,0.01661059,0.007354058,-0.023598175,0.005896939
-0.007935105,0.014181623,0.029108305,-0.032989357,-0.017823521
0.015636386,0.04602759,0.015018154,-0.025415614,-0.031434894
0.03204159,0.018663459,0.0025584952,-0.0049048937,-0.020822633
-0.002037549,0.018152768,0.029645372,0.029277114,-0.00033014256
0.036996823,0.027437586,-0.011573586,0.0026165957,-0.014707899
-0.014655942,-0.018087815,-0.020459197,0.011096216,0.03441078
-0.029021388,-0.04085582,0.017492903,-0.050297342,-0.034172367
-0.021686222,-0.053273313,0.02525899,-0.006162172,0.029473718
-0.041320678,0.0384005,0.011192612,-0.007230898,0.024551304
-0.023584675,-0.04854794,-0.023477864,-0.0002078678,0.02120104
-0.011469002,-0.006325967,-0.01976012,0.0047388086,-0.033347428
0.008540871,-0.0011704769,-0.007356484,-0.054025467,-0.048331436
-0.044039734,-0.004482163,0.0029945632,-0.011319562,-0.022737455
0.009821157,-0.042729706,-0.008025392,-0.016207056,0.029792037
