-0.028920265,0.039877787,0.005752165,0.025781944,-0.04304096
-0.014056634,-0.018502306,-0.026594765,-0.009953321,0.00400524
-0.018413734,0.0015201074,0.02013262,-0.0006118616,-0.052395944
0.034517415,0.0042873016,0.0028417823,0.01753756,-0.0065791025
-0.00016653063,0.007096585,0.008805125,0.0636001,0.015917817
0.039183017,0.03706632,0.0025067956,-0.037326913,0.0082478225
0.030125907,-0.008667387,0.0056349407,-0.0057687033,-0.001023431
0.03602584,0.011970352,-0.034207594,-0.044363964,-0.02108536
-0.025852079,-0.024058668,-0.031727415,-0.044886697,-0.04054721
-0.0046801227,0.003933741,-0.04274352,-0.039506704,-0.034231357
-0.037376046,-0.019813314,-0.0338437,-0.025608843,-0.04193209
-0.020274205,-0.02901092,-0.011861577,-0.009488799,-0.049089577
0.0029896772,0.040899154,0.028046636,-0.01363732,-0.037149586
0.059563775,0.083039515,0.039846823,0.06292692,0.030537998
0.05489044,0.066292964,0.027684597,0.048759032,0.04707823
0.01862678,0.007576185,0.029395465,-0.02032219,-0.0463425
0.054736227,0.014398751,-0.04470619,0.00016123218,-0.035471506
0.003206133,0.031913985,-0.021789521,0.009105394,-0.05205522
0.040810466,0.041550808,0.03348901,-0.016152479,-0.03466216
0.016531719,-0.0015918325,0.014442324,0.02006608,0.0005645554
-0.042135727,0.009682082,-0.0010261869,0.01531222,0.038154647
-0.042797603,-0.048398703,0.010071891,0.02809476,-0.025367528
0.03670466,0.011814056,0.026035538,-0.017583182,0.011285073
0.022182813,0.01590154,0.003050325,2.8826998e-05,0.032931406
-0.021317132,0.03825489,0.005544774,0.04269599,0.014909781
-0.033408865,-0.04543068,0.0058670808,0.0030345486,-0.039443873
-0.0008796154,-0.0022106948,-0.023674289,0.018608263,0.016497882
0.048792783,0.036517873,0.006523865,0.058166582,0.06748992
0.01662553,0.030468717,0.056480363,0.06582993,0.037019506
-0.0018912475,-0.034997843,-0.04252646,0.026025873,-0.026291283
0.0077296905,0.002501373,-0.017835498,0.02443641,-0.013620333
-0.026833035,-0.058598712,-0.021537462,-0.06391772,-0.040620476
-0.018579653,-0.04355557,-0.04831975,-0.07984058,-0.036682446
0.025657348,0.0009821585,-0.024035135,0.027021747,-0.036483392
0.024124715,0.026781343,0.06669619,0.075336866,0.076065935
0.0020536142,0.00601549,-0.023499189,-0.003961608,0.005235087
0.006655618,0.00047266623,0.0008764332,-0.029763289,-0.02403001
0.018849123,0.029002938,-0.009674163,0.019112708,-0.024080593
0.033976372,0.023189457,-0.03071553,0.03619355,-0.030184474
-0.024995627,-0.04061,0.03992245,-0.025477963,-0.009089077
-0.040476177,-0.0125000635,0.005286497,0.022210283,0.019723449
0.024957577,0.01911069,-0.03375825,0.01565722,-0.03294774
-0.022186631,-0.0030749217,-0.012274858,-0.04177866,-0.005296014
0.017286958,0.010468739,-0.019435247,0.024227066,-0.021944188
-0.016273728,0.055131137,0.022125496,-0.0030738513,-0.008051484
0.019630482,0.002066979,0.011847635,-0.008693157,-0.0070181317
0.0032007887,-0.033902526,-0.015118388,-0.052005954,-0.052365933
0.018043695,0.033181794,0.00540851,0.015919747,-0.009414351
0.0314899,0.017782066,0.040526144,0.03547204,0.053206652
0.0015294987,0.0069855195,-0.005874026,-0.023758007,-0.0030579278
-0.00028271048,0.034028698,0.0020964835,-0.0018904927,0.035106942
-0.027505768,0.041687544,0.031415217,0.021874247,0.04994013
-0.026974248,0.013715261,0.03527198,-0.031030387,0.020422915
-0.027159052,-0.008689665,0.009226861,-0.011647115,-0.042489894
-0.04729743,-0.060694154,-0.073057406,-0.0630648,0.013145643
0.026493466,0.04002105,0.0037362562,-0.00395184,-0.033359
0.054447174,0.0391931,0.02194501,0.019066717,-0.059464127
0.066556565,0.009042492,0.0324473,-0.013565435,-0.02479554
0.027537307,-0.0015545932,0.030027695,0.03502141,0.012398265
-0.03147665,0.01569537,-0.030591834,0.0039602523,-0.0044076177
-0.054469906,-0.0345982,0.023384355,-0.032876056,0.0008559086
-0.007370394,-0.066563524,0.011485372,-0.067177586,-0.009028218
-0.036120657,-0.025636427,-0.016098157,-0.0293057,-0.017705193
0.05348647,-0.0046833707,0.077900395,0.056296676,0.07325405
0.014721912,0.0007537833,0.040847097,0.019984659,0.026479192
-0.0074923118,-0.01312123,0.021269599,-0.018415462,-0.028436549
-0.00059541943,-0.006913872,0.0260398,-0.020344127,-0.0053749727
0.031159801,0.03815055,-0.009292393,0.009626897,-0.034314517
-0.029366657,0.013206065,-0.05164796,0.011689941,-0.06615819
-0.019804021,-0.050928093,-0.019726418,-0.04375357,-0.0075707356
-0.03221722,0.01575558,-0.04239666,-0.034364417,0.021002071
0.0009190819,0.047722302,0.017411062,0.0029964033,0.0635142
0.034101658,-0.031357326,-0.010352526,0.015580776,0.052720707
-0.021718318,-0.00055014173,-0.003976167,0.035103805,-0.008284356
-0.027598467,-0.013393862,-0.0806201,-0.012337741,-0.05275684
0.034329593,0.013957295,0.016364433,-0.016641222,0.029100562
0.030501558,-0.032802995,-0.038541224,-0.060076013,-0.0043623843
-0.0152730625,-0.035826255,-0.05049519,0.0020164424,-0.06594675
0.021159265,-0.0077561657,-0.0009714057,-0.033282463,0.0043486445
0.022629503,0.010583659,0.07114133,0.06855483,0.039651502
0.0043111593,-0.048816472,-0.04017003,0.019281534,-0.026633188
-0.06721083,-0.05308477,-0.011694622,-0.061039634,-0.046599217
0.009180782,0.02086436,-0.02360709,-0.03948436,-0.016043175
0.00622771,0.0415874,0.06383258,0.07742063,0.09064716
-0.04370286,0.05570119,0.049543552,0.081496574,-0.015681177
0.012356782,-0.054468043,-0.021061452,-0.044746205,-0.016464917
0.028778741,0.0012544568,-0.016229333,0.010138534,-0.012165037
-0.03675287,0.020982495,0.037560675,0.021607326,0.0066789594
0.03712002,-0.021153865,-0.024729596,0.040739514,0.023947077
0.038742207,0.03744347,0.0319485,-0.029827345,-0.04828741
0.028786078,0.022759084,-0.048803255,-0.029150149,-0.0057007275
-0.03950223,0.012711813,-0.04494752,-0.005945086,-0.013107589
-0.01691919,-0.045476086,0.028204015,-0.0061963624,0.01440172
0.018140638,0.012436765,-0.0040472327,0.025209209,-0.050075173
0.004023859,0.042316634,-0.035044543,0.040668007,-0.02052828
0.008862009,-0.026895383,0.033259798,-0.008186319,0.0147104915
-0.009439189,-0.04096847,-0.035288803,0.032433577,-0.029048739
-0.0087294765,0.017343836,-0.001063639,0.034728613,0.012314979
0.050426457,-0.010934871,0.051775016,0.04957747,-0.04604743
0.0050094114,-0.008746299,0.039520778,-0.007866368,-0.01284079
