0.039182078,-0.039424527,-0.004219255,0.014594428,-0.016606228
0.036003295,-0.038961537,-0.0075939824,-0.01002454,-0.006736928
-0.02795151,0.024065021,-0.037399013,0.037221935,-0.005973515
0.0032143935,-0.024900733,0.038508248,0.0317517,-0.014718346
-0.044442844,-0.02684561,0.040817652,-0.004744541,0.018640539
-0.029904597,0.02893462,-0.004458371,0.015469302,-0.038045548
0.0030215788,-0.0008720389,0.030352315,-0.008207675,-0.032160982
-0.0011792042,0.01047309,-0.04099214,-0.02965811,-0.020578073
-0.006284311,0.02963538,-0.00080427376,-0.03324087,-0.03687667
-0.007866723,-0.0100082215,-0.015673125,-0.027828645,-0.025846776
0.037150737,0.034454007,-0.029464517,0.0068412703,-0.03885248
-0.006549917,-0.04342822,0.03668823,-0.019664768,-0.031313
0.0061475337,0.026132775,-0.044710148,-0.0106794555,0.03501686
0.021990294,-0.0043999595,-0.040811878,0.027394254,-0.026518552
-0.015827384,-0.022268925,-0.0070134527,-0.018074244,0.029288962
-0.0009208246,-0.033520207,-0.024962094,0.04396689,0.011848389
0.004906376,0.0043446273,-0.042879745,-0.016259477,-0.0188577
0.036819424,0.039370123,-0.028935868,-0.027622337,-0.036148854
-0.034374673,-0.030106168,0.036964715,-0.008789572,0.0077546653
0.006681983,-0.03567614,0.022318067,0.039043814,0.024553144
0.03030155,0.039522815,-0.023934152,-0.040597886,0.028114088
-0.012373706,-0.018732617,0.009840639,0.0039553787,0.0074281315
-0.012989965,0.011280304,0.01608679,-0.036985073,-0.03828468
-0.0087970225,0.03422032,0.043074794,-0.017464109,-0.011990369
-0.015204711,0.027354063,0.03853021,-0.007787539,-0.009990948
0.014606262,-0.0045710388,-0.04223264,-0.017037772,-0.015360714
-0.041315813,0.024470897,-0.015160164,0.036725737,-0.04320389
-0.042952523,0.041323952,-0.034931544,-0.025419947,-0.008397935
0.025490655,0.00090206735,0.030428402,0.019633401,-0.013639704
-0.042583115,-0.03397851,-0.040990222,-0.041325483,-0.018717237
-0.041576643,0.011080468,0.010473116,-0.03869351,0.0082446635
0.021217486,-0.038640436,0.030967044,-0.032535594,0.022325957
0.00096693065,0.038245536,0.022374133,-0.019629065,-0.02471253
0.040020805,0.026807519,0.007178713,-0.032794435,0.043249
-0.0267705,0.026238179,0.0025189163,0.039652053,0.03311919
0.0412582,0.020603495,-0.017010612,-0.026856659,-0.03860625
-0.04314981,-0.006354016,-0.025197437,-0.036859404,-0.044156272
-0.0056838556,-0.0070334394,-0.021570615,-0.013703713,0.025955556
0.03443879,0.03581359,0.03421984,-0.037754692,-0.041734025
0.008355025,0.023993261,-0.031890918,-0.023683116,-0.007062311
0.018002586,-0.04212853,0.028101087,-0.007092083,0.03701786
-0.03320526,-0.034565203,-0.023798084,0.0403471,-0.02730658
0.0037539057,0.020770876,-0.0023442043,0.020254698,-0.010899503
-0.015847398,-0.024431413,-0.044807464,-0.0016102963,0.02730344
0.016885888,-0.023178644,-0.020949826,0.029830568,0.010098458
0.030360945,0.033460237,-0.020412872,0.024990696,-0.0020864923
-0.026528813,-0.004868531,0.0282533,0.010838742,0.03492145
-0.0179865,0.038987625,-0.009298201,-0.038516242,-0.00525953
0.033138644,-0.0327848,0.013094792,-0.0062175337,-0.008575547
-0.0153485425,-0.022200927,0.036289804,-0.0062190634,-0.010728375
0.012857144,0.025052339,-0.035976518,-0.030879714,-0.007114921
0.019352382,0.026971916,-0.022889817,0.010379473,0.01279501
0.029036593,0.040799573,0.042822402,0.02623883,-0.021098819
-0.0011575486,0.016316934,0.0383801,-0.043048646,-0.033042945
0.037291564,-0.039379995,-0.02219517,0.01091484,-0.032672226
0.036051642,0.014439908,-0.03968256,0.026044864,-0.0020158407
-0.030441947,-0.0065149753,-0.045113936,-0.042467643,0.041271262
-0.043087125,0.026963552,-0.013670621,-0.042730372,0.019984394
0.03282213,-0.0116417,-0.013368412,0.019966805,0.0021151833
-0.013071887,0.031211026,-0.03898382,-0.006157017,0.016430315
-0.019624783,0.00021549551,-0.02580398,-0.028055929,-0.04108169
0.031057412,-0.005778616,0.013650799,-0.02108411,0.008191462
-0.024736643,-0.002215859,-0.030395627,-0.0051365895,0.02995244
-0.041472573,-0.033487935,-0.020922953,-0.0009088128,-0.0017471185
-0.022959137,-0.04124494,-0.012637182,-0.03222208,-0.00042333693
0.039519586,0.0083875535,-0.005530213,0.02525015,0.03213475
-0.016425293,-0.017129384,0.034508586,-0.027813181,0.018482553
-0.021724222,-0.027179403,-0.041283,-0.013868121,-0.02790385
0.0139225535,0.02595981,-0.020918025,-0.01491902,-0.010092227
0.014713888,0.014659174,0.0074331826,-0.020887794,0.0015556253
0.019926732,-0.0048479023,0.0010646624,-0.0146817975,0.011186772
0.005303275,-0.0041237837,-0.0025025308,-0.024065798,0.023430869
-0.034356263,-0.043388404,-0.031142486,-0.03629418,0.0047629154
-0.014238529,0.025703581,-0.024231693,-0.02697151,-0.03838312
-0.015424083,-0.039998647,-0.004505631,0.021878203,-0.021077834
-0.032483462,0.022574956,-0.04306301,-0.009352073,-0.019708252
-0.022696119,-0.017752044,-0.018886695,0.03629648,-0.013024306
0.043160867,0.013895614,-0.031230602,-0.02315534,-0.0007289789
-0.033011977,0.029896664,-0.019310538,-0.02247952,-0.03078731
0.034520444,0.02623107,-0.025839774,-0.02331643,-0.027886441
0.04072661,0.0029675986,-0.036846094,-0.008232741,-0.017064625
-0.023766177,-0.04209155,-0.012537636,0.0070646806,-0.017807879
0.018893924,-0.04120254,-0.03496732,0.027003547,0.0047182036
0.03599088,-0.03924583,-0.037462834,0.03907993,-0.010553702
-0.006192239,-0.0077775433,0.043474816,-0.03857789,-0.03089494
0.023728369,-0.00073962007,-0.007186822,-0.043279342,-0.017715944
0.0089710085,-0.0054197516,0.0071500964,-0.032038275,0.01988816
-0.040604617,0.035413146,0.011632145,0.005000034,0.012604407
-0.033316847,0.006307188,0.03186804,0.019044913,0.007399159
0.015040706,-0.035282183,0.017134508,0.006850742,-0.023817211
0.002460009,0.03002151,0.021736857,-0.039174013,-0.033412408
-0.009936775,0.0076343743,-0.023310855,0.007129228,-0.0048456886
-0.0020485097,0.0438138,0.025109455,0.029136745,-0.025612593
0.01333806,-0.037162624,0.012792899,0.031442862,-0.037263647
0.016655248,-0.039320204,0.01896266,-0.00061425706,0.01547152
0.018906478,-0.015527448,0.0136189135,0.0013451463,0.023350142
-0.04214674,0.039955117,-0.028767368,0.023669152,-0.025019709
0.0032152857,-0.023096606,0.02386724,0.04296796,0.024687743
-0.032605637,0.027332408,-0.024091903,0.016213385,-0.035978843
0.010326194,-0.043614764,0.00761644,0.026622202,0.0383933
