-0.05842259,0.01857925,-0.049754895,0.0026281946,0.03216994
0.0466644,-0.036651954,-0.04302976,0.018624438,0.062357273
-0.0052765403,-0.05996873,-0.023215335,0.09065517,0.04606494
-0.06636961,-0.07329168,0.0051533566,0.103824824,0.056734536
-0.012013094,-0.005046238,0.08348749,0.08857364,-0.009952965
0.051873807,0.00029318416,-0.043211866,0.03177748,0.03415194
0.026160335,-0.052867327,-0.06920771,-0.0017961183,0.000902275
-0.0049199783,-0.06632592,-0.041386984,0.0758207,-0.05012442
-0.030090246,0.017690776,-0.009912249,0.028001372,0.018109493
0.047472276,0.036757555,0.0042336485,0.02159995,-0.01541692
-0.00016892052,0.057555854,-0.0022428476,0.014943632,-0.0042423084
0.02504998,-0.03650725,-0.033390053,0.035261992,0.085709654
0.021431196,-0.051896688,0.014159358,0.026018335,0.07536325
-0.0040994296,-0.024739517,0.056724288,0.08510684,-0.055160265
0.020419925,0.041595187,0.08958898,-0.0012690816,-0.02458403
0.013012866,0.041963235,-0.06371642,0.016484978,0.029889194
0.007909911,-0.043912705,0.0054881456,0.0624889,0.009874002
-0.002174918,-0.054812532,0.0021501041,0.11083958,0.007991471
-0.024626309,0.023839917,0.087120004,0.063280515,-0.012563648
-0.038539995,0.012678165,0.07671897,0.005206795,-0.014555567
-0.037281767,-0.023609376,-0.017586943,0.014942694,-0.022548476
0.027310826,-0.031704947,-0.011808781,0.027036123,-0.02608449
-0.0025408822,-0.0143697355,0.0066054068,-0.036852926,-0.045340445
-0.021028189,0.012173133,-0.02412573,-0.051532026,-0.024071371
-0.026617689,0.028330436,-0.020167561,0.003321481,0.03365505
-0.01930981,0.014915899,-0.016981864,0.04210796,0.006229603
0.01736882,-0.06282353,0.03315633,-0.008909401,0.023470266
-0.04522849,-0.011742831,0.024147509,0.052150816,-0.07580706
0.03176843,0.05318724,0.03504435,0.027464654,0.012020983
0.010986384,0.034904767,-0.0069108587,-0.012437136,-0.046704005
-0.011618787,-0.023546673,-0.026486864,-0.021265443,-0.0138717145
0.008806539,-0.00021507595,0.021310942,0.030185096,-0.0095395865
0.031214412,-0.031763934,-0.022007877,0.048037395,0.020767516
0.019650262,-0.042914208,0.03276984,-0.037804473,0.0030606107
-0.022731947,0.020695,-0.023865903,-0.041104816,-0.04208824
-0.03030258,-0.029809408,-0.01079784,0.0035026567,-0.008260206
0.010248348,0.012251673,-0.019643309,0.064476,-0.011852384
0.016244372,-0.045201402,-0.011848031,0.016125314,-0.017659312
-0.045948848,0.020791108,-0.023505744,0.027885454,-0.058824446
-0.024507266,0.0068899128,0.009008374,0.0008480748,-0.021340283
-0.010277979,-0.036399573,0.0010603474,0.018641645,0.04154163
-0.021865716,-0.026479645,-0.03516198,0.022110093,-0.033747356
0.038068082,0.015997503,0.02799952,-0.018670069,0.023758445
-0.020130988,-0.010260875,0.02657989,-0.030643571,-0.022663586
0.0033449277,0.010286894,-0.01135123,-0.043704227,-0.017998226
0.013057369,-0.035810716,-0.034158602,-0.020467695,-0.00529977
-0.017470201,0.01932381,0.0037330037,0.013211867,-0.016881125
-0.018422531,-0.0077754087,-0.050437305,-0.03451357,-0.012467228
-0.030812986,-0.046411544,-0.051838506,0.03156295,-0.0032861081
0.029052237,-0.02827884,0.02592759,-0.008672703,0.04612351
0.018050855,0.00065273605,0.009331149,0.016291957,-0.022960216
0.01062524,-0.040672213,0.025631988,0.047715172,0.031756967
-0.026903247,-0.017841607,0.049237877,-0.034004804,-0.013110991
0.005454335,0.043675076,-0.008677405,0.020445913,-0.038060244
0.05914923,-0.0293518,-0.031558715,-0.042333048,-0.06756546
-0.004054372,-0.035513304,0.027948601,0.037979763,-0.0030526046
0.026123557,0.022151828,0.017788256,0.0055978205,-0.029237194
-0.039735615,0.017911565,-0.030293902,0.034462642,0.009274444
-0.022639468,-0.018820954,0.01091576,-0.0016596733,0.0391621
-0.017017566,-0.026369207,-0.040835667,0.008424286,-0.033346828
0.0035238815,0.032195304,-0.050271623,0.04509383,0.03900107
-0.021482214,-0.0042209784,-0.042696174,0.032964595,-0.015146755
-0.01730363,-0.004398117,0.025649775,-0.027465133,0.022076737
0.0036172948,-0.014144666,0.013399098,-0.026676401,-0.018344253
0.035523567,0.009679857,-0.06273384,-0.023140032,-0.007983675
0.029422205,-0.0030331842,-0.042613883,0.0070966706,0.011855132
0.0073517933,0.036120374,-0.043932498,0.004703554,-0.024545502
-0.02000113,-0.028693171,-0.010516078,-0.04193687,-0.04152887
0.030163402,0.02740881,-0.016765298,-0.014614776,-0.015926827
0.011047361,-0.017769255,0.018444154,-0.00011267131,0.011375269
-0.032575827,-0.022974014,0.01642711,0.018682985,-0.013299099
0.017482553,0.0027117226,0.03680357,-0.03907157,0.06747254
0.01782394,0.027003214,-0.023929445,0.031544533,0.04275564
-0.0063181836,-0.024663825,-0.0048763976,0.06300182,0.06584582
-0.04070829,-0.036250044,0.03585846,0.0075419876,-0.01253453
0.00496912,-0.0399936,-0.039154477,0.06612402,-0.03934321
-0.022069808,0.0013562493,0.0005934357,0.06653419,-0.017220622
0.00094158447,-0.025826665,0.028625706,0.044944253,-0.022848228
0.016202837,-0.043392323,-0.005141696,0.020809771,0.003424822
-0.029476207,-0.009071292,-0.033715125,0.032935668,0.0064140656
-0.039532088,-0.059239704,-0.004273365,0.05174483,0.007863858
0.023168936,-0.06189516,0.048782088,0.063238785,-0.054622933
-0.0061961273,-0.015081008,0.070018545,-0.015639914,-0.06900892
-0.04262827,0.037930854,0.02685889,-0.054704845,-0.058744665
0.02059903,-0.0246097,-0.0408781,-0.036165595,-0.03637836
-0.013595082,-0.029083647,-0.009681545,0.029979814,0.04027972
-0.033883847,-0.032561004,-0.003935203,0.012009799,-0.0015113394
-0.03386118,-0.023313798,-0.0004449705,-0.009560981,-0.032054897
-0.029517304,0.008440133,-0.006269263,-0.014170549,-0.00088164647
-0.008980873,-0.008103018,-0.021492971,-0.04240773,-0.02530969
0.03267133,-0.020708084,-0.016559394,0.006109209,0.0061736004
-0.033304013,-0.03755237,0.036056124,0.090450235,0.028376186
-0.047886446,-0.033098083,0.08264275,0.0396452,-0.03108274
-0.008187517,0.048574984,0.0323449,0.016634315,-0.08338805
0.0076677534,0.048580408,0.01666685,0.011420865,-0.06523132
0.040895335,-0.0019828638,0.0059854216,0.035300486,0.051637143
-0.018598042,0.008846096,-0.047780175,0.020712297,0.043310225
-0.031327985,-0.022004176,0.078358136,0.04513802,-0.018522315
-0.023407226,0.052335255,0.08782092,0.00095199083,-0.06762107
0.043859705,0.07376011,0.015646914,-0.013523006,-0.0013296811
