0.0063417875,0.024534075,-0.0055165673,-0.019089099,-0.0020218974
0.031747535,0.034665097,0.033379726,-0.0089497985,0.005237608
0.04024766,-0.044281125,-0.0009954653,-0.035282537,-8.697414e-05
-0.023900691,-0.008082967,-0.0042382632,-0.016289258,-0.007112246
-0.045890525,0.02558733,0.0046884627,0.01364848,0.006470188
0.0077172457,0.01774916,-0.05884821,-0.055890564,-0.05138804
0.035173267,-0.010881161,-0.07516656,-0.06729151,0.058856383
-0.033331968,0.016499853,-0.05495359,0.039946757,0.048474718
-0.035397407,0.031101527,-0.022301756,0.04588027,-0.03920402
-0.020686405,0.0007461519,0.030856183,0.02579107,0.013526334
0.048905518,0.042038284,0.015179278,-0.004272394,-0.009633612
0.043033168,0.050789855,0.07418818,0.03158969,-0.029655315
0.0035165276,0.093913674,0.07397429,0.016974228,-0.046408918
0.020446049,0.050602704,0.0262086,-0.03052544,-0.0027412276
-0.017898772,-0.008918453,0.029792689,-0.01341308,0.0057252627
0.00052246696,0.0067769852,-0.020725941,-0.066022344,-0.038185798
0.01978122,0.026125297,-0.0065328632,-0.07839034,0.01191348
0.058016114,0.016822707,-0.055825416,-0.044289477,-0.027012486
-0.053523876,-0.03057103,-0.051133357,-0.041461375,-0.021710062
0.0022272507,-0.0077027255,-0.026372002,-0.019190704,0.0017414168
0.03069269,0.042054817,-0.0032835898,0.05278858,0.0626068
-0.039544597,-0.015461368,0.021520779,0.001493799,0.053129055
-0.06064756,-0.042372003,0.062164165,0.013400925,-0.038159482
-0.04730234,0.029661529,0.017852314,0.048812423,-0.016931951
-0.015730489,0.016898192,-0.003455367,0.03550612,0.002886036
-0.03842299,0.0007411097,0.0010159487,-0.004029373,-0.06227394
-0.014670419,0.021954855,-0.04825893,-0.070978105,-0.07595286
0.085558414,0.051000062,-0.08052386,-0.011069883,-0.029988164
-0.024540467,0.036062114,-0.05904451,-0.05904826,-0.05081548
-0.039379727,0.034466952,0.0573626,-0.018617636,-0.04192872
-0.025377985,0.017843029,-0.013218833,0.010937071,0.0019348533
-0.024899323,-0.006792416,0.010074979,-0.07805776,-0.051524475
0.008295446,-0.039845053,-0.061427355,0.0007292021,0.041577447
-0.01786046,-0.0720433,0.0008516736,-0.039104123,-0.022231342
-0.0028042365,-0.047258012,-0.015852148,-0.024698043,0.033235345
-0.013307375,0.020368917,0.010655247,-0.029393086,-0.012491791
0.004861084,0.015029219,-0.058947254,-0.012746123,0.021157634
0.020621236,-0.042449288,-0.05680984,-0.031962108,-0.013036988
-0.042223494,-0.058912974,0.01498736,0.06762727,0.0045027365
-0.009799554,-0.038775194,-0.044404287,-0.011266444,0.052932564
0.0009916276,0.018414853,-0.004564964,0.025236912,0.06586735
0.056274973,0.004168255,0.009326097,0.02813629,0.028991284
-0.04735031,-0.05406458,-0.03690316,-0.008734812,-0.011509898
-0.01991248,0.01802594,-0.0015415845,0.021930464,0.01588667
-0.0022510828,-0.0048070652,-0.02107984,0.04677452,0.031247761
-0.017322727,0.047654256,-0.003937708,0.024678653,0.06229726
-0.021495,-0.00055698754,-0.037611675,0.06841126,0.060695924
-0.010847291,0.017311728,-0.01449253,0.043427937,-0.009381687
-0.049257196,-0.03616214,0.051012244,0.0008313354,0.038120057
-0.0042924155,-0.0035121262,0.04872721,-0.016101487,0.029331822
0.028826106,-0.004937595,-0.0025836988,0.037680924,0.034485202
-0.01411509,0.03242403,-0.02322363,0.038384967,0.02520563
-0.016101703,-0.021870743,0.008238335,0.0086198775,0.0117890285
-0.015193777,-0.01622373,0.021725992,0.003299652,-0.033193838
-0.03160026,0.01560909,-0.017310794,0.02249757,0.01821823
0.007654882,-0.010100201,0.06337051,0.038360115,-0.0026218933
0.038928095,0.038049687,0.06564259,-0.03292951,-0.027969085
-0.023710854,0.023479827,-0.0032384426,-0.0024065608,-0.04692102
0.025397949,0.026478201,-0.030912545,-0.03303601,-0.029908834
-0.01797304,-0.04480397,-0.057843428,0.026905486,0.0072328616
-0.0031731504,-0.0096805645,0.030100126,0.025892561,0.017000295
0.033397816,0.0074137268,0.018655492,0.026270552,0.03389703
0.008267244,0.018652331,-0.020400995,0.003130391,0.044990942
-0.009547098,0.02797882,-0.02959355,-0.01166981,-0.02382704
0.031416174,0.041460283,0.021981275,0.048052378,0.016659021
-0.0016594866,-0.042121567,0.009227356,0.04465824,0.0337052
-0.054350406,-0.06467711,-0.037375472,-0.033602916,-0.021371342
-0.055645734,-0.07279917,-0.043640047,0.065592706,0.055523973
0.00475335,-0.045512892,-0.011335636,0.08150265,-0.0059327576
0.015672179,-0.01975655,-0.02267344,0.069304466,0.022261893
0.014455645,-0.012928289,0.071883686,0.060875196,-0.015840031
-0.009613631,-0.044058576,0.076924615,0.048231643,-0.020510223
-0.049334653,0.0024446885,0.07325098,0.07015012,-0.031590033
0.017979097,0.032476753,0.11021195,0.026172169,-0.0017864038
0.017882729,-0.011667692,0.039485455,0.07348127,-0.0069617336
0.020163871,0.025294824,-0.012027518,-0.012254196,0.027383618
-0.02229585,-0.004715886,-0.044199128,0.05802448,0.016327253
-0.02176076,-0.01512698,-0.021422196,0.018320985,-0.021316264
-0.010378533,-0.022686668,0.029188843,0.027523464,0.038786307
0.048619583,-0.020112637,0.028561475,0.024825705,-0.013235091
0.023554048,-0.04564474,-0.0108492635,-0.0062891096,-0.010737714
0.017436348,-0.028591154,-0.034455124,0.0094428025,-0.044178523
0.060200755,-0.022382122,-0.023256676,0.02212484,-0.0012226072
0.009635987,-0.02280848,-0.06921275,0.01706628,0.0025900225
-0.023495091,-0.0063868174,-0.0017791134,-0.050683808,-0.031355552
-0.036032837,0.0023650583,0.041481845,0.032969046,-0.009918025
-0.03431116,0.005385387,-0.03890232,-0.034412824,-0.027396277
0.021483414,-0.022021594,-0.023488186,-0.022549868,-0.01936312
-0.015484207,-0.049532276,0.025620477,0.053605016,-0.009155056
-0.039088063,-0.0018196701,0.0017615068,0.034089312,0.03259836
-0.0011450645,0.01634727,0.032285295,-0.032029405,-0.008779304
-0.017569464,0.023081822,0.05626133,-0.013295649,-0.03824437
0.007014652,0.07064268,0.042101435,-0.02660875,-0.05811097
0.055456325,0.085765146,0.04122341,-0.051605105,0.012077794
-0.0024013477,0.05166699,0.033478502,0.009702315,-0.061124288
0.0021821307,0.02103298,-0.01801575,-0.0074438145,0.013759469
0.03525222,-0.017364265,-0.013474827,0.024250034,0.040520083
0.020417368,0.0011380217,0.043854,0.02495581,-0.033386767
0.0105336495,0.05480542,-0.022814408,-0.0181304,-0.007417728
0.030867497,0.0046455525,0.019080145,0.042971205,0.015753934
