0.033055943,0.04147916,0.041915305,-0.029447366,-0.0024735073
0.015130988,-0.004849966,-0.043858446,-0.018083585,-0.020242427
-0.033364598,0.014014039,0.030009413,0.042621758,-0.044283617
0.026503649,-0.003498874,0.039219458,-0.03541014,-0.011577795
-0.010837297,-0.04366496,0.034759935,-0.04344941,-0.017131142
0.0163377,-0.0021190066,0.016654383,0.018791871,-0.03008364
-0.0032482478,-0.029701663,-0.01890319,-0.018487988,0.0313259
-0.018689908,-0.033888195,0.04418793,-0.03829035,0.004465718
-0.03045017,-0.03613837,-0.042104706,0.03203239,0.03513233
-0.04071163,0.007142015,-0.011218311,-0.014053301,0.003613901
0.009396448,0.005100382,0.012293713,-0.020924794,-0.007238844
0.043106113,-0.0044521377,0.009419244,-0.042308353,0.04027111
0.041815717,-0.010779781,0.039961655,-0.022143872,-0.025180079
-0.030741638,-0.04438361,0.03512,0.033920486,0.03224057
-0.014103088,-0.016029485,-0.021591527,-0.0036494653,0.016877353
-0.03510406,-0.014982189,-0.026493613,0.0056291386,0.008829301
0.003281129,0.029648837,-0.039493576,-0.024148783,-0.00206229
-0.0016363065,0.023080539,0.012261181,0.03274005,0.033645242
-0.0026406036,-0.024989516,0.008523957,-0.013895119,-0.039849248
0.034147717,-0.044214398,0.027834058,-0.0018207406,0.0175577
-0.043125745,-0.027768463,-0.0057059415,0.02178694,0.037713807
-0.006938458,0.042159576,-0.020293279,-0.026979398,-0.037012547
-0.041887753,0.00073165854,-0.040012196,-0.040012993,-0.022497501
0.0029162604,-0.004975816,0.0021168145,-0.042407293,0.0046162764
-0.01759658,-0.02158289,-0.002588698,-0.039192326,0.025538698
-0.014149277,-0.035632722,-0.013015738,0.04227997,-0.03524318
-0.02688387,-0.0010138612,0.0060660164,0.009231243,-0.010913902
0.024518589,0.021774286,0.00097504247,0.029841322,-0.015622216
-0.023181865,-0.030672139,0.0012358647,-0.04015933,0.020093177
-0.044815004,0.037416458,0.030636827,-0.030444346,0.0023737699
-0.008748267,-0.035137057,0.008367203,0.038850017,-0.040689413
0.04100109,0.022042837,-0.030920943,-0.017408192,-0.0077295746
-0.010564055,0.045438908,-0.014794565,-0.012298479,0.035093404
-0.039969817,0.027121635,-0.02402778,-0.020530308,-0.024391979
0.0061155595,-0.006854231,-0.029245446,-0.006583453,0.007847565
-0.0077358773,-0.0117492825,0.03194789,0.031397596,-0.024592564
-0.026780507,0.042826872,0.018686265,-0.010383944,0.0045845965
-0.02361034,0.004583238,-0.037537973,0.018389154,-0.041771002
-0.01833426,-0.019228317,0.013916938,0.039080873,0.035752077
0.03471523,0.04282568,-0.036882196,0.030494494,-0.026662188
-0.024652775,-0.037621714,-0.034300417,0.03637874,0.039146096
0.036899466,0.025249006,-0.027318662,0.018364284,0.029018715
0.0057452684,0.008779957,0.038504243,-0.028592596,-0.040103815
0.030066142,-0.032737363,0.026995284,0.044065416,0.011335643
-0.008512892,0.001200565,0.018962586,0.023860024,-0.00044529283
-0.01815222,0.014259142,0.009469916,-0.028447876,-0.039960846
0.017677398,-0.025480432,0.014630696,-0.02492088,0.015053293
0.0146017,-0.012791775,-0.021437207,0.00016390173,-0.02380221
0.02066813,-0.018376624,0.040802367,0.0053877323,-0.027318615
-0.02026413,-0.022702495,0.0054854164,-0.042710524,-0.024350308
0.01955132,0.0065784883,0.007069103,-0.042354014,-0.025495723
0.037276633,-0.033564016,0.019249707,-0.013395927,-0.043994974
0.03123746,-0.036999498,0.00486845,-0.007392285,0.043554932
-0.009200105,0.023855165,0.031638246,0.012322605,-0.008849934
-0.021347744,0.028766163,-1.4930403e-05,0.0415596,0.003031648
0.031617597,-0.023222867,-0.025580656,-0.006127625,-0.02343986
0.043811586,-0.03971661,0.03653336,0.011891366,-0.005251187
0.040846422,-0.0305815,0.033109613,0.012721123,-0.023134388
-0.042176016,-0.015038561,-0.007296167,-0.023964748,-0.015914526
-0.040470183,-0.033917587,0.030171743,-0.0072853663,0.042477895
0.031539515,-0.013835191,-0.026815258,0.014467289,0.033596404
-0.005220184,0.03965454,0.0049983608,0.029788233,-0.035431936
-0.016755652,0.030026816,-0.043115158,-0.012295851,-0.030465282
0.008974899,-0.04346095,0.019221406,0.03810293,-0.013099151
-0.030115504,-0.012688958,0.009352239,-0.009018593,-0.042370822
-0.018088177,0.039038647,0.039252613,-0.010422684,0.04218951
-0.007450408,0.0301105,0.00645499,0.037510436,-0.04356106
-0.005590967,-0.01073152,0.02645441,-0.039938778,0.032598455
-0.03368759,0.0052554505,0.027229432,-0.013996228,0.01715867
0.035724234,0.028537594,0.03896928,0.006747462,-0.044164564
-0.03703243,-0.029806785,-0.018272016,0.012036356,0.0033043344
0.002436977,0.031281743,-0.013698992,0.005583882,-0.009092848
-0.042043183,0.008590139,0.014457628,-0.02187426,0.03671962
0.032094393,-0.033067986,-0.02001025,0.0032141928,-0.042783868
0.00041211635,0.005257159,-0.0057673566,-0.035063412,0.026996054
-0.036668334,-0.017908558,-0.017124202,0.016177416,0.0003081758
0.009706741,0.007884308,0.03901172,0.008792197,0.018699517
0.029884534,-0.007355781,-0.029486317,0.028657902,-0.021594591
0.038974978,-0.028492589,-0.044123333,-0.04453001,-0.023589259
0.0049119066,0.027181169,0.025770484,-0.0003353851,0.028194288
-0.016896045,0.010079955,0.03933129,-0.023491168,0.04378029
0.0050740307,0.03807017,-0.04318519,-0.035972778,-0.027335193
-0.013747279,0.00584719,0.033636753,-0.0074212765,0.013248499
-0.027052887,0.0030141976,-0.024576578,0.008249621,-0.009180697
-0.035250477,0.021592865,0.037618138,-0.022913918,0.043018103
0.026286421,0.020685984,-0.020601233,-0.035763245,0.04470637
-0.019539764,-0.03420244,0.0129788,0.009135718,-0.036597993
0.035929747,-0.007722936,0.035173,-0.0030303851,0.029760037
-0.033591107,0.011314844,0.014611978,0.003657478,0.0043048444
-0.01692358,-0.040502943,0.026450025,0.014607138,0.042632945
-0.014664602,-0.006320819,-0.0014796001,0.025949866,-0.012939666
-0.021405919,0.0061228145,0.0221861,0.04061417,-0.028505445
-0.038831837,0.006499779,-0.021663941,-0.0049608275,-0.007115266
0.032327067,-0.01144603,-0.033371054,-0.02814106,-0.020987233
-0.039774984,-0.008117142,0.0057069347,-0.026074944,0.0080925245
0.0028410647,0.011700496,0.022214957,0.02436112,0.022858866
0.041810155,0.010402376,0.027664032,0.024489792,-0.005201008
-0.0069982773,-0.03252701,0.006607048,0.014097455,-0.0108133415
-0.0049938667,-0.030537358,0.026769532,0.0077461037,0.030412566
0.0081512295,-0.016943311,-0.024480347,0.002886326,-0.00097453035
