-0.26792592,-0.2034907,-0.16463298,-0.15302981,-0.22836645
-0.25028783,-0.17849694,-0.1492547,-0.20655033,-0.19896704
-0.21542595,-0.17910802,-0.18101278,-0.19092181,-0.19583382
-0.22726585,-0.21470283,-0.21195266,-0.18378668,-0.17707656
-0.17682765,-0.22992496,-0.19814327,-0.20533997,-0.15146545
-0.21175632,-0.22136866,-0.21286911,-0.21783705,-0.19191079
-0.28208598,-0.16365282,-0.20561703,-0.20696114,-0.18353342
-0.20375475,-0.15713733,-0.1491543,-0.23058909,-0.17148776
-0.19059522,-0.1676148,-0.20504177,-0.19403028,-0.18892638
-0.23126651,-0.22485423,-0.2307397,-0.18313397,-0.27787113
-0.2618494,-0.19456095,-0.21712567,-0.13321196,-0.19660357
-0.20555124,-0.1895007,-0.14729924,-0.19933018,-0.21747093
-0.26590458,-0.15562694,-0.17182179,-0.20801562,-0.20863561
-0.26529148,-0.14738534,-0.13947211,-0.1563791,-0.18800923
-0.25438902,-0.14722192,-0.16874504,-0.17710285,-0.18773855
-0.18350002,-0.18252511,-0.15508464,-0.1439007,-0.19148013
-0.18439554,-0.2197616,-0.21775988,-0.14142634,-0.17745046
-0.21038014,-0.16599202,-0.1659278,-0.16410144,-0.16928977
-0.2485011,-0.22152036,-0.223563,-0.14324181,-0.15745793
-0.22483048,-0.15295182,-0.22711745,-0.16151196,-0.15423532
-0.16648152,-0.17589676,-0.22222663,-0.211238,-0.18688637
-0.17800881,-0.15675735,-0.19120859,-0.16991471,-0.22799507
-0.20071323,-0.16547605,-0.18403731,-0.14509556,-0.22913416
-0.2205368,-0.17735131,-0.1828454,-0.22308064,-0.17465875
-0.18856423,-0.17911829,-0.1723204,-0.2215855,-0.22420245
-0.21903923,-0.15034339,-0.20227213,-0.13603815,-0.19350624
-0.17378624,-0.1395161,-0.20034373,-0.21990913,-0.1765744
-0.21199371,-0.1548214,-0.1547116,-0.14103204,-0.1825682
-0.26745993,-0.21635738,-0.19642572,-0.13548854,-0.18206342
-0.18131906,-0.18577218,-0.25973916,-0.14335304,-0.18566133
-0.12621681,0.22887565,0.22133882,-0.08021769,0.18202941
-0.2780853,0.20218897,0.16062115,-0.037159026,0.1369915
-0.26831737,-0.16510564,0.17260058,-0.16913307,-0.20619366
0.14449583,0.13224639,0.10114764,0.1972765,0.15746106
0.111028746,0.14768581,-0.22545731,0.13354968,0.046100426
-0.22998449,-0.026832718,-0.09980725,-0.08829753,-0.057060458
-0.19725111,-0.04267918,-0.08890264,-0.020256843,-0.114304654
-0.017705187,-0.11726924,-0.059692815,-0.07167708,-0.04942858
0.002190641,-0.061016347,-0.051809084,-0.0011655253,-0.101097435
-0.14018843,-0.24090868,-0.13245901,-0.13969985,-0.27044663
-0.17396075,-0.14978981,-0.16209349,-0.24391422,-0.18900956
-0.13607451,-0.16657022,-0.16453737,-0.19759712,-0.24985948
-0.22005105,-0.16527987,-0.20332578,-0.23375559,-0.22404519
-0.21092501,-0.18113287,-0.1264243,-0.18716072,-0.15673587
-0.23617694,-0.22707386,-0.14677113,-0.1805814,-0.16827537
-0.19185787,-0.16655664,-0.1923244,-0.1954516,-0.18304041
-0.23618072,-0.24374914,-0.1126473,-0.15907526,-0.10483155
-0.23909499,-0.17447227,-0.15240411,-0.17953525,-0.16971193
-0.17981404,-0.23612328,-0.1218846,-0.15304719,-0.14520547
-0.11463723,-0.25189373,-0.16713022,-0.13263112,-0.15851514
-0.1676643,-0.18145001,-0.16655742,-0.1289362,-0.17380014
-0.15252244,-0.13213497,-0.1272258,-0.1455518,-0.13714996
-0.18096766,-0.15899242,-0.17961079,-0.2102102,-0.12216083
-0.20815201,-0.24862076,-0.18201771,-0.2039979,-0.1895072
-0.187626,-0.22121193,-0.2064222,-0.24802752,-0.24385752
-0.03362946,0.010496987,0.0015130803,0.009813783,0.04034507
-0.01958103,-0.016767023,0.014266685,0.039222583,0.014273621
-0.0038336564,0.014527008,-0.044050425,-0.030590868,-0.018804885
-0.040483706,-0.15159705,0.15065345,0.012838403,0.013548695
-0.001077132,-0.01033656,0.0012058059,0.027022848,-0.0336742
-0.22221771,-0.17232318,-0.20621532,-0.15962125,-0.18909986
-0.27296612,-0.20962211,-0.17632882,-0.15805118,-0.20423497
-0.23324606,-0.15751794,-0.1909482,-0.1753004,-0.20681353
-0.1768161,-0.22872692,-0.19262089,-0.16160123,-0.20415847
-0.21593316,-0.23520851,-0.17129253,-0.1476359,-0.198907
-0.1904356,-0.1532573,-0.19632591,-0.22348163,-0.17176025
-0.21271408,-0.19486845,-0.16282557,-0.16702454,-0.20076405
0.155888,-0.14478339,-0.028978173,-0.14790268,-0.17782182
0.1569943,-0.2162722,-0.18525974,0.03677336,-0.19776931
-0.2080377,-0.17709553,0.031702485,-0.18520905,0.043840252
-0.17635489,-0.16816479,-0.18167128,-0.2006873,-0.20861736
-0.2363668,-0.18296108,-0.13963021,-0.16139086,-0.12933365
-0.2553427,-0.25297976,-0.16598143,-0.14776845,-0.12042641
-0.21679355,-0.1724414,-0.163786,-0.16067286,-0.17298114
-0.17670701,-0.17058913,-0.19380787,-0.16013046,-0.1745569
-0.19875212,-0.20784461,-0.21674073,-0.18156397,-0.2033628
-0.1820292,-0.18294749,-0.15745126,-0.19273885,-0.15718706
-0.26248485,-0.14989014,-0.14595954,-0.20740183,-0.205788
-0.16718368,-0.20308813,-0.19296822,-0.13114104,-0.1924607
-0.13879722,-0.16798396,-0.15395823,-0.19568674,-0.21517836
-0.18486351,-0.15615083,-0.22944917,-0.19965722,-0.18761839
-0.2239364,-0.18223023,-0.1544571,-0.15761518,-0.20937315
-0.17079009,-0.2174006,-0.15364628,-0.21945016,-0.22033638
-0.17106396,-0.187114,-0.17232487,-0.13965824,-0.13319889
-0.16360757,-0.22778353,-0.19323836,-0.17737746,-0.22328688
-0.14169939,-0.21206722,-0.1909381,-0.17394932,-0.19352032
-0.22095032,-0.23112506,-0.24704368,-0.1508453,-0.18716022
-0.24056801,-0.21282336,-0.19549237,-0.222709,-0.1539586
-0.21045515,-0.22164693,-0.18604806,-0.14951763,-0.22793932
-0.19375794,-0.26220775,-0.20956588,-0.20178369,-0.20511454
-0.15620008,-0.2219625,-0.21542262,-0.17213607,-0.20025225
-0.22370556,-0.15659867,-0.22300293,-0.2050054,-0.22720405
-0.17796527,-0.18315862,-0.16428836,-0.16766398,-0.18275388
-0.19849814,-0.1398117,-0.17799622,-0.16970828,-0.20955971
-0.22767721,-0.20414102,-0.20935158,-0.16589019,-0.19454983
-0.216049,-0.174605,-0.16912119,-0.15215427,-0.16523056
-0.1273725,-0.13110913,-0.15788321,-0.14246005,-0.17167988
-0.16192614,-0.1696501,-0.19607627,-0.12902562,-0.19574714
-0.20063408,-0.17632575,-0.1500726,-0.16998814,-0.14500284
-0.13252594,-0.19033578,-0.2616201,-0.1496572,-0.2053735
