-0.08791944,-0.07730453,-0.015037062,0.029625032,0.019491054
-0.10455296,0.029085618,0.10694184,0.043281537,0.011456334
-0.00054234883,0.14897193,0.080269404,0.0020474952,-0.038068637
0.059140764,0.10900883,-0.033925716,-0.11902151,-0.053311307
0.05795958,0.080872595,-0.032091066,-0.06095597,-0.017640129
-0.051886667,0.043492787,0.02269349,0.019007646,0.0069085835
0.0059494795,0.022057086,0.030032268,0.012123883,-0.028197603
0.039148632,0.020522675,-0.042428114,-0.10070923,-0.07953054
-0.010779804,0.049800467,-0.014447061,-0.078802995,0.00252376
0.02286319,0.02985701,-0.028959366,0.010072642,-0.06068628
0.009999979,-0.03904905,0.058306567,0.022281643,0.02932188
-0.07671901,0.03446118,0.07387355,-0.0040300796,-0.05370045
-0.0043304237,0.08555085,0.08114441,-0.039457906,0.01651658
0.010046202,0.015938537,-0.02690676,-0.039096568,0.0034135603
0.05198707,0.00071138545,-0.06520043,-0.024825996,-0.01866805
-0.0714984,0.010666222,0.074626595,0.03845845,-0.015935767
-0.02333574,0.03598347,0.05291977,0.03630008,-0.04714437
0.04778087,0.035791893,-0.008091801,-0.030870287,-0.046276517
0.056337006,-0.020249072,-0.056164168,0.0104583865,0.037863243
0.014557414,-0.051877186,-0.06485883,-0.019783912,-0.035723787
0.037176445,-0.03779303,0.019143362,0.0016798221,-0.01873391
0.0333004,0.013388989,-0.011581669,-0.038329966,-0.018489975
0.0066902936,0.026046932,-0.026699264,-0.023570562,-0.044713147
0.019294623,0.032697257,0.02255428,-0.02458481,0.034752805
-0.02143382,0.015617571,0.023853544,-0.03601845,0.013261033
-0.0048583257,-0.012595317,0.06928575,0.033131305,0.02434185
-0.0005019611,0.007563078,-0.018004306,-0.012041275,-0.024618313
0.056347914,0.043611735,-0.029093133,-0.057316244,0.014598411
0.04765543,-0.030231873,-0.03875083,-0.00599852,0.010283127
-0.040216595,0.003970642,0.0104460735,-0.01973314,-0.026252383
-0.021428073,0.036944006,0.028219638,0.0111453235,-0.0034848722
0.012369045,0.049779773,0.015575881,-0.025534268,0.014070357
-0.012850486,0.0053296597,-0.028283581,-0.0038099114,0.00013621507
-0.020874046,0.029480293,0.039093144,-0.039155647,0.013424727
-0.029827392,-0.010487991,0.021412196,0.0014291146,0.015753953
-0.03685751,0.050733473,0.0002642263,0.02000022,0.0024998628
0.032139815,0.04017614,0.044511918,0.0016010117,0.009789589
0.019203635,0.040657636,0.042868406,-0.05174898,-0.0492371
0.063076295,0.04675553,-0.061390635,-0.021453688,-0.06973728
-0.0040330626,0.02816403,0.0061223214,-0.02719401,0.01936522
0.043764424,0.034389272,-0.03954454,-0.017756902,-0.0012525448
0.03285312,-0.012673121,0.0076986304,0.01971118,-0.02928594
-0.031017669,0.035504743,-0.009404334,0.025693905,-0.045283087
-0.020446321,0.026824307,-0.014879068,0.012293576,-0.03197185
0.040954016,-0.02566589,-0.0070532253,-0.026410362,-0.01202911
-0.02769552,-0.03701056,-0.016101833,-0.016616266,0.044403225
-0.004471035,0.017983807,-0.01283454,0.030274773,0.055959556
-0.05357794,-0.030069716,0.056074653,0.0072423336,-0.011826953
-0.0172009,-0.02502485,0.010925006,-0.027738078,0.0042037517
-0.015862763,-0.015227179,-0.023343215,0.0032480084,0.021710243
-0.047814272,-0.01851203,-0.028102312,0.026588729,0.033221368
-0.02970233,0.033468567,0.017539946,-0.03959456,-0.013623512
0.053541504,0.043088183,-0.0093582,-0.044767044,-0.04386888
-0.00878243,-0.021287255,-0.0346951,0.019619215,-0.042119555
-0.017784547,-0.043047886,-0.010011325,0.04136606,-0.0032196844
-0.007758416,-0.015168207,-0.04463241,-0.04052126,0.019481834
-0.027316045,0.025381463,-0.012692159,0.016138583,0.032647617
0.006541109,0.015358395,0.037795156,-0.014051517,0.032889053
-0.037633892,0.04096023,-0.014663154,-0.0016774033,0.025086727
0.0032931718,0.039134137,-0.019644696,-0.024646098,0.039916027
-0.061408017,0.035271842,0.06520672,0.047314774,-0.0069753295
-0.007870971,-0.0026076057,-0.008396674,-0.026374597,-0.049993146
0.022942856,0.015336648,-0.031199222,-0.044084154,0.001106326
-0.019162692,0.041240595,0.051156614,-0.038223393,-0.074114814
0.016115047,-0.0012906074,0.06646588,-0.03282947,-0.014746681
0.013222303,-0.010562611,0.03487652,-0.04054828,-0.018582003
-0.0070397565,0.03424932,0.020706804,0.028765531,0.019252332
0.04021976,-0.011141033,-0.01380808,-0.0061402805,0.017592015
-0.013112948,0.016425168,0.012261225,0.010514556,0.036436472
0.007123142,0.029675739,-0.012469157,-0.0401879,0.02733032
0.01523968,0.025533002,0.02092111,0.017426172,-0.027401853
-0.060902644,-0.005847993,0.061592743,0.026294326,-0.011596521
0.00082310825,-0.0063907932,0.06638301,-0.011605462,-0.048435133
-0.044100143,0.023760106,0.04983322,0.014632694,-0.04427616
-0.0047998307,0.03679928,-0.012340944,-0.0140146585,0.019539883
-0.023020161,0.026727024,0.044918455,0.006200373,-0.019215044
-0.028024318,-0.01638423,-0.016807975,0.009758105,0.026405863
0.016770765,0.056976683,-0.026512535,-0.006330416,-0.034265798
0.04356537,0.05999457,-0.0038001693,-0.028895665,-0.0323154
0.000617838,-0.016500618,-0.051699035,0.02009534,-0.024919722
-0.0025146422,-0.019058371,-0.0043745507,0.02409712,-0.00760798
0.02819047,0.048436552,0.018145125,0.011397317,-0.041308463
0.04050144,-0.02919208,-0.06277297,0.021280974,-0.03829337
-0.0026141596,0.009010058,0.018467791,-0.04812714,-0.033118576
-0.013159502,0.021102399,0.009996798,0.015110084,0.017990587
-0.02179793,0.0585677,0.020547332,0.0009777334,-0.017536515
0.04272267,0.06533585,-0.007983113,0.010345122,-0.019921431
0.03735796,0.038807012,-0.012539098,-0.03763194,-0.029045332
0.01630158,-0.021140048,-0.007868052,0.026668232,0.008117901
-0.039001662,-0.044943076,0.04903439,-0.0057905572,-0.032758847
-0.06748797,0.06941914,0.0749367,-0.011420157,-0.05628157
0.06356582,0.09260628,0.02599792,-0.07421568,-0.0061088125
0.021907419,0.0628562,-0.080547065,-0.09041781,-0.063228674
0.075279005,0.03326553,-0.0808054,0.018517815,-0.03739235
-0.04036835,-0.007960614,0.0003367602,0.010968203,-0.016997986
0.0001742461,-0.017559936,0.08190252,0.01597692,-0.006226972
0.04094036,0.053695668,0.076910004,-0.04120971,-0.008738923
0.050525475,0.07020182,0.0012591787,-0.07504195,-0.07395156
0.071006246,-0.0446055,-0.02794419,0.012246943,-0.024512373
0.019314408,0.0036238416,-0.012551553,0.0054631443,-0.024106013
