0.037507147,0.030273257,-0.047480527,-0.053764053,-0.0587861
0.0854814,0.109405145,0.111993365,0.054034095,-0.0029584647
-0.03987759,0.055983853,0.06836121,0.055913888,-0.009417651
-0.07743651,-0.16847326,-0.049713135,-0.0361949,0.008358845
-0.079438634,-0.017770417,-0.057311047,0.03270962,0.030274007
0.09091896,0.10757547,0.09722538,0.05747198,-0.05010896
0.03548021,0.11096761,0.14646961,0.085688084,-0.023144206
-0.11822573,-0.099034026,-0.016967982,0.042958625,0.014771473
-0.10029325,-0.078418225,-0.10256552,0.044687852,0.0037695775
0.027542796,0.018386329,-0.04043396,0.031253178,-0.011885032
-0.016405083,-0.07026485,-0.007581333,0.016791066,0.013462114
-0.015729899,0.013037419,0.010041406,0.02346133,0.008395244
0.0014289448,-0.05146999,-0.07655644,-0.028831622,0.004225129
-0.054087996,-0.06309073,0.0005258564,0.0060287197,-0.021891305
0.019973693,-0.017067524,0.047357403,0.033555925,-0.010158168
0.031086238,-0.046766948,-0.04263727,0.019797595,-0.012115887
-0.01580962,-0.0032975206,-0.036930192,0.0014083587,0.019085404
0.02632062,0.006277483,-0.008478195,-0.025505763,-0.024401333
-0.023741942,0.023383768,0.033049796,0.00451228,0.0036785388
-0.01007243,0.021653824,0.055481885,-0.0040653725,0.0006315686
-0.019151026,-0.058954567,-0.052812018,-0.006711178,0.036438942
-0.04211044,-0.001743336,0.016181897,-0.035013363,0.025106505
0.006923415,-0.044227507,-0.005549443,-0.046433557,0.043573905
0.02958097,0.02466654,0.03698462,0.03149487,0.044706743
0.022657452,-0.025011875,0.046150383,0.010918605,-0.020025827
1.9943738e-05,0.07346221,0.04547261,0.06462682,0.017461488
0.028121028,-0.044245444,-0.003866869,0.017078329,0.0023770705
0.015224747,-0.020816514,-0.030766625,0.01751928,-0.012667715
-0.006419994,-0.029891359,0.0023125578,-0.016934637,0.016674815
0.058682628,-0.024704684,-0.016823718,0.045099434,-0.030743135
0.036747593,0.0413844,-0.010264599,-0.03118232,0.028095542
0.018305182,0.03922159,0.012862613,0.036071632,-0.027923284
0.005498293,0.009224123,0.027289715,-0.019599611,0.000115302726
-0.028954454,-0.032067124,0.014996169,0.0071890405,0.019550588
-0.0012419898,-0.00040493865,-0.0019385811,0.02420034,-0.030162452
0.037130304,0.065790616,0.05407573,-0.023248214,0.004110471
-0.009231452,0.06821614,0.09568878,0.056600764,0.011030824
-0.08601249,-0.05256314,-0.018169021,-0.0107682785,-0.005680524
-0.018029844,-0.05887445,0.014011366,-0.035339873,0.016470317
0.039100002,0.03274901,-0.031269766,-0.036564037,-0.023344671
0.030056333,0.0019117804,0.04698519,-0.021325545,-0.01612989
0.022596717,0.014483518,-0.024112228,0.057689935,-5.0080438e-05
-0.030764086,0.014643578,-0.024559673,-0.017734583,-0.017279314
0.017392859,0.02528043,0.034145918,-0.023668189,-0.009409826
0.044562235,-0.020062802,-0.014612166,-0.010933442,-0.043814108
-0.036262386,0.040280994,0.0018229417,-0.005935376,0.005569367
0.038482223,0.04631386,0.036650356,0.008561263,0.022109779
0.045885604,0.016148187,0.023278149,-0.016742306,-0.038120367
0.04816219,-0.033161495,-0.028727813,-0.043034367,-0.031027358
0.0053349948,0.009376383,-0.045416385,0.0019739436,-0.024314307
0.038643282,0.07084823,0.028455859,0.020162214,0.037610266
-0.027412862,0.012667971,-0.0047521093,0.06979441,0.028477922
-0.047121476,-0.005207168,0.010976079,0.0022575117,-0.041427128
-0.018816635,0.025949197,0.023245376,-0.022294644,0.014189558
-0.0032812862,0.038833246,0.056061186,0.0095264055,-0.052220155
0.013436625,0.024925234,0.031103883,-0.029415643,-0.008027125
-0.0023063077,-0.0078061204,-0.009923337,-0.016104992,0.015402538
0.021246603,-0.008687769,0.03514222,-0.00023389098,0.010899208
0.011191945,-0.015214972,-0.0019403058,-0.00497858,0.016897684
-0.024036624,-0.020539165,-0.043141555,-0.019444376,0.014259075
0.081473075,0.0252101,0.051164623,0.065270804,-0.037271537
0.086804636,0.08950345,0.058796138,0.1124979,0.0072049475
-0.050914172,-0.103017,0.016130298,0.016449232,0.07140443
-0.07846926,-0.105262905,-0.047332108,0.006725247,0.012330226
-0.012331696,-0.0077509196,-0.05310432,-0.014439162,-0.0003392389
0.03107615,0.044640996,-0.020672519,0.03533716,0.031074617
0.006872104,-0.043845434,-0.03101459,0.019505344,0.03324894
0.023900608,0.004214819,-0.027197942,-0.039294623,-0.02554712
0.00033394547,0.005895263,0.0342514,-0.032254964,0.023390438
0.037884783,-0.040420644,-0.023828873,-0.012481423,0.008580408
0.027135102,-0.006932571,0.016716003,0.031284645,0.032941613
-0.04281025,-0.04018012,-0.019727852,-0.012625587,0.008557494
0.047439337,0.05156506,-0.008060422,-0.030683054,0.012205524
-0.0046959505,0.008800473,0.004410908,0.0018812941,0.02500101
0.016375337,0.004054007,-0.017012397,-0.04389118,0.037011124
-0.011165067,-0.041716047,-0.036667857,0.00067029346,-0.052142527
0.0050763767,0.05032593,0.069504224,0.021900542,-0.0428065
-0.024952054,0.010805617,0.05047384,0.025691397,0.039934814
-0.026663443,-0.06888903,0.012109772,0.03251625,0.040466838
-0.023970155,-0.03485854,-0.07042129,-0.02333647,-0.006392346
0.038182396,-0.032755535,-0.006780423,-0.04591159,-0.050396338
-0.024448656,-0.04220196,-0.052054055,-0.034895513,-0.031805065
0.009905758,0.015792204,0.005294863,-0.0073718773,-0.03101704
-0.042012714,0.032794256,0.056752067,-0.020815162,-0.051143035
-0.03243507,-0.007608327,0.0015768514,-0.018607304,0.01834284
0.02979989,0.010916911,-0.02372728,0.04297833,0.031196596
0.013838314,-0.0010041283,0.05439113,0.059692882,-0.007946723
0.0051248404,-0.069537506,-0.022473002,0.051557414,-0.024220904
-0.031265855,-0.03797938,-0.041878708,0.03854518,0.020052603
-0.015575319,-0.017204486,-0.004841766,-0.021746032,-0.036471777
-0.009446974,0.08151472,0.055543035,0.026513277,-0.016314663
-0.033713546,0.012016517,0.023474175,-0.006809371,0.015645213
-0.039438322,-0.053689826,-0.011865859,0.011144516,-0.05254354
-0.023014989,-0.06382731,-0.016617298,-0.0053004567,0.018175956
-0.019580923,0.032340173,-0.032094307,0.028152179,-0.010100709
0.0137112215,0.06296956,0.08679078,0.054886594,-0.04311574
0.024882661,0.09177642,0.044889454,0.044463784,-0.0023465645
-0.06808836,-0.06906647,-0.02579081,0.03498508,-0.011510128
-0.05953375,-0.029459236,-0.035144385,0.041302744,0.03272203
0.031112589,-0.0056998273,0.023408676,0.040027685,-0.0022506919
