-0.03864036,-0.042594504,-0.042175442,-0.017230725,0.0064678574
0.039740182,0.007440904,-0.0037310019,-0.007489087,-0.0031684006
0.018133454,0.01722752,0.011932482,0.00062151515,0.021529434
0.046037942,-0.037497185,-0.007290046,0.016022207,0.001883767
0.032374423,-0.038057588,0.016670754,-0.0023367107,0.00592996
-0.017462902,0.03874128,0.0046221823,-0.0049656495,-0.0402058
-0.028890373,0.029026102,-0.030104363,0.052071746,0.012239011
-0.04484361,-0.011968869,-0.021130975,0.010127484,0.017337598
-0.02692242,0.020411316,0.0115975,0.05713989,0.058211833
-0.015786443,-0.028039332,-0.056588884,0.04887103,0.06132451
-0.014314367,-0.037529483,-0.04057449,-0.002400625,-0.032691907
0.010769202,-0.04159978,-0.013650719,0.021532506,0.045571376
0.03425102,0.021529257,-0.028468303,-0.021587536,-0.011238205
-0.03280336,-0.0036300542,-0.042425618,0.0014752812,0.021496942
0.034350917,-0.0080940295,0.01166378,0.014064165,0.033048473
0.03738673,-0.022153724,-0.03343327,0.03426895,0.0029739244
-0.012566356,0.009365136,0.0065002088,0.017701203,-0.01527441
0.039691955,0.01116239,0.009865941,0.00039092152,0.0047281757
0.028539183,0.00057296286,-0.0023966318,0.0021012386,0.044514842
0.028504476,-0.010957214,-0.028344674,-0.021899112,0.013644085
-0.00850925,0.042173535,0.03660634,-0.04895783,-0.04685373
-0.022583865,-0.03844901,0.035183005,-0.044106383,0.012746918
-0.017825875,0.04019203,0.008087422,0.038768128,-0.018296886
0.03205351,-0.018316451,-0.015382168,0.026728151,-0.00790871
0.045555394,0.036570437,0.016756378,0.013041981,-0.022772696
0.03748661,-0.014555295,0.030734913,-0.0038028543,-0.024545971
0.053363595,0.0030923083,0.003699366,0.04472747,0.03202683
0.021856066,0.010064936,0.042025555,-0.038280617,-0.021615973
0.018242028,0.005173197,0.007003431,0.0321552,-0.024766665
0.010311669,0.025257424,-0.0032244716,0.014827618,-0.04508291
0.032706283,-0.018078828,-0.05743865,-0.049230527,0.0007578227
-0.02793239,-0.019850437,-0.04643034,-0.059025045,-0.048277188
-0.028084023,0.043866385,-0.02553946,-0.046357714,0.01290405
0.055745088,-0.036437016,-0.040135797,-0.011626107,-0.014515025
0.020112954,-0.0013591299,-0.06805647,-0.07016417,0.015200487
0.0151008675,0.010666379,0.012038603,-0.026950214,-0.042716
0.029379504,-0.038224913,-0.0452787,-0.021467118,0.01830102
0.022423957,-0.028872967,0.02328675,-0.035704777,-0.015639728
0.022541283,0.02529368,0.017536983,-0.041020244,0.010185857
0.008416448,0.043949112,0.03489607,0.017582003,0.018394634
0.022224078,-0.010413136,-0.011632775,0.01593363,0.05008076
0.022454279,0.04269303,0.015362348,0.041655716,0.018272573
0.0017210437,0.039281055,0.013276394,0.013895339,-0.041112408
0.016755283,-0.02810192,-0.030382322,-0.026568154,0.04006852
-0.022726757,0.018076874,-0.01267573,0.029851057,-0.042006955
-0.03589021,0.011300094,0.014979427,0.004426219,0.04130318
0.009509604,0.052653108,0.0073030284,-0.012065153,0.022703974
0.055351708,0.016018422,-0.0016903424,0.046915222,0.019486286
0.023988642,-0.024174662,-0.010092857,-0.035599172,0.061819084
-0.036326982,-0.028627953,-0.012066933,-0.029852692,0.028781524
0.034993898,0.0009414738,0.030771596,-0.0005286471,-0.02237343
0.03345553,0.0068275635,-0.0012750414,0.0399072,0.007327712
0.026118807,-0.0039725206,-0.003042074,0.044344537,0.003784204
-0.047682416,-0.01459588,0.031420678,-0.0038474249,0.013525296
0.029399173,0.029655756,0.012096237,0.02456283,-0.0030286915
-0.04522188,-0.033188365,0.016764987,-0.043478746,0.052241806
-0.017679397,0.04600129,0.02470129,-0.045804,-0.0181105
0.008292,0.039866842,0.031897895,-0.05568547,-0.01601937
-0.019074503,0.012867269,0.023091776,-0.027401602,0.06677754
0.067721084,0.039745208,-0.055210087,-0.03901234,0.053252388
-0.027743867,0.022075221,-0.020282155,-0.05007261,-0.034338523
-0.033859674,0.033417583,0.026648609,-0.04100293,0.004235352
-0.031575847,0.016473033,0.021922013,0.027031403,0.040980794
0.022228701,-0.033274487,-0.05286102,0.0066103297,-0.038932767
0.023741808,0.008174846,-0.061044037,0.0075612706,-0.029254574
-0.039248202,-0.041585602,0.012808597,0.00408124,0.0006035026
-0.0012552473,-0.0044130473,0.0051909913,0.0032271405,-0.02208673
-0.03435224,0.01865875,0.041338068,0.020367997,0.017439583
0.044353798,0.0115683405,0.01483577,-0.030941647,0.024747828
0.0014516256,0.059312113,-0.047921427,-0.025815241,0.04504609
0.045133032,-0.012622408,0.006018458,-0.002599917,-0.019040171
0.012431499,-0.036156904,0.045840275,-0.0064144456,-0.011537582
0.003543852,-0.008475087,0.053471524,0.0034784228,0.03416134
-0.048696708,0.019419791,0.03216226,0.028257199,0.00090221554
0.017862355,0.0053463243,0.055541318,-0.019638741,0.025068024
-0.0059085037,-0.0035799874,-0.02739975,-0.027752293,0.024822589
0.022325974,-0.012187675,-0.025194136,0.0194836,0.026060406
0.00065234804,-0.023444679,-0.024515104,-0.057396907,-0.004298877
0.0040264064,-0.00964389,0.017296214,-0.02021874,0.03179608
0.0066645695,-0.022056041,-0.04409912,0.001483656,-0.018549515
-0.019837229,-0.04766439,0.015832009,-0.051546797,0.005765071
-0.0028705115,-0.033639107,-0.013154114,0.00693143,0.031597238
0.0063865692,-0.022014601,-0.043610603,0.039764572,-0.041917425
-0.024618352,0.016261073,0.012918182,-0.021384176,0.0012037464
0.0092465095,0.009515509,0.017295782,-0.052075103,-0.0068774675
0.017472578,-0.014314427,-0.037153114,-0.0071516256,0.022073356
-0.020510996,0.017707296,-0.0017922629,-0.028335162,0.020682948
0.03111771,-0.00462005,-0.037133534,0.0066757826,-0.0031123648
-0.031023765,-0.019301657,0.042118814,-0.038612857,-0.02544296
-0.008399627,0.045614414,0.00077202125,-0.0100984825,0.033537637
-0.035825107,-0.023999248,-0.016731188,0.023208687,-0.0031089277
-0.026839234,-0.018597858,-0.01203244,0.034659877,0.024859203
0.03662801,-0.0029605865,-0.037967194,0.01952558,0.0041762823
-0.014893005,-0.034166656,-0.017505217,0.02966303,0.026520992
-0.036380187,-0.039441667,0.0013461134,-0.0038490994,-0.00024097346
-0.021391332,0.035016708,-0.028821092,0.02990642,0.043780655
-0.04563496,0.028860748,0.039315607,-0.003096928,0.056783438
0.0122349765,0.028939385,0.010647846,-0.031651895,-0.035290923
-0.019638006,0.0056482307,0.046527285,0.0024359834,0.031661402
0.0038629004,0.03021637,-0.021609575,0.0005474102,-0.013553061
