-0.019959716,-0.030233052,-0.047062576,0.024114508,0.0083641345
0.016940156,-0.040256526,-0.022650652,0.030426336,-0.032904387
0.012973231,-0.039308358,-0.035848163,-0.03361251,0.015011421
-0.015729371,0.0072566527,-0.04393064,0.034266375,-0.026900461
0.0030005143,-0.016515529,0.032429535,-0.010685098,0.04242618
-0.002644682,-0.031151954,-0.01445746,-0.021947876,-0.033036992
-0.021668041,-0.026456136,-0.029530903,-0.017533278,-0.023182228
-0.030600924,0.028315265,0.0046326057,-0.011629534,0.03931267
-0.032456502,-0.0072718286,-0.01912371,0.004018655,-0.02042994
0.04723854,0.053439435,-0.03254078,-0.00896093,-0.024504114
0.035724033,0.025692,0.0025688412,-0.04949649,0.026320241
0.019575953,0.017167944,0.0028175933,0.011498044,-0.023270758
-0.029261557,0.018665807,0.040069055,0.02767464,-0.02080245
0.013795795,-0.029269556,0.006315207,-0.0061359257,0.036955252
0.020869287,0.035343025,0.043025278,0.0027685934,0.03628532
-0.007928075,-0.029866105,0.0010457904,-0.028234867,-0.03915645
0.011284855,-0.031367075,0.009440521,0.00033126932,0.0229437
-0.0055277636,-0.025076564,-0.0005987872,-0.023988303,0.019691257
-0.021408612,-0.03161445,-0.0033386673,0.04583024,-0.029068418
-0.013005227,0.032297105,-0.02463538,0.049843915,-0.009600142
-0.024383884,-0.01720494,0.014077183,0.029976808,-0.015995305
-0.0075066537,-0.032760553,0.0012308944,0.037566394,0.046339642
-0.03137578,-0.016425576,0.03359231,0.028354954,-0.009948861
0.029635102,-0.0073379674,0.03742468,0.0052647716,0.03343173
0.015400898,0.01096093,-0.0012529307,-0.01379295,-0.0051807365
-0.007885555,0.0004561653,0.005568569,0.015469785,0.008430229
0.018688811,0.052883647,0.014816396,0.00572681,0.02943933
-0.028159406,-0.016628051,0.036415577,0.040843677,-0.0012417957
0.025627764,-0.027600968,-0.03128465,-0.026693612,0.020605171
0.0039858334,-0.034582376,-0.0025545582,0.0072676153,-0.0075176246
-0.029329736,0.0047291582,-0.03583415,-0.005066739,-0.009901025
0.03492619,0.029229961,0.038650263,-0.022907062,-0.027952518
0.037044298,0.030865414,-0.005601312,-0.020450087,0.036568355
-0.005087642,0.01179479,-0.024600256,-0.025732601,0.0011536154
0.033201776,-0.011936852,0.041361213,0.06365191,0.04313561
0.031058757,-0.029289277,-0.032098208,0.02101855,0.004773975
-0.016725523,-0.009416053,-0.0009874655,-0.01811683,0.010050799
-0.026946632,0.0032801214,-0.035330784,-0.0065463134,-0.013622692
0.0056294226,-0.02895444,0.016045585,0.0056347866,-0.016215311
-0.029892279,-0.022393763,0.022221575,-0.007667623,0.04719111
0.022444794,-0.03141705,-0.018585714,0.036658317,0.0027195401
-0.0008020657,-0.027229069,-0.0006939154,0.0033817277,-0.040746167
0.00602906,-0.030497132,0.034919266,-0.007139088,0.008275968
-0.018304856,-0.01691597,-0.019907173,0.016539082,-0.020795515
0.032513242,0.019029452,-0.0023737997,-0.010298038,0.028702183
-0.009227116,-0.040554646,-0.043220744,0.0182829,-0.037510484
-0.029632965,-0.031207394,-0.026005441,0.03490324,-0.015801994
-0.0028546415,0.035234712,-0.044404913,-0.0073230844,-0.005927009
0.041157663,0.01834586,0.03454093,-0.0038559588,-0.0080316905
-0.011410271,0.03379678,0.00040204212,0.017903047,0.04347743
0.024757868,-0.01634755,0.02776583,0.013292946,0.006644439
-0.022645254,-0.030413495,0.024053965,0.04567489,0.009872601
0.0024099825,-0.029388493,-0.026298422,-0.039334524,0.03331867
0.00914588,0.022937655,0.026395224,0.04197518,0.030037807
0.0025774636,-0.016177792,0.031997968,-0.001640961,-0.020198897
0.032146327,-0.016201753,-0.050798442,0.020729292,0.01155086
-0.01517874,-0.04758119,-0.009492146,-0.012000307,0.03167035
-0.045471985,0.009812627,0.05541389,0.040444847,-0.015321799
-0.012741812,0.037856758,-0.022958227,-0.0034254338,0.04008216
0.023409173,-0.017486883,0.007647068,-0.009494008,-0.0021204853
-0.020572951,0.0037315593,0.0046138368,-0.04123461,0.03786766
-0.0047491463,-0.003232636,-0.016628524,0.0198752,0.0066369753
-0.042413346,-0.014336778,0.019155541,-0.03700755,0.02930442
0.041562434,0.004958594,0.037228245,0.015856376,0.041177668
-0.0028568576,0.01755749,0.07344692,0.056305215,0.020757833
-0.031007579,0.021068377,0.0038804282,0.027197707,-0.0055837883
-0.011864992,-0.013020224,-0.02740275,0.031300988,-0.024614504
0.00058122573,-0.013467232,0.030992968,-0.020528376,-0.021437095
-0.03305406,0.04678521,0.028136695,0.0030351735,0.04445854
-0.00054765085,0.032995183,0.025267417,0.045020297,0.03600542
-0.013233007,-0.021208731,0.010163547,-0.024512697,-0.0010723642
-0.003457738,0.021744251,0.0108140195,-0.018372849,-0.029311236
0.04247318,-0.034571417,0.0077828052,-0.029480008,0.017329022
-0.012842889,0.026551897,0.029323464,-0.04783905,0.033969738
-0.043715853,-0.04378033,-0.04245151,0.013350079,-0.03949005
0.011818513,-0.041636165,-0.024773538,-0.010442086,0.036652856
-0.048142232,0.014239535,0.017146733,0.034655616,0.013729188
-0.04102168,-0.017566899,-0.0012882489,-0.0075262226,-0.00483646
0.0071190693,0.01000081,-0.037034698,-0.016233668,0.03848572
-0.03153611,-0.005447542,-0.00831098,-0.017045895,0.045571808
0.010431873,-0.009887583,0.02178843,0.033292472,0.031427603
-0.024930889,0.06298725,-0.013850455,0.0059489263,0.057783842
0.0011267002,0.043847013,-0.026438482,0.020063821,0.052408624
0.04094959,-0.010748243,-0.00023429166,0.006001898,0.0026195697
0.04481472,-0.011338796,0.029935116,0.013292908,0.0014527206
0.029441858,-0.033252746,0.04005099,0.03915103,-0.01646247
0.024457114,-0.029677723,0.02319857,-0.02478801,-0.029788658
-0.03788984,0.02801479,-0.025946435,0.030216942,-0.043199684
-0.005737105,0.019165896,0.04997901,0.014478557,-0.005263604
0.009657008,0.00021359732,-0.023056343,0.0077037495,0.04552322
-0.04452723,-0.012153726,-0.023571782,0.0072733383,-0.032654785
0.018519243,-0.026133299,0.010200699,-0.037089907,-0.015281156
0.033188198,0.03799817,0.02028288,0.0018409593,-0.002403106
-0.03429988,-0.030828107,-0.0010788909,-0.015883882,0.024708023
-0.0008517985,-0.03163234,0.00298666,-0.045339238,-0.038649254
-0.027548915,0.037695907,0.0049544303,0.021434512,-0.038039826
0.0028932737,0.019964587,-0.013992415,-0.00035935422,-0.03584733
-0.023271631,0.021526229,0.012280611,-0.013676243,0.024191093
-0.039672386,0.013071001,0.019613009,-0.00018487556,0.0018630454
-0.026146643,0.036807254,0.040824026,-0.029882288,0.03511374
