0.018003663
0.02482992
0.00063652796
0.03261169
0.008718036
0.0062140026
-0.022217613
-0.02606924
0.0020671594
-0.00047752802
-0.00484437
0.032219473
0.024773633
-0.020590091
0.029565284
0.0108267525
-0.018285962
-0.01748221
-0.035077915
0.020685283
0.007092558
0.022061942
-0.032822467
0.01830334
0.012130581
-0.0035543
0.03454671
0.034652572
0.028397372
-0.004992578
0.016446305
-0.012990643
0.0075925947
-0.00050974806
0.03594675
0.001170871
0.033100557
-0.0039883577
0.035238784
0.020640276
-0.030565862
0.0070987428
-0.027285922
0.021456188
-0.032999285
0.026707858
0.026276957
-0.023186006
0.0026106085
0.0010413503
-0.012029168
-0.0022030897
-0.011571695
0.019792078
-0.009494789
-0.027194794
0.0045952243
-0.0103455745
0.017289788
0.031473406
0.004810438
-0.026516678
0.027749406
-0.014256304
-0.00035905442
0.008372208
0.023821764
0.028130664
-0.029204912
0.030691056
0.02590208
0.014406896
0.0072629596
-0.0065090735
0.004413615
-0.017666217
-0.023585264
0.024679821
-0.0005200863
-0.008682551
-0.000642157
-0.0061161234
0.021811038
-0.0106471535
0.006879927
0.0047290423
0.0019406932
0.0032723718
-0.024719618
0.0004334458
-0.023805248
0.008513967
-0.009935926
0.0013030559
-0.012383952
-0.009771417
-0.009647117
0.035939798
-0.008253199
-0.03472468
-0.0018210608
0.009329178
0.014459608
-0.02628408
-0.029530996
-0.0021985467
-0.002177325
0.01847934
-0.030994257
0.0007559119
-0.023885941
0.0021943715
0.030454136
-0.008632361
0.0330507
0.02611093
-0.0046993257
0.0077501363
-0.019507667
0.03635849
-0.0065117846
0.013295893
-0.033662617
-0.010804647
0.025845444
0.01283104
0.016872857
-0.011875872
-0.007558191
-0.005357871
-0.008245595
-0.01475949
0.0054760505
-0.029909112
0.009641304
5.7823985e-05
0.0056962348
-0.02211677
-0.0019659714
-0.01707947
-0.0043786303
-0.0082680425
0.0180293
0.037213657
-0.016895147
0.017259825
-0.0019199247
0.024952846
0.02502952
-0.03233447
-0.010823715
0.01770796
0.0036970244
-0.00035486327
-0.032563392
0.025763934
0.019063544
0.016318489
-0.0027928522
0.012830066
0.0013050529
0.0037694715
0.019028073
0.0066110715
0.035465606
-0.021215886
0.02264495
0.007528543
-0.023644766
0.0072653946
-0.0038999356
0.0042403135
0.029719604
0.0066954936
0.007261363
0.005672712
-0.004910135
-0.020257562
-0.0054753893
0.003797073
-0.009136464
3.6900332e-05
0.028029837
0.0057908497
-0.029003674
-0.023958232
0.03400228
0.012125188
-0.028311353
0.034981765
0.012977832
0.030366836
0.0086817155
-0.018521216
0.037981596
-0.0062777605
0.0037685367
0.03449744
-0.022506678
0.0077501726
0.0028757215
-0.018541949
0.034071274
-0.032014925
-0.030508848
0.02506699
-0.020652419
-0.029428622
0.024776312
0.0067366106
0.015266856
0.036990523
-0.013526081
0.011632841
0.030684656
0.028746145
-0.026163206
-0.02301818
-0.015107837
0.021159606
0.0019751312
0.021594904
-0.022910088
-0.020737872
-0.007028992
0.014092233
0.02629758
-0.010662904
-0.003234176
0.029554086
0.005908112
0.03217482
-0.0070135454
-0.011343534
0.0147987595
0.008440057
-0.025305988
0.009081455
0.024029598
0.0016594289
-0.034907322
-0.023004511
0.028625326
-0.020345988
-0.009999705
0.00036013755
0.030102428
-0.006168457
-0.011327703
0.0056468137
-0.0070220404
0.008503595
-0.015944207
-0.009515483
-0.013307306
0.0063097477
0.021582378
0.027073823
0.034322564
-0.01801934
-0.031246142
0.014283061
-0.02800733
0.017956834
-0.021746274
-0.013386614
0.024921726
0.037805203
-0.021948032
0.029260445
-0.013886836
0.020266056
-0.017424252
-0.022549585
-0.0018040063
-0.022911612
0.015510648
0.03141936
-0.007416949
-0.028184026
0.00013215927
-0.019772777
0.032983553
0.03127868
0.022912176
0.022638982
-0.0015392292
-0.021590574
-0.0152958855
0.01057776
0.030748732
0.0018736649
-0.0114646945
-0.0091206515
-0.033496805
-0.028603384
-0.02027238
0.032284964
-0.0042541544
0.016482793
-0.015881807
0.01795894
0.017961517
0.022122461
-0.0064969244
0.015302438
0.031035831
0.022189189
0.031414323
-0.02651379
0.011475763
-0.00087791914
-0.030762821
-0.002879936
0.0009869803
0.022636602
-0.020617321
0.029657874
-0.02569892
0.013807601
-0.0069559044
-0.0021321804
0.0015719791
0.008392768
0.004820401
-0.00877317
0.017037034
-0.009410137
-0.033924416
0.0109290695
0.028633425
0.028392835
0.033675503
-0.019227982
-0.03535258
-0.0020986646
-0.025411092
0.006461283
0.006536225
-0.016337229
-0.030355502
-0.029255783
-0.01451633
0.024745094
-0.02636859
-0.0063988883
0.0002608617
-0.017230414
-0.025941124
-0.015335533
0.011654233
0.02913075
0.014890637
-0.021176597
0.0083594965
0.024250286
0.033395495
-0.032046255
-0.031710263
0.018356325
0.015321368
0.009937901
-0.011409423
0.019847523
-0.0057796
-0.009848921
-0.032684855
0.0031824952
-0.023121467
-0.010984014
0.00028102667
0.022539875
-0.005576544
0.023697656
0.011199638
0.0037557292
0.0125439465
-0.01869712
-0.010724223
0.00021794013
0.0053151515
-0.018467791
-0.028926339
0.024850963
0.006081267
-0.020006077
0.0066421377
-0.023179848
-0.003605513
-0.0072082216
0.03445943
0.02672191
-0.015142185
-0.0050271433
-0.014452406
-0.020162676
0.01002673
0.022498086
-0.010152305
0.025937777
0.016945703
-0.013413731
-0.010833023
0.019325832
0.00022484225
0.012741452
0.0018544662
0.020036256
-0.010714253
-0.029117053
-0.014594814
0.032707684
-0.032901276
-0.011519455
0.013652799
-0.02876319
-0.0074561015
0.023957523
0.008127718
-0.011067165
0.023790088
-0.033377644
-0.019130062
0.020135641
0.032296736
-0.003372813
-0.018997652
0.02999554
-0.0042934185
0.0067835143
0.013732279
-0.011807231
0.004173664
-0.01720279
-0.03023694
0.014012034
0.006893357
-0.020090492
0.012500798
0.022997877
-0.008673593
-0.01871943
0.006594717
-0.019521443
-0.015654853
-0.028607776
0.01458603
-0.012144759
0.008463867
0.03260861
-0.008087657
0.029289037
-0.004640305
-0.035641022
-0.012994035
0.026199877
0.024695843
-0.024516443
-0.02357184
-0.006004835
0.0006647535
0.033607826
-0.013839998
0.029599266
-0.0039057266
-0.014784952
-0.014922436
0.003813638
0.034139667
-0.03308485
0.016860848
0.020814082
0.03111252
0.014217981
-0.026809819
-0.029872173
0.007850237
0.035419103
0.0058069783
0.009022897
0.03547852
0.0037546323
0.0005882959
-0.020394882
0.020813951
0.01551836
0.020835277
0.026935922
0.02903727
-0.016232995
0.0044995514
0.018789558
0.030357659
0.0039978856
-0.010567389
-0.02569538
0.009165326
0.02414276
-0.02103632
0.0093568135
