0.1018759832
-0.1186559498
0.1164996624
-0.0415630341
0.0686085969
-0.0847521350
-0.0838580281
-0.0737153068
-0.0206332821
0.0604872964
-0.0952345356
0.0293285251
-0.0644567162
0.0480770580
0.0170419719
0.0454761647
-0.0089776274
0.0479574837
-0.0397803560
-0.1097258255
0.0102222366
0.0473479442
-0.0189572815
0.0027166759
-0.0221111458
-0.0050092102
0.0217833277
-0.0199507102
0.0209377687
-0.0872484669
-0.0983972624
0.0601337850
-0.1837560534
-0.0404197946
-0.0867696851
0.1284117848
0.1413739026
0.2132776976
-0.0583555475
-0.0658924803
-0.0584510006
-0.3056514859
-0.1155878827
-0.1312323213
-0.1069599018
0.0075934953
-0.0918754712
-0.0732688755
0.0198349301
-0.1124503687
0.0184215270
-0.1132840738
0.0325222500
-0.0661979988
-0.0524589121
0.0473899581
-0.0582369603
-0.0836788937
0.1478443146
-0.1034684479
-0.0485843308
-0.1249566898
-0.0050079813
-0.1987920851
0.2113116682
-0.0493346415
-0.0947222710
-0.1161144003
-0.0464433730
-0.2105627656
-0.0512115881
0.1062052920
-0.0426273420
-0.0456883647
-0.1709989905
-0.2094125301
0.1220259070
-0.0640014708
0.0649842769
-0.0152837532
-0.0029134378
0.0982302055
0.1423853487
0.0735451728
-0.0493019447
-0.0353999436
0.0919091403
0.0698451772
-0.0813621804
-0.0277338848
0.0550245643
-0.1912130564
-0.0116005363
0.0647608638
-0.0315963738
-0.1129174978
-0.0085606305
-0.2088198215
-0.0113655739
-0.0179881845
