-0.08874933
-0.17077291
-0.011384588
-0.032337833
0.039178345
-0.10071417
-0.05160486
-0.03163234
-0.089836046
-0.15668313
-0.14356558
-0.14795762
-0.15453485
-0.05362507
0.023521006
-0.17391165
-0.035468563
-0.0084168585
-0.053814065
-0.13604908
-0.027848728
0.005037003
-0.006682249
-0.094934136
-0.07849444
-0.0836881
-0.093457505
0.042289574
-0.16898724
-0.091345176
-0.09404448
-0.02020087
-0.22358319
-0.16658373
-0.09133258
-0.014558169
-0.020527646
-0.08847018
-0.027474774
-0.09627973
0.024835637
-0.103347845
-0.14450146
-0.059301235
-0.10833358
-0.052564833
0.011799598
-0.08229035
0.034428004
-0.04377955
