-0.22999206,-0.14199239,-0.13528332,-0.19980359,-0.18287814
-0.16754217,-0.09877905,-0.13204396,-0.17905128,-0.18627626
-0.22944307,-0.11197367,-0.14529032,-0.18737079,-0.23520058
-0.10626584,-0.13212705,-0.13193709,-0.24537839,-0.20941131
-0.15734716,-0.09950327,-0.18292849,-0.21603642,-0.22784929
-0.23787834,-0.12380449,-0.1724513,-0.12119345,-0.13541405
-0.22877266,-0.14678964,-0.13806687,-0.22528137,-0.17020807
-0.16755967,-0.13130143,-0.24446198,-0.17747977,-0.17614886
-0.10027367,-0.104497306,-0.23022555,-0.22462644,-0.10968086
-0.14677116,-0.17496017,-0.16379613,-0.17412964,-0.23145717
-0.1907467,-0.2430934,-0.11208535,-0.19337499,-0.17558412
-0.20468011,-0.1186441,-0.105189264,-0.21169417,-0.2394371
-0.17297414,-0.114845514,-0.23391542,-0.24707474,-0.17990671
-0.161156,-0.13332817,-0.24590728,-0.22589438,-0.16228595
-0.14817981,-0.15651101,-0.12118053,-0.24226643,-0.24094565
-0.19915526,-0.19096427,-0.24921267,-0.16754054,-0.2241402
-0.19882809,-0.10989354,-0.18787922,-0.19349132,-0.18323983
-0.18316418,-0.124632314,-0.20504484,-0.17778297,-0.118513495
-0.17717612,-0.13403505,-0.24171378,-0.23035198,-0.12971108
-0.14379384,-0.17059007,-0.19013993,-0.17396732,-0.24969381
-0.16305108,-0.19332013,-0.14431228,-0.17988832,-0.15818971
-0.19882582,-0.23980598,-0.22547626,-0.1606006,-0.10395697
-0.18282998,0.063191816,-0.22352798,-0.1015255,-0.20783639
-0.24154204,-0.20514926,-0.1697082,-0.21305022,-0.24742599
-0.22817823,-0.20205814,-0.14654563,-0.10905235,-0.12502353
-0.20695043,-0.12296963,-0.14717741,-0.24578547,-0.177606
-0.17568466,-0.14665891,-0.24027838,-0.19954558,-0.1367296
-0.102040984,-0.20306878,-0.20218028,-0.19110334,-0.15461838
-0.1607952,-0.1828371,-0.18440783,-0.13784802,-0.227783
-0.12139278,-0.1279327,-0.17108475,-0.21116608,-0.20775853
-0.19626173,0.19524384,0.2645005,0.16349974,0.15534344
-0.15354127,-0.105049096,-0.13799384,-0.2571056,0.14789005
0.25219187,0.18685722,-0.21893989,-0.23198387,0.17684075
-0.04411613,-0.24240224,-0.21357667,-0.147319,-0.047290508
-0.103089295,0.21263877,-0.09221873,-0.005527734,-0.14699337
-0.18390833,-0.16972227,-0.1677966,-0.21559997,-0.1260978
-0.12534833,-0.13637307,-0.1129629,-0.1608283,-0.13262872
-0.18780334,-0.11676192,-0.13348027,-0.20326379,-0.16553472
-0.11119796,-0.11265082,-0.22266667,-0.22641625,-0.16612741
-0.17909001,-0.20952311,-0.17995232,-0.19877078,-0.15810777
-0.19384962,0.15334421,-0.13762502,-0.20076741,0.16167514
-0.18214673,-0.17843357,-0.10729727,-0.17407463,-0.26256815
0.18882808,0.14373866,-0.13885978,-0.24402425,0.08995992
0.16884649,0.20295542,-0.21441963,-0.25171888,-0.18789731
0.12814966,0.17030933,0.028755127,-0.27288154,-0.23483327
-0.15184873,-0.24220577,-0.23151045,-0.1676186,-0.18513207
-0.15994316,-0.21213146,-0.13259572,-0.091416776,-0.20809491
-0.20702414,-0.21948406,-0.12484509,-0.25205928,-0.25562498
-0.22259367,-0.17018574,-0.16896516,-0.22048014,-0.19690664
-0.18528457,-0.15630819,-0.21752599,-0.17825656,-0.19769633
-0.111576326,-0.16002005,-0.18232667,-0.16252041,-0.13688485
-0.15287443,-0.16667137,-0.16218461,-0.18375558,-0.20411491
-0.12343602,-0.21728052,-0.18616056,-0.20528087,-0.23269272
-0.16570635,-0.16226831,-0.1856337,-0.17732422,-0.16522554
-0.16456057,-0.13999355,-0.19041306,-0.19293888,-0.23077977
-0.027176024,0.043533985,0.026042238,0.041806143,0.03139391
-0.0033274535,0.03148398,-0.0014344024,-0.0002774677,-0.019377073
0.034876216,-0.009507772,0.0064930464,-0.035660733,0.01534105
-0.021263376,-0.010098544,-0.0039990675,0.016579093,0.0018255314
0.007792399,-0.029047057,-0.033791114,0.016105741,-0.018415352
-0.24420133,-0.15918842,-0.18478738,-0.13311668,-0.13816632
-0.10082365,-0.16680254,-0.165384,-0.13174058,-0.21683028
-0.107192956,-0.19833611,-0.14264882,-0.15957153,-0.18012556
-0.16318668,-0.1228661,-0.11231258,-0.24036846,-0.2468593
-0.16601777,-0.119452395,-0.16662024,-0.20162015,-0.1999743
0.009388918,-0.022804828,0.0015637107,0.030989258,0.023182016
0.008543384,-0.035565794,0.02104021,-0.017807664,0.03129835
0.018573768,-0.008208873,0.017287979,-0.018596778,0.0077191642
-0.0022314545,0.00070965756,0.015746867,0.043552965,-0.01973966
0.043671332,-0.008206783,0.04253489,0.0100638,0.0036469472
-0.22027487,-0.23017988,-0.1863464,-0.2295284,-0.21223047
-0.16765676,-0.11789893,-0.13312729,-0.18429059,-0.17518659
-0.1743829,-0.16180629,-0.123176925,-0.2426882,-0.22788185
-0.15578608,-0.1821187,-0.14508739,-0.19645458,-0.19289246
-0.100281306,-0.11490513,-0.24635012,-0.21987984,-0.11675604
-0.24865909,-0.14393455,-0.18845727,-0.23786335,-0.10327852
-0.1708372,-0.17386593,-0.239101,-0.15010923,-0.12510012
-0.12907155,-0.16404317,-0.16665323,-0.23143686,-0.16994023
-0.12577164,-0.1562525,-0.17270203,-0.19105354,-0.17996444
-0.118304804,-0.099876314,-0.23931156,-0.15136106,-0.1771948
-0.11136935,-0.11836563,-0.17354253,-0.19367464,-0.14895062
-0.14566761,-0.17560154,-0.17840877,-0.22337657,-0.13687755
-0.13932785,-0.12889232,-0.24248075,-0.21255387,-0.12183391
-0.17471288,-0.16141349,-0.22988668,-0.18005933,-0.16192979
-0.10321283,-0.17800727,-0.24258783,-0.20632592,-0.19756477
-0.1947311,-0.11193734,-0.16890228,-0.22022587,-0.14939527
-0.11026677,-0.10744192,-0.23748855,-0.24669278,-0.13264929
-0.10678834,-0.23958218,-0.12235581,-0.1050951,-0.2528151
0.05626738,-0.23822384,-0.16477899,-0.099516526,-0.2356387
0.22165167,-0.17227218,-0.17981324,-0.15143086,-0.26097012
-0.18259995,-0.14178024,-0.12988466,-0.18467785,-0.13668515
-0.124994256,-0.17544469,-0.24582596,-0.23075551,-0.1632874
-0.18069355,-0.12678513,-0.22217555,-0.21539418,-0.20902565
-0.11066949,-0.154996,-0.13941969,-0.14541034,-0.183648
-0.13620861,-0.12593605,-0.22520009,-0.17293702,-0.2010272
-0.19941689,-0.11337592,-0.18381755,-0.12140396,-0.1712834
-0.11526599,-0.109749034,-0.17839822,-0.16814981,-0.13152796
-0.18093245,-0.0997886,-0.17526661,-0.14736748,-0.16219002
-0.13322416,-0.1703742,-0.1807513,-0.18273526,-0.1963866
-0.12836981,-0.1761037,-0.16621752,-0.18310378,-0.19061458
