-0.1584655,-0.08990113,-0.00045466382,-0.009295836,0.09413721
0.083376914,-0.03943072,0.10353895,0.029027693,-0.10470506
-0.16011581,0.040300597,-0.20889312,-0.17791723,-0.18943463
0.10658837,0.058729284,-0.1894141,-0.11118075,0.015107639
-0.19119185,-0.15030123,-0.019588657,-0.021120528,-0.054366704
-0.1093929,-0.05956497,-0.033345256,-0.034613635,-0.12238702
-0.0759371,-0.1036715,-0.06089637,-0.15818068,-0.13779108
-0.11549761,-0.14101224,-0.08870542,-0.1664422,-0.09281161
-0.15139876,-0.1333481,-0.16051285,0.05023211,0.045076404
0.047108445,0.16212767,0.06672546,0.032077838,-0.026656736
0.10229368,0.08291987,0.030382946,-0.036824226,0.03686759
-0.11542165,-0.015985088,0.0057280487,-0.07501254,-0.029063327
-0.004264616,0.010241548,-0.058604755,-0.035489455,-0.03947326
-0.030623822,-0.062461995,0.04592673,0.03302466,-0.03950204
0.14650308,-0.0057965387,-0.051757082,-0.024090292,-0.12671104
-0.105245784,-0.041951153,-0.0078960145,0.026749998,-0.031441845
-0.027667852,-0.024693772,0.053068586,0.012071845,-0.069658235
-0.082242176,-0.101668686,-0.085717455,-0.104414545,-0.019827425
-0.059320223,-0.09358623,-0.07618065,0.015134158,0.010328667
-0.08092177,-0.09746355,0.094044134,0.07296513,0.017490488
-0.005358036,-0.059079662,0.037855074,0.011588526,-0.013595538
0.011796879,0.041485842,0.017727299,0.013471527,-0.11099779
-0.036713254,-0.029799497,-0.16351546,-0.031723034,-0.08869728
-0.030205423,-0.02878795,-0.054437727,-0.021639947,-0.016885005
-0.042722147,-0.029451557,0.06567472,0.0037431724,-0.0028441506
-0.09486952,-0.029053027,0.020574814,-0.025381943,0.0015688029
-0.058300927,-0.029673066,-0.047012433,-0.074551955,-0.19387443
-0.15583523,-0.04260885,-0.1914017,-0.1856833,-0.073414095
-0.14815874,-0.13549244,-0.09156622,-0.057265222,-0.049372893
0.13360973,0.24823181,0.14538103,0.03945093,-0.03990797
0.0266393,-0.05151338,0.10177708,0.054775666,0.07237387
0.0035275351,0.023130067,0.05496997,0.08501564,0.05050826
-0.082511276,0.1662942,0.013709739,-0.0033490497,-0.074417025
0.009654587,-0.021107307,-0.048829716,-0.076744,-0.00884517
-0.036719482,-0.008067113,-0.030229159,-0.059902523,-0.029399706
-0.027917873,-0.018708833,0.04002829,-0.03370396,-0.041173242
-0.0058841887,0.014066265,-0.06372951,-0.08226933,-0.061698046
-0.007110133,-0.04445596,-0.048391555,0.0039329547,-0.055011485
-0.044611823,-0.034700423,-0.009441194,0.015968177,-0.023545707
-0.036511865,-0.0090889875,0.02816744,0.049519293,0.0073778923
0.05732677,0.07247591,-0.022443783,0.09633016,0.03631603
0.11646724,0.003430126,0.11719159,-0.025161333,0.006853517
0.103850506,0.03340932,0.021098092,-0.123865865,0.040842205
-0.031185456,-0.12808773,-0.036564156,-0.04601748,-0.031701848
0.019860033,-0.0046829055,-0.038491536,-0.054340016,-0.11804249
-0.0045308745,-0.026219023,0.10438934,0.03835678,-0.041143447
0.01862766,-0.058368895,0.030810615,0.09995165,0.016135862
-0.04588305,0.037036654,0.041985393,-0.031276118,-0.13037719
-0.06854649,-0.007729043,-0.03689536,-0.07077594,-0.04529836
-0.16747752,-0.1216944,-0.059343833,-0.010597597,-0.05950418
0.06828052,0.007019236,0.16835932,0.08727523,0.19563532
-0.036154985,0.10752649,0.30604172,0.06993553,-0.09038155
-0.056704026,0.19020884,-0.027118446,-0.06973451,-0.12955683
0.19351009,0.07423301,-0.19001631,-0.17361112,-0.06338068
0.012065234,-0.07993873,-0.107334696,-0.06576905,-0.096907504
-0.07666832,-0.055104394,-0.001158217,0.022229921,-0.037246395
-0.06686688,-0.080502234,-0.013448045,0.010295332,-0.052765086
-0.109223515,-0.034240205,-0.1178672,-0.069264576,0.003456714
-0.05452478,-0.059070077,-0.037555728,-0.022908365,-0.04425643
0.016222222,0.016350495,0.06278178,-0.016242212,0.038202755
-0.07167657,-0.028094264,0.073086284,0.063041985,0.09616336
-0.090954036,-0.04793958,0.17216231,0.0566167,-0.06665317
-0.08277966,-0.061440416,-0.13728282,-0.045906767,-0.07255402
-0.00969471,-0.079442896,-0.09494733,-0.10175599,-0.072982855
-0.03162042,-0.053852122,-0.010563542,-0.058934085,-0.043227646
-0.019074492,-0.033438426,-0.03172433,-0.052488204,0.01087272
0.01538963,0.15908256,0.021382773,-0.0011318369,0.035858024
0.035983853,-0.0069977487,-0.06693764,0.0019158411,0.039788317
0.12650053,0.063302465,0.053682704,-0.061728716,-0.035004754
0.015500244,-0.045187503,-0.039494853,-0.074162945,0.014019943
-0.039921213,-0.0576413,-0.01085712,0.073305644,0.018387446
0.07851436,-0.0339543,0.11070547,0.060086578,0.09469952
0.017459009,0.12000794,-0.021620974,0.051781133,0.03760371
0.03638922,-0.0011580181,-0.040039472,0.034004822,0.04007273
0.014972684,0.025072012,0.03128304,-0.0028720258,-0.05892087
0.094413765,0.047027215,0.057525378,0.0331478,-0.02479233
-0.05225622,0.009621168,0.022882614,0.029369926,-0.052340776
-0.0049432125,0.12936856,0.012748045,-0.050816108,-0.077590786
-0.03579907,-0.080105804,-0.09529715,-0.060093917,-0.029679764
-0.013922853,-0.05033035,-0.0483688,-0.044441193,-0.040509954
0.034725945,-0.034693535,0.009499206,0.030743096,-0.049634244
0.04946162,-0.025458772,0.0084213605,-0.01135105,-0.029758248
-0.075029925,-0.09971248,-0.077246964,-0.0012158591,-0.062437166
-0.05687802,-0.017600589,-0.04747631,0.0020850934,-0.015159182
-0.043751623,-0.03473039,-0.025005097,-0.004901976,-0.0038518938
0.04936139,0.12488151,0.00017772733,-0.21341178,-0.19670224
-0.06385608,-0.0513887,-0.14497244,-0.12138992,-0.19714998
-0.044336803,-0.08080824,-0.13520913,-0.11405142,0.0076909442
-0.14051223,-0.21475984,0.10800933,0.14698899,0.11068252
0.014137344,0.16381234,0.022101972,-0.082973406,0.019935647
0.023077039,-0.10485791,0.036002602,7.817971e-06,0.08057322
0.04498711,-0.13933085,0.094311655,0.06100139,0.09366139
-0.0029623222,-0.013583928,0.0024968276,0.010080755,-0.07158347
-0.046522733,-0.019679125,-0.07465633,-0.053317178,-0.029502712
-0.07354594,-0.05739577,-0.08874863,-0.015759792,-0.08056588
0.07960083,-0.126007,0.04799282,0.0029906437,0.03540326
0.049356457,-0.13312212,0.06547264,0.01667518,0.029066483
-0.06750486,-0.024679026,-0.028063716,-0.052257054,-0.036640752
-0.13024502,-0.052647747,-0.15948826,-0.027325451,-0.09007303
-0.24082354,-0.21398184,-0.08549349,-0.10944313,-0.058826968
