0.17431445,0.14093179,-0.059452474,-0.024837377,-0.058523633
0.11389726,-0.10189912,-0.288317,-0.17878506,-0.0132044265
-0.12550391,-0.16629107,-0.22437574,-0.14970915,-0.12917748
-0.16400622,-0.23701414,-0.27451435,-0.11637361,-0.16216749
-0.20303938,-0.24124801,-0.16395564,-0.07152554,-0.14351726
-0.2107783,-0.0728489,-0.06420581,-0.15988368,-0.075550914
-0.1500967,-0.054211948,-0.07204476,0.0068023996,-0.019675313
-0.03523753,0.11503861,0.035820823,0.12949178,0.21701245
-0.008658134,0.05824639,-0.04333176,-0.050541665,0.006046308
-0.0880279,-0.07066942,-0.07306169,-0.1175423,-0.07399918
-0.08598839,-0.08158789,-0.09517986,-0.117583975,-0.119897425
0.06639902,-0.025067512,0.0029229932,0.031023337,0.016698793
0.16789949,0.06690646,-0.11996919,0.042996477,0.06468614
0.03374838,0.1367854,-0.053349763,0.013848011,0.0089374855
0.07765025,0.037422087,-0.10330561,-0.120420404,-0.049568
-0.09363256,-0.040655687,-0.052615657,-0.10889695,0.016921729
-0.04304379,-0.060138285,-0.06779626,-0.13459274,-0.022529012
-0.15579018,-0.034536332,-0.092511535,0.10670779,0.10000205
-0.009001278,-0.0601445,0.0048948773,0.048394177,0.011012622
-0.0097501585,-0.07812385,0.031899985,-0.07193623,-0.0342438
0.2769992,0.023374818,-0.11425025,-0.107959546,-0.027295155
-0.06861306,-0.2507922,-0.13841143,-0.082980484,-0.01677085
-0.06075249,-0.10656458,-0.05034836,-0.025271377,-0.03561416
-0.08421826,-0.13030104,-0.04797748,-0.06713755,-0.047133032
-0.113482326,-0.024052223,-0.06447266,-0.08045165,-0.06188601
-0.18296842,-0.20893136,-0.0633604,-0.1626092,-0.1809098
-0.0016648262,-0.009533951,0.007606222,-0.028970076,-0.10476906
0.22018073,0.0859339,0.07650689,0.07896216,0.10329477
0.06418339,0.0423327,-0.07081993,-0.068736136,0.0765361
-0.08634608,0.025118114,-0.15089741,-0.11305045,-0.038473815
0.10492149,-0.14762351,-0.015345923,-0.046327364,-0.0013455767
0.19337238,-0.03866706,-0.080370545,-0.044895995,0.019535193
0.23514186,-0.13424753,-0.16646239,-0.07301064,-0.024383146
0.19713573,-0.0014624745,-0.11125294,-0.052744064,-0.028264346
0.02825267,0.00021615466,-0.06419458,-0.09612637,-0.12939723
0.039831217,0.03644046,-0.042601768,-0.1004254,-0.021085706
-0.08166977,-0.086497836,-0.07201735,-0.080677964,0.06431781
-0.0126007125,-0.04951592,-0.08954301,0.05999572,0.05328847
-0.05419563,0.008100862,0.07253028,0.011955307,-0.02892001
-0.024594009,-0.0016019302,0.050606064,-0.052751854,-0.02553189
-0.11277251,-0.16996866,-0.13141398,-0.11310572,-0.06676907
0.042522825,0.06402805,-0.05332022,-0.076382376,-0.06414044
0.059011243,0.1761666,-0.060732473,-0.1258504,0.018683244
0.020683274,0.17555816,-0.08103228,-0.066401556,-0.0028954477
-0.050799843,0.15077297,0.007662763,-0.07412067,-0.062156547
0.14463401,0.12590963,-0.06155279,-0.08647709,0.05000984
0.09166057,-0.0008843884,-0.12945937,-0.067867935,0.03315097
-0.024443619,-0.18304321,-0.094925895,-0.034866195,-0.046546124
0.03381602,-0.115472086,-0.12014348,-0.047375172,-0.08485704
-0.005706795,-0.03807847,-0.06667623,-0.027821468,-0.043606244
-0.18844791,-0.3112347,-0.03713232,0.10501412,0.010640496
-0.05073353,-0.27325374,-0.17854062,-0.16812624,-0.081044935
-0.15937674,-0.07925657,-0.054703176,0.012356391,-0.0027205374
-0.054927833,-0.15905073,-0.11216216,-0.010975092,-0.0004948598
-0.06399082,-0.10108135,-0.09946487,0.021046815,0.032186184
-0.10656633,-0.042441107,-0.09893293,-0.11891981,-0.068067834
-0.02118345,0.018128682,-0.08031237,-0.12600827,-0.11026209
0.050198343,-0.012476323,-0.05493468,-0.035640184,0.08342591
-0.029296495,0.045910012,-0.058232687,-0.021358278,0.0119151175
0.027748048,0.013384538,-0.0019953542,-0.023353832,0.01973862
-0.07660134,-0.12038753,-0.10792955,0.11206494,0.11866263
0.00700808,-0.03159605,-0.14142148,-0.090592004,-0.03761364
0.013215511,-0.06376509,-0.1001189,-0.058331504,-0.052587323
-0.052320298,-0.060262177,-0.059083417,-0.008012702,0.045624025
-0.047239617,-0.055180173,-0.047847185,-0.039329123,0.07200307
-0.04524565,0.085285515,-0.0010882702,-0.016872123,-0.0320149
-0.015059342,-0.02898237,-0.015763596,-0.021241678,-0.04707161
-0.00919583,0.066521145,0.06794943,-0.038983434,0.0092694275
0.038500287,0.040585224,-0.08183776,-0.046003886,0.01461936
0.005507804,-0.06931609,0.0145328,-0.05219404,-0.045310758
0.037210718,0.03805756,-0.005025823,-0.04879067,-0.060083225
0.04831176,0.100390226,0.021235365,-0.05085161,-0.013279756
0.1631972,0.16476448,-0.0073089395,-0.03394958,0.011102402
0.1740077,0.09888575,-0.056099854,-0.08679843,-0.021748718
-0.050073,0.03437626,0.042110197,-0.0008708133,-0.07049721
0.108386,0.10138054,-0.023842337,-0.017779155,-0.073759116
-0.010329393,-0.09496901,-0.06219678,0.040720128,0.025154646
0.059168823,-0.049813833,-0.08736912,-0.028479706,0.033376224
-0.027819546,-0.08186769,-0.04755122,0.012690409,-0.07492204
-0.023346467,-0.09639344,-0.032645516,-0.078543805,-0.011098104
0.087138206,-0.01263725,0.0017539874,-0.06554614,-0.019245896
-0.026860531,-0.07085785,-0.09770592,0.002677342,-0.0293049
-0.014512121,-0.01901851,-0.08031203,-0.039436623,-0.061178003
-0.030888168,-0.0029583203,0.011152115,-0.017437415,-0.016651684
-0.0032213584,-0.008048393,-0.04610902,0.026655294,0.0315404
-0.08947963,-0.034893356,-0.14313099,0.022834366,0.04956467
-0.06871073,-0.14049117,0.0207861,0.14858587,-0.044493247
-0.013120333,-0.07472019,0.21136044,0.112689726,0.00030819207
-0.013273412,0.0316574,0.05423238,-0.05227531,-0.07077417
0.0042048628,-0.046476822,-0.10648852,-0.03828032,-0.04733879
0.03269335,0.041454356,-0.0007495333,-0.038668927,-0.038147744
0.14167446,0.032100424,-0.026271366,-0.06139795,0.015306664
0.1143584,0.052839216,-0.07751032,-0.11986843,-0.06584762
0.11730781,0.07826846,-0.086563654,-0.1208581,-0.05783447
0.036770284,0.033926178,-0.070941046,-0.039868485,-0.117042385
0.18284899,0.043810684,-0.05106295,-0.12569603,-0.03701381
0.21066698,-0.033286903,-0.052396376,-0.10786239,-0.08113291
0.024809929,-0.0829129,-0.13607591,-0.065623425,-0.06812536
0.13013633,-0.072573334,-0.079785936,-0.090336844,-0.1254602
0.11569868,-0.02064868,-0.121042944,-0.06475792,-0.10760814
