0.004988865,-0.07629456,0.0647613,-0.049551953,-0.22710255
0.15004027,0.17247696,0.06300333,0.022670815,-0.28786847
0.14745858,-0.13177048,-0.30706146,-0.15411878,-0.19852957
-0.0096087195,0.17261294,-0.0201295,-0.33278176,-0.11386727
-0.08031934,0.18948537,0.06963719,-0.030504407,0.10690913
-0.0092322575,-0.15137413,-0.15228796,0.16179892,0.3637962
-0.17115013,-0.16909896,-0.12980151,-0.04892494,0.08816951
-0.15596512,-0.042537007,-0.122819,-0.18743007,-0.15141046
-0.21838737,-0.18447083,-0.23665394,-0.28741023,-0.20910221
-0.15307175,0.060909174,0.02104184,-0.018379059,-0.18821642
0.0978292,0.022259217,-0.09844085,-0.08175729,-0.07861481
-0.025136864,0.20096396,0.087888114,-0.030038746,-0.08271317
-0.013875192,-0.024037916,0.1234968,-0.012161162,-0.125497
-0.08749699,-0.26889542,-0.22949576,-0.15392731,-0.026826993
0.2431142,0.08295647,-0.25186774,-0.20341031,-0.121078774
0.027408447,0.032882877,0.17663416,0.15099476,0.04204434
-0.042899292,-0.038691606,-0.029533101,0.017610217,-0.02814957
-0.0793419,-0.036047395,-0.20921783,-0.053529542,-0.00856939
-0.10020826,-0.056392156,-0.1199445,-0.059521284,-0.0697639
-0.024032982,-0.06885274,-0.08194255,0.040739555,0.0024582793
-0.019203126,-0.005194993,0.08612612,-0.013205256,-0.03706622
0.13416588,0.0025140904,-0.07473176,-0.18277308,-0.029074688
0.09272523,-0.022688586,-0.05336319,-0.15131658,0.034689978
0.103244476,0.15950793,-0.0050004735,-0.035938267,-0.0030193687
0.076348156,0.14898449,0.10157254,0.048358582,0.058442548
-0.009645507,-0.108670056,-0.17037474,0.061009593,0.14881705
-0.09037438,-0.10082866,-0.0747239,-0.05649755,0.028970456
-0.011406197,0.13830695,0.023184368,-0.15386675,-0.18052757
-0.21092474,-0.23036857,-0.2395892,-0.3586557,-0.18759628
0.019959733,-0.021026896,-0.031965237,-0.21150939,-0.15540233
0.049107727,-0.057411034,-0.20056549,-0.13498048,-0.041010205
-0.035893075,-0.050663445,-0.070713304,-0.08900859,-0.046723105
-0.027412988,0.04333253,0.16981979,-0.057122163,-0.015361805
0.0152659295,0.03000251,0.1551669,0.010760167,0.09455606
-0.05526885,-0.25415245,-0.02381271,-0.029079344,0.08807137
-0.015176713,-0.027097004,0.015231601,0.011436117,0.13461164
-0.0108246645,0.006644125,-0.09870735,-0.10128379,0.013734313
0.066028,-0.013044351,-0.03897358,0.0087519875,-0.0018302746
0.021427946,-0.04553751,-0.0022789303,0.059753045,-0.0053200973
0.0278968,-0.0012647699,0.092033334,0.055339176,0.013826822
-0.0066844113,0.020545382,-0.21322705,-0.15380314,-0.07025535
-0.11835414,0.091812916,0.01789836,-0.07041333,-0.076670885
0.02965376,0.08643967,0.2078603,0.021240333,-0.03467459
0.063907094,0.00083481136,0.11044773,0.030812912,-0.04522339
-0.07927195,-0.0021421805,-0.07183364,0.029409034,-0.0680808
-0.031478558,0.0070317904,-0.051114768,-0.016498743,-0.08479059
-0.029469706,-0.009958208,-0.1453196,-0.106233366,-0.09902232
0.086259216,0.08419889,-0.12406861,-0.17311262,-0.039997425
0.034626205,0.074284926,0.030598786,-0.051763218,0.08300325
-0.037136227,0.004016755,0.14404383,0.062473398,0.074692026
-0.10601498,-0.053771514,0.1509996,-0.18796442,-0.28153118
-0.14428063,0.21788445,0.36085242,0.28394163,-0.18520036
-0.072781265,0.11573589,0.15691987,0.26572794,-0.14510573
0.009509971,0.08998765,-0.14647177,-0.19036621,0.057127442
-0.06307276,-0.15347476,-0.33203146,-0.25339046,0.14980404
0.035784867,0.023589328,0.044763714,0.07063587,0.0843838
-0.122625574,-0.06739777,-0.049267616,0.03265807,0.05646596
-0.080549166,-0.059104413,-0.07047975,-0.09413573,-0.049584616
-0.056748196,-0.15211962,-0.14659424,-0.06987168,-0.04589003
0.12147116,-0.043122802,-0.07231661,-0.12104167,-0.061580215
-0.120023035,-0.04383016,0.029730588,-0.05213891,-0.15579394
-0.17967324,-0.0035044756,0.122183554,0.3102308,0.04903391
-0.19107862,-0.17113975,-0.0012025131,0.15307985,0.04222884
-0.17455427,-0.16488232,-0.05743614,-0.07024764,0.00019326936
-0.16269486,-0.14259389,-0.17396039,-0.22053613,-0.03951715
0.035965454,-0.05187734,-0.050136186,-0.0053288657,0.0018760472
-0.036025193,0.068624586,-0.015873386,-0.008186013,-0.04364642
-0.03143366,-0.023930712,0.027321564,-0.012760507,-0.052475743
0.037338663,0.04108908,0.06951572,0.001554601,0.0226609
0.016431103,-0.039868355,-0.018726284,-0.042209737,-0.006228415
0.0037403486,-0.08418563,-0.13056321,-0.09213133,-0.07168181
-0.13751835,0.038685534,-0.08863348,-0.07732806,-0.0014545323
-0.087273166,0.066060476,0.10913734,-0.0019373691,-0.018245453
0.014359212,0.055915345,0.12574661,-0.07321858,0.004703189
-0.111064546,-0.10132705,-0.12794572,-0.018220559,-0.03132544
-0.11092709,0.012037474,0.07932799,-0.043011565,-0.0431385
0.044263374,0.058864508,0.050818186,-0.035087753,0.01825082
0.0061149327,0.046545602,0.0049402877,-0.07949996,-0.08194126
0.09295061,0.06483852,-0.006358074,-0.09773296,-0.0057466747
-0.020083172,0.072566636,-0.03146763,-0.12670434,-0.030329304
-0.006678423,0.026515525,0.021413304,0.020423079,-0.041701447
0.04084281,0.07532059,0.0025315187,-0.040398046,-0.07098774
-0.03207584,-0.027179733,-0.008327813,-0.009365607,-0.033498064
0.014896257,0.00043161112,-0.08463007,0.014260626,-0.034509413
-0.010942454,-0.008974207,0.008407739,0.0019231376,0.046810664
-0.14721628,0.037902925,0.2015988,0.26736894,0.26392302
-0.08728216,-0.11971547,-0.22615406,-0.07560103,-0.052143566
-0.0075105545,-0.20010817,-0.25184554,-0.1884082,-0.16556993
-0.039523836,-0.039670326,0.20194751,-0.07634068,-0.17413563
-0.05138104,0.27351487,0.2564909,0.061905332,-0.02197879
-0.046250403,-0.07802376,-0.16169724,-0.11177478,-0.015118622
-0.0652852,-0.023856223,-0.18509726,-0.12436006,-0.06928505
0.020405712,-0.046231728,-0.035323206,-0.086068206,-0.042560104
0.039957035,0.085829824,0.24730846,0.002219488,-0.08109605
-0.090154484,0.027627196,0.08926192,0.0022295779,0.037650917
-0.056012303,-0.100242764,-0.16475412,-0.15092349,-0.025599662
0.032320578,-0.10000088,-0.17465645,-0.17716809,-0.06936552
0.12021247,-0.05158741,-0.047676187,-0.1281565,-0.06803415
-0.0011406757,0.15583257,0.2651009,-0.10545792,0.040110663
-0.04755687,0.15777037,0.161481,-0.061894152,0.13572262
