-0.1581311,-0.15889318,-0.23389785,-0.20685709,0.08486252
-0.21170515,-0.22428769,-0.24321388,0.07090332,0.18737467
-0.20112324,-0.19102131,-0.11061774,0.013461682,0.0645896
-0.16598575,-0.19168405,-0.21525045,0.0377225,0.005819491
-0.20396754,-0.1445038,-0.0646571,0.04181569,0.11794969
-0.15885152,-0.1842965,-0.12963192,0.0812102,0.1979252
-0.113269046,-0.14961319,-0.13415459,0.09612247,0.17880532
-0.18403213,-0.15368754,-0.14281282,-0.15725778,-0.1790353
-0.12088935,-0.08269664,-0.016196597,0.24712294,0.18756534
-0.09657065,-0.042459685,0.04483673,0.16329215,0.19637573
-0.19743495,-0.21556538,-0.24776149,-0.28223753,-0.15201972
-0.19633242,-0.22910154,-0.2855044,-0.026124662,0.014210859
-0.20029353,-0.21592717,-0.15842295,0.05537857,0.117691435
-0.1320305,-0.17607899,0.014752293,-0.117669046,-0.22431867
-0.06576814,-0.13570943,-0.11397438,-0.17828862,-0.15153281
-0.24154705,-0.284642,-0.37765115,-0.19834949,-0.18014094
-0.21809003,-0.2819965,-0.3027572,-0.14775121,-0.15391728
-0.35225984,-0.22098081,-0.18083508,-0.1342711,-0.14624013
-0.31123906,-0.103855506,-0.051752646,-0.19110492,-0.23523173
-0.20785336,-0.15314771,-0.18450572,-0.12632342,-0.15524645
-0.1562823,-0.10341834,-0.14243911,-0.29981434,-0.31040075
-0.15023974,-0.16654712,-0.26563466,-0.32489043,-0.31546777
-0.173343,-0.18409462,-0.1768456,-0.3280264,-0.33456644
-0.23971035,-0.17939018,-0.23544073,-0.3587469,-0.32396165
-0.2398489,-0.14733501,-0.2929412,-0.2615263,-0.3443656
-0.21024945,-0.22138608,-0.291621,-0.2839674,-0.369655
-0.19315541,-0.16694078,-0.29300976,-0.29678118,-0.2781993
-0.1252263,-0.119217455,-0.30649555,-0.34125555,-0.33888185
-0.16649467,-0.14075293,-0.24454883,-0.27613878,-0.20922899
-0.18221267,-0.17279853,-0.25064883,-0.25366664,-0.25715613
0.041925877,0.0032769458,-0.0033942163,-0.0038807415,-0.043358397
0.007946908,-0.035496872,0.004020179,-0.010626727,0.028437702
-0.017906526,0.03178511,-0.010656635,-0.008649522,-0.040712334
0.21256647,0.17756812,0.13337879,0.0025150531,0.01831649
-0.009450558,-0.13720207,0.021872576,-0.005732327,0.21840203
-0.08600537,-0.14845651,-0.17471708,0.1314406,0.16466449
-0.117001794,-0.17986755,-0.16600165,0.19454406,0.17410915
-0.15298654,-0.1646844,-0.087133825,0.25370836,0.1457393
-0.07760086,-0.096905865,0.17700174,0.22408552,0.18719837
-0.09531494,0.17561668,0.16472995,0.18942264,0.21675833
-0.021976328,-0.030181233,0.019318346,0.18152848,0.16747667
0.0036852038,0.043894123,-0.014961176,-0.20691648,-0.04404855
0.011594074,0.017430348,0.0006319713,-0.20425783,-0.20202336
-0.030472327,0.028790781,0.008763994,-0.19196919,-0.20933644
0.025692612,0.00048055453,0.044453595,-0.03664164,-0.0362733
0.21478473,0.23953713,0.27720726,0.22269417,-0.13787535
0.1781695,0.20319182,0.24076442,-0.12301124,0.20245568
0.2663088,0.21683058,0.1365412,0.16331294,-0.13991576
0.15716398,-0.19267368,-0.025414841,0.18642624,-0.13706543
0.13539924,0.2081815,0.22792868,-0.19413924,-0.1777614
-0.12430099,-0.21712665,-0.07734525,0.042598035,0.0026856095
-0.17838022,-0.17316088,-0.26997122,-0.129921,-0.17751455
-0.18954618,-0.2376932,-0.16925897,-0.055659696,-0.11118933
-0.11315786,-0.04624208,-0.049329065,-0.000116913325,0.15012309
-0.2423007,-0.25235745,-0.2281819,-0.018136984,0.08889204
0.031621028,-0.0007969773,0.03685656,-0.00019951489,0.03577754
0.005424482,0.020578166,0.022520952,-0.024785498,0.03908159
0.0013561031,0.016436778,-0.032996353,-0.016693177,0.029152572
-0.028223904,0.006195816,0.039269943,-0.042477522,-0.0004939625
0.007267137,0.029310925,-0.015026088,-0.043706913,-0.027679114
-0.24815369,-0.29746434,-0.11882828,-0.011442703,0.053444322
-0.2947173,-0.27042627,-0.102425456,-0.038471743,-0.113380104
-0.24142933,-0.23678938,-0.27831298,-0.24478942,-0.28784266
-0.04424964,-0.13001189,-0.28097454,-0.1883329,0.019451488
-0.09576308,-0.24410884,-0.113778256,0.07714299,0.086797334
0.023722766,0.0032206376,0.0061457613,0.020850794,-0.011008516
0.013028759,0.003987462,0.013643846,-0.009566116,0.02890906
-0.040287748,0.029703861,-0.036899332,-0.030088887,-0.027498674
-0.0043178415,-0.0044331234,-0.043487646,0.023729797,0.011002156
0.043695968,-0.03191523,-0.035961755,0.010746242,0.034452423
0.04204601,-0.11804914,-0.14214046,-0.10621949,-0.21978973
-0.09649468,-0.24438399,-0.2648561,0.06140997,0.1623257
-0.076550186,-0.20513725,-0.18323292,-0.15853865,0.14592236
-0.18304162,-0.1665028,-0.13696499,0.14759056,0.07253544
-0.073134184,0.20823826,-0.1861267,-0.17351037,0.02030452
-0.035721,0.013796901,-0.13688393,0.15345354,0.28412667
-0.14627044,-0.17745417,-0.002755984,0.06865721,0.18436857
-0.13758674,-0.10414153,-0.15315537,0.11264971,0.08246636
-0.15751639,-0.15891938,-0.16272534,0.28164443,-0.04899799
-0.000921838,0.105811745,0.13929349,0.20788604,0.25763634
-0.3986469,-0.22447486,-0.19518624,-0.16812181,-0.2487037
-0.21103184,-0.10919925,-0.10685216,-0.12865321,-0.20199798
-0.1669231,-0.16808757,-0.15306447,-0.12300516,-0.31321645
-0.13079225,-0.15424135,-0.1716674,-0.24742275,-0.21236049
-0.2535686,-0.15329045,-0.17770344,-0.16234857,-0.29320008
0.01972735,0.044047955,-0.16487697,-0.1897881,-0.25305235
0.031613484,-0.010220329,-0.035086527,0.19952017,0.00891563
0.15477654,-0.04401998,0.17918977,-0.013244806,0.1659465
0.15878649,0.21048455,0.023738049,0.20914997,0.19059595
-0.16091563,0.21784583,0.17355067,0.1993767,0.19189425
-0.25580484,-0.13532346,-0.18295495,-0.36766288,-0.22034772
-0.18269537,-0.08494242,-0.10233171,-0.12784897,-0.32479218
-0.028839968,0.04434084,-0.062234465,-0.3169763,-0.33322752
-0.054931644,-0.110521905,-0.42255756,-0.3314633,-0.2766149
-0.27129433,-0.23158745,-0.25257888,-0.19935036,-0.31214377
-0.13471064,0.25495777,-0.123872064,-0.22372429,-0.23693144
0.16980694,0.12467555,0.08279951,0.24267532,0.24581367
0.113905154,0.24653691,0.21638547,-0.1253905,0.20295487
0.12675552,0.12227415,-0.17779152,-3.5313384e-05,-0.09689117
-0.15331951,-0.19187866,-0.008467406,-0.06170058,-0.016299417
