-0.1615657,0.071809195,0.12599652,-0.012839627,-0.2488419
-0.12835634,0.033978228,-0.123456165,-0.20244524,-0.1467148
-0.07335695,-0.060084075,0.06644708,-0.01656256,-0.10700333
0.23716788,0.32873714,0.20386873,0.25053775,0.11893376
0.14101656,0.060406905,-0.03812718,0.0017244346,-0.04932039
0.017219258,0.04014339,-0.059976894,-0.08022263,-0.048027027
0.095820986,0.017493548,-0.01075215,0.13364348,0.08712673
0.16797516,0.10259677,0.18157843,0.028990187,-0.028464677
0.021898696,0.033471562,0.0024454203,-0.051403016,-0.15101513
-0.17679162,-0.13410267,-0.027490845,-0.1663639,-0.16637474
0.07630842,0.035191465,-0.024658494,-0.041549828,0.14134273
0.1486174,0.08040965,0.1314167,-0.08063388,0.0126660345
0.06076574,0.112378195,0.15201652,-0.0049638744,-0.19320178
-0.2151025,-0.15139337,-0.13227977,-0.095025115,-0.12991697
-0.15031989,-0.12787329,-0.013217506,-0.015916085,-0.069747776
-0.07163259,0.0009631554,-0.04794143,-0.09780427,-0.112286046
-0.011092325,-0.014060003,-0.023283169,-0.093125254,0.01930265
0.09162819,0.104792766,0.13118002,0.07604951,0.048469465
0.0857842,-0.0018450832,0.02489032,0.07140804,0.050916716
-0.04150106,-0.017386325,-0.05118359,-0.121351235,-0.11119571
-0.014800406,-0.016819617,0.13092935,-0.09009213,-0.04203434
-0.046387747,-0.034264565,-0.04560495,-0.048973728,-0.104247324
-0.055599533,0.033133958,-0.014376298,0.037310187,-0.057125896
0.14306737,0.1328194,-0.04284398,0.077348374,-0.042068746
0.08330642,-0.053618923,0.038344286,-0.00095765805,-0.02266156
0.015974091,0.007120885,0.0062341355,-0.016426546,0.083266266
-0.04894116,-0.06186392,0.005445453,-0.02834188,0.07610465
0.14960629,0.23832972,0.15190254,0.027265072,-0.08426464
-0.0325259,0.013359366,-0.0040419935,-0.14724402,-0.15619865
-0.09954489,0.21257024,0.17383088,-0.040668122,0.0045177713
-0.07311433,-0.04964648,0.09473837,-0.00619352,-0.06577634
-0.004354936,-0.01886161,0.0446332,-0.15370795,-0.078773186
-0.12046763,-0.13196659,-0.10300287,-0.14978586,-0.10708502
-0.13280302,-0.17179522,-0.13719027,-0.14826046,-0.11104673
-0.06800729,-0.10210427,0.039191924,-0.01553397,-0.12037089
-0.0143953115,0.059274208,0.07226944,0.052665867,-0.023804152
0.037688747,0.10447897,0.050631825,0.01808785,0.071401246
0.027137173,-0.10106498,-0.01656012,0.008328937,0.08258515
-0.01851225,-0.031971846,-0.041856922,0.0019428527,0.0011326958
-0.060492367,-0.12075845,-0.093018636,-0.059334747,-0.06402369
0.055130582,-0.064704746,-0.01233051,0.055163693,-0.059668373
-0.046134923,-0.07312564,-0.0244828,0.011465815,-0.03506142
-0.075813904,-0.07034598,-0.08804992,-0.10990473,-0.107145555
-0.17539594,-0.18264568,-0.1972984,-0.10022276,-0.11000448
-0.10988325,-0.10757631,-0.12659518,-0.06466037,-0.12312705
-0.011234623,0.06127221,0.120689645,0.068562075,-0.09465526
-0.034248497,0.019007036,0.004051559,-0.059883434,0.0016097232
-0.07594129,-0.055479903,-0.0656685,-0.08584617,-0.01895345
0.045494795,-0.067688406,-0.028156597,-0.03312516,-0.03567871
0.09116028,-0.03479483,-0.06817363,-0.049737953,-0.06939577
-0.22429068,0.0464066,-0.027657164,-0.15469798,-0.18820214
0.10574941,-0.03258561,-0.106706984,-0.16894168,-0.049205694
0.08993173,-0.026163897,-0.016777553,-0.12975436,-0.10960777
-0.13458872,-0.08361881,0.17230989,0.07860648,0.04763412
-0.08052785,-0.08334823,-0.087321326,-0.01309827,0.13330318
-0.026060127,0.041517846,-0.09128784,-0.07748044,-0.10118536
0.038267158,0.04520377,0.02556953,-0.02581953,0.043611668
0.06987972,0.07873766,0.15507695,0.08805009,-0.0098667
0.00925598,0.00064125756,0.012053295,0.041952785,-0.081464216
-0.15193065,-0.0643881,-0.02192834,-0.0959453,-0.022615409
-0.101589784,-0.13125461,-0.13330159,-0.19779746,-0.08223626
-0.019100567,-0.09491191,-0.13853984,-0.1785665,-0.110104516
-0.066081665,-0.0035709653,0.07676379,0.046117876,-0.054240633
0.015766243,0.097164705,0.17045948,0.16681299,0.12708284
0.047362894,-0.05881597,-0.047103893,0.0015592963,0.015880762
-0.0925587,-0.010280138,0.023627566,0.029352387,0.038823545
-0.058548734,-0.027186668,0.021009905,-0.043217454,0.02030477
-0.05042979,-0.099013545,-0.121079795,-0.075191475,-0.03905577
0.010131448,0.032295976,-0.005252224,-0.08087403,0.0031251628
-0.027163241,-0.042166524,0.019657224,0.005086696,-0.007830279
-0.10660871,-0.0398702,-0.008142808,0.066938356,0.015311575
-0.10051291,-0.052686367,-0.083956614,-0.17148156,-0.06812752
-0.0038194228,-0.033582676,-0.0834922,-0.118296206,-0.10910965
-0.026781742,-0.028879838,-0.07273011,-0.035292216,-0.017751757
-0.09209397,0.073471226,0.079758815,0.00333153,-0.01640281
-0.060435425,-0.004594588,0.010719762,-0.123739414,-0.023162475
-0.06898439,-0.050535448,-0.0013020622,-0.037308216,-0.002252134
-0.07048373,-0.08950604,-0.08118269,-0.037503753,-0.053318623
0.12639457,0.052490566,0.005550328,0.03639356,-0.07147136
0.05521996,-0.008165074,0.11120162,-0.003896501,0.01682641
0.003950783,-0.03195587,-0.046174,0.0010607456,-0.03160065
0.017032003,-0.026525,0.01041817,-0.03576151,-0.025309402
-0.0058366093,0.0430958,0.023743587,-0.029747387,-0.022872724
0.030623471,0.02883389,-0.002149359,0.037869986,0.03857322
0.053211134,0.03897013,0.0068905344,-0.016207911,-0.010634466
0.09581265,0.033993036,-0.0036765414,0.024675574,0.36069992
-0.056783255,-0.15629216,0.015213077,0.2651653,0.24666898
-0.15776075,-0.039830383,-0.08220382,0.0016656236,-0.113268614
-0.32834142,-0.29815897,-0.2629404,-0.07610239,-0.092953354
-0.03220338,-0.003994973,-0.06500252,-0.16081959,-0.059627444
0.042567443,-0.076555856,0.13010025,0.13877137,-0.037292663
-0.039428167,-0.053488735,0.007363794,-0.10264565,-0.062769756
-0.18010429,-0.13440411,-0.08558796,-0.118690595,-0.06941953
-0.13443741,-0.12416374,-0.16680466,-0.09176364,-0.048270907
0.013453136,0.009364234,-0.1223831,-0.07421812,-0.10560978
-0.032654125,0.05861437,0.26058882,0.09899421,-0.08025889
-0.1568653,0.046620272,0.059161406,-0.048027538,-0.013091559
-0.18381299,-0.18354064,-0.122459464,-0.19358642,-0.103531234
-0.20556174,-0.17150988,-0.22928663,-0.1834679,-0.16918205
0.052322783,-0.14081877,-0.15919264,-0.09400364,-0.17058377
