-0.09893538,-0.18066159,0.0020438805,0.13149613,0.21400875
-0.24301505,-0.18231991,0.048188336,0.08191977,0.06318421
-0.20052293,-0.2996624,-0.08147297,0.030060435,0.0034673822
-0.0917701,-0.1943248,-0.023106784,0.42696494,0.060503114
-0.07022345,-0.13907987,-0.051431384,0.10051154,-0.13481416
-0.06369494,-0.13548777,-0.20374139,-0.030539194,-0.13018084
-0.03669294,-0.16284133,-0.08712874,0.08844787,-0.0048966887
0.08923536,-0.07750096,-0.26948237,-0.08982033,-0.05499615
0.056223795,0.0023893567,-0.22950393,-0.1626238,-0.09290466
-0.056538254,0.013563311,-0.04218632,0.10878639,0.098206885
-0.051317643,-0.14760886,-0.08085258,0.054484945,-0.055698704
-0.059136927,-0.14714907,-0.122761995,0.08873568,0.06754187
0.07804435,0.14350574,-0.07622152,-0.123270944,-0.060846753
-0.07613811,0.20120394,0.0040980917,-0.0092431735,-0.06656469
-0.20375042,0.10608152,0.23057659,-0.011006953,-0.036170613
-0.0059886924,-0.04622487,-0.024208674,0.051514667,-0.07631572
-0.07917705,-0.12826192,0.0034938965,0.056173936,-0.015241256
0.026662499,-0.09281901,-0.08273051,-0.016049186,-0.075117365
0.119567536,-0.047252752,-0.029268906,0.059721544,-0.03587733
0.024896525,0.013242974,-0.090842634,-0.08101437,0.046159487
-0.03493961,0.026933307,0.09657097,0.07502518,-0.011901254
-0.07707059,-0.05957457,0.011783507,0.061144188,-0.024243547
-0.11411641,-0.08534795,-0.029365951,0.04471882,-0.00048142424
-0.10102596,-0.08169417,0.0073394272,0.08000584,-0.062271394
-0.05886878,-0.08421063,-0.082346834,-0.057344593,-0.07855254
0.059411,-0.12083271,-0.08693592,0.01377485,0.0074375873
-0.011467034,-0.18690519,-0.070326515,0.13056801,0.04360595
0.035652928,-0.08504817,-0.15672374,0.0064119906,0.011780391
0.033638813,-0.06252352,-0.17577669,-0.1168285,-0.1087914
-0.08548335,-0.009828564,-0.04114007,0.027099742,-0.03808353
0.026477834,-0.07529683,-0.10325474,0.07974151,0.06354219
0.080079086,-0.10022192,-0.13897151,0.10187829,0.09687961
0.2017571,0.0816225,-0.13178562,0.06933678,0.048961315
0.0734051,0.17870381,-0.15441641,0.026210565,-0.07135065
-0.027666619,0.12870893,-0.14404131,-0.08180796,-0.12320538
-0.03007461,0.03288715,-0.05356107,-0.016004425,-0.07746864
0.035542425,0.040896397,-0.044718448,0.0028255295,-0.09248043
0.03657397,-0.0063794767,-0.0297936,0.02282267,0.011853418
0.030144913,0.002632324,-0.11360751,-0.050370004,-0.05648438
-0.0041762986,-0.012064571,-0.06114494,-0.012669944,-0.005351325
0.017969921,0.024659762,-0.13559179,-0.0799707,0.041239478
-0.02950288,0.14935249,-0.11748658,-0.049342714,0.08462069
-0.05608786,0.21472755,0.03379228,-0.053290047,-0.021427216
-0.112683125,0.120604716,0.056577303,-0.12974897,-0.047287676
-0.14260912,0.0890858,0.14324866,-0.1200981,-0.13295436
0.010220017,-0.0454833,-0.10954467,0.07816527,0.046925277
-0.043862995,0.0028854548,-0.078047134,0.025218911,0.006819855
0.011149253,-0.030077938,-0.10367339,0.05253886,-0.030967358
0.0531715,-0.03750539,-0.15801662,0.14989418,-0.03459182
-0.0012087631,-0.0419574,-0.16919594,-0.031940777,-0.08241798
-0.03837703,-0.107459806,-0.021807764,-0.03503679,0.06561482
-0.14811175,-0.194297,-0.008675806,0.1429333,0.093456134
-0.061586108,-0.2398041,0.0035438112,0.10605595,-0.014215852
0.0860317,-0.026700938,0.35920498,0.36711115,-0.15199475
-0.0421455,0.1409287,0.11507523,0.0381098,-0.09240864
-0.02277556,0.014779449,-0.03701512,0.021379417,-0.045135334
-0.0051998366,-0.030549034,-0.028033607,0.009141339,0.031503856
0.061866824,0.045693103,-0.079696454,-0.0820109,-0.03511187
0.08212758,0.10280835,-0.069132656,-0.05611835,-0.037105046
-0.0128643485,0.026137037,0.055135403,-0.042161424,0.05925266
-0.010289082,-0.03389061,0.019130072,-0.0033916645,-0.11478216
-0.040809583,-0.12958372,-0.015780022,-0.031911276,-0.06413557
0.005159414,-0.05734933,0.014209294,-0.042194627,-0.14846826
-0.007066052,-0.07030662,0.071611874,0.12099676,-0.11307379
-0.012779912,-0.01709715,0.00816017,-0.0031069787,-0.068140455
-0.029281346,-0.021701967,0.09920709,0.037504446,0.029730182
0.030857751,-0.0152255595,0.046832312,0.073112875,-0.010209426
0.062038597,-0.07313938,0.0116588995,0.043613106,-0.019837018
0.017944338,-0.00087140757,-0.01759662,0.017462917,0.07279591
-0.0067769215,-0.03618086,-0.027282724,0.046479374,0.085115425
0.14080554,0.10056136,-0.07891991,-0.04060187,0.027765429
0.01757292,-0.06169026,-0.1769812,-0.00059053843,0.13121904
0.046355117,-0.01579176,-0.048035778,0.07669489,0.10558472
-0.009562764,0.10629246,-0.045270182,-0.06509135,0.0077410885
-0.007407145,0.11147002,0.06263038,-0.1392613,-0.039386973
-0.04633926,-0.03414595,0.01674515,-0.0071898904,0.024263075
-0.032202415,-0.040326428,0.013322659,0.008089961,0.0008867745
-0.055457618,-0.03364413,0.048379727,-0.032918584,-0.0027693526
-0.08781068,-0.008112177,0.054846577,0.031885836,-0.068198636
0.016443752,-0.06395739,-0.032663517,-0.021994812,-0.02865481
-0.063676395,-0.011115615,0.0068812845,0.021978285,0.00058074325
-0.018059323,0.022989249,0.012980885,0.02275733,0.04638284
-0.0121695185,-0.06071488,-0.072475456,-0.014389887,0.019930312
0.0028183805,-0.013731141,0.01832991,-0.024178898,-0.020374961
0.0062510134,-0.041903872,-0.0071664713,-0.08009785,-0.059364986
-0.04076586,-0.07930672,0.10308769,-0.024885437,-0.16266394
-0.015434199,-0.085616164,0.06818859,-0.18070698,-0.09566229
-0.07208635,-0.18075909,0.023046717,0.0014228709,-0.024206286
-0.17725809,-0.17404401,-0.1747543,-0.105020925,0.06199778
-0.09756422,-0.19591722,-0.09868155,0.11356227,0.11364264
-0.025611075,0.08149569,-0.10835778,-0.04825196,0.0025812255
0.08964452,0.07850989,-0.12777413,-0.1457474,0.07723469
0.026690813,0.03596477,-0.07393677,-0.09682428,0.024759512
0.048567977,0.060751453,-0.11094818,-0.0972084,-0.07372157
-0.055108756,0.114789285,-0.02483653,-0.15560894,-0.10341306
-0.0748844,0.03228891,-0.090088286,-0.08283013,-0.028584527
0.009134426,0.07773551,-0.15409002,-0.092842214,0.03136302
0.010470711,0.14099157,-0.12046602,-0.053495087,0.00080816244
-0.043762907,0.14453363,-0.25351614,-0.11431398,-0.06080855
-0.10024135,0.16692223,-0.2355216,-0.1593796,-0.14303882
