-0.11260641,-0.08019171,0.053718593,0.08828495,-0.14601858
0.03364117,-0.02600218,-0.073024474,-0.011414705,-0.1077792
0.119771175,-0.11450843,-0.0525826,-0.029550442,-0.074671805
-0.026301095,0.003150475,-0.063793406,0.18563153,0.21612926
0.057043668,0.047784597,-0.07784118,-0.026759798,0.008392037
0.01887534,-0.0013299513,-0.1044689,-0.15693446,-0.0005821494
-0.018062368,-0.0817671,-0.17815931,-0.005406711,0.10922943
-0.037546113,-0.096795484,-0.15078849,-0.13524015,-0.010082813
-0.1270956,-0.094384216,-0.10347696,-0.1676448,-0.17707372
-0.051092062,0.11032155,0.032354236,-0.029988844,-0.11616686
0.013869272,-0.015300731,-0.11758645,-0.009123115,0.011303247
0.0043662814,-0.08233413,-0.06665159,-0.07500058,0.022433916
-0.034207627,-0.1103922,-0.047220893,-0.049511008,-0.012767766
-0.0896866,0.003567242,0.082878985,-0.051920786,-0.03588338
-0.010539284,-0.010220993,0.12103512,0.111083,0.012073345
0.051173154,-0.037573595,0.012616515,-0.112635486,-0.053900424
0.014131451,-0.06717921,-0.024905112,-0.006994815,0.017659275
0.047152363,-0.11066805,-0.048145477,0.0470587,0.01943368
-0.010448605,0.0046133776,-0.07781715,-0.027924703,0.003248105
-0.022802906,-0.007388642,-0.081968084,-0.08344691,-0.056685723
-0.024275294,-0.04674664,0.14460348,0.025657507,-0.029122133
0.0054906374,0.008557953,0.043481726,-0.027094793,-0.06697746
-0.0045084497,0.02080425,-0.015944352,-0.016365563,0.059040092
-0.057831615,-0.05371492,-0.035439283,0.07450571,0.01781792
-0.034399353,0.006427156,-0.0030471424,0.0041407356,-0.054934163
0.012971233,-0.059128024,-0.11322343,-0.06592552,0.011035272
0.012781479,-0.174623,-0.1305429,-0.030487675,0.023078887
-0.059680875,-0.12036454,-0.14516798,-0.022829989,-0.0018318797
-0.11967515,-0.07497315,-0.103106104,-0.09236366,-0.011145283
-0.060406864,0.046001177,0.042245634,-0.023691984,-0.0492105
0.09381893,0.023776773,-0.022739217,-0.009984468,0.02933617
0.03638098,-0.0064095436,-0.07742868,-0.038151078,-0.020369438
0.026974304,0.01628879,-0.051838476,-0.04522858,0.16112836
-0.009952983,0.038456734,-0.0669715,-0.021153921,0.0074463296
-0.07788994,0.041477654,0.023025285,-0.038339145,-0.005893977
-0.013195926,-0.009547376,0.06340605,-0.043727234,-0.059413042
-0.02312059,0.04758006,0.030665852,-0.009436101,0.048261918
-0.00023972608,-0.010928491,0.0015308256,-0.023467327,0.04499398
-0.024886085,0.004215783,-0.10719765,-0.048837777,-0.024301864
-0.0038027633,-0.034717817,-0.10618566,0.02923813,-0.093981735
-0.00589813,0.05882337,-0.09351055,-0.10081739,0.052435674
-0.021876793,0.025058175,-0.05879978,-0.092493646,0.014606916
-0.0441903,-0.06388172,0.029603986,-0.07464354,0.055863194
-0.051761784,-0.13126379,0.03556974,-0.03841163,-0.017192617
0.04886691,-0.14228626,-0.031344343,0.037581906,-0.06387901
-0.0012344127,-0.086733736,0.008292316,0.014551136,-0.0047526387
0.022256866,0.035419505,0.060724538,-0.015955178,-0.03063217
-0.0033929087,0.0077299746,0.028826697,0.028252194,0.019526083
-0.023053722,-0.0024164335,-0.076097235,0.018628886,0.07138967
-0.05168612,-0.035040334,-0.08423036,-0.06495251,-0.032331366
0.013408792,0.006886119,-0.0033386548,-0.105773784,-0.21378973
-0.0077639758,-0.104432605,-0.04501183,-0.18991749,-0.14893512
-0.022766016,-0.08441907,0.035602853,0.111453325,0.032464497
-0.0034780505,0.057608917,0.122291945,0.24436729,0.17446426
-0.0058132643,0.14717832,0.010455626,0.07382368,0.10025151
0.013920458,-0.010895304,-0.044280108,-0.13543433,-0.023933455
0.043337833,-0.059118178,-0.08101359,-0.03462527,0.019873992
-0.033521228,-0.051448572,-0.08024668,0.025757754,0.048732888
-0.08133569,-0.079709575,0.036464415,-0.07795904,-0.057950154
-0.06535724,-0.011614378,0.023602555,-0.049391557,-0.027234336
0.025022946,-0.012152829,-0.024542006,-0.10271567,-0.16316678
-0.07971333,-0.117097646,-0.038086306,-0.092109375,-0.1376796
-0.026218738,-0.11773919,0.054430105,0.1020299,-0.04414187
-0.036521316,0.01866597,0.024517247,0.16829711,0.114028946
0.021013403,0.034471724,-0.022752436,-0.010632142,-0.03748022
0.046537425,-0.00014720806,0.035303738,0.008573083,0.037490234
-0.0055742967,0.008297073,-0.020529125,0.021546956,-0.016292185
-0.04148434,0.048863903,-0.06159257,-0.0035261065,0.03187762
0.0023171713,0.052371852,0.039369915,0.060451306,0.075923055
0.03303963,0.039585993,-0.0377137,0.03599047,0.027629772
0.006076775,0.017601874,0.031900264,0.018021548,-0.03245502
0.052832812,0.022714159,-0.037042644,-0.045612067,-0.018506156
0.08248738,-0.06728244,-0.12927069,-0.05425333,0.033347413
-0.009147053,0.042273402,-0.0125469435,-0.06594105,0.010114613
-0.0072594956,-0.06131286,0.02572412,0.013881057,-0.06321868
-0.012274368,-0.009717059,0.0595224,0.026248429,0.0644138
-0.054164756,0.035833433,0.008883826,-0.046189778,-0.04118013
-0.035001647,-0.032654464,-0.02024349,-0.03936195,-0.0006258452
-0.021767445,-0.07006549,-0.03228857,0.09520218,0.00250749
-0.041431837,0.01859929,0.0262559,-0.005660753,0.0018767808
-0.014345249,-0.03457311,0.03572096,-0.027697148,-0.056953494
0.020848397,-0.065662794,-0.008786703,0.025015127,0.0045259343
0.04442302,-0.06063536,-0.014165431,0.025643602,-0.05062336
-0.015683789,-0.043501835,-0.025094813,0.021336235,0.005033317
-0.001745256,-0.04591005,0.0033577778,-0.0023760332,-0.05480025
-0.009920484,0.07716989,0.0010369421,0.058351688,0.067766234
-0.018848186,0.03669648,0.085888155,0.13763827,0.04004662
-0.04548539,-0.018459043,-0.09217971,0.05096365,-0.035781678
-0.010844418,-0.030480284,-0.08112103,-0.10122655,-0.07938517
0.015060429,0.018162256,-0.11909602,-0.15559106,-0.027920686
0.056800265,-0.058844462,-0.053175632,0.017473154,0.036683127
0.06428922,-0.07564338,0.030868627,-0.042323835,-0.06757353
0.012133206,-0.032430112,0.05445531,-0.08568075,0.004711659
0.04262066,-0.053180758,-0.03440363,-0.11050363,-0.0029668142
-0.002086672,-0.054590445,-0.020400975,-0.048857503,-0.023428293
0.031923603,-0.03816212,-0.008638026,0.1017115,-0.0004495748
0.026720606,0.0221392,0.038784493,-0.020675289,-0.032411862
-0.0036241119,-0.04575908,0.022985417,-0.08581617,0.061832283
0.010882955,-0.11037252,-0.07561559,-0.14093496,0.020041792
-0.047412585,-0.022486677,-0.11988456,-0.10198435,-0.095375955
