-0.016808104,-0.02877505,-0.1441603,-0.14232236,-0.04704255
-0.008611879,-0.116469614,-0.028207097,-0.0052945158,-0.1156205
-0.01766994,0.08551736,0.22967327,0.038608722,0.05637177
0.07627253,0.041254815,-0.09162431,0.13719329,0.12818377
-0.14745018,-0.07409284,0.06651845,0.02830006,-0.09962819
0.062624104,0.055198487,-0.09176366,-0.008992505,-0.10620744
0.13755095,0.17507744,-0.08705786,-0.11039704,-0.12048487
0.004477648,-0.025470698,-0.11021622,-0.1153617,0.08479462
-0.03296891,-0.090232626,-0.09960181,0.08867743,0.08326181
-0.1056625,-0.11474937,-0.12629132,-0.11209367,-0.1526926
0.0711751,0.06308201,0.09219479,0.011710831,-0.07531463
0.10634214,0.09721699,0.015570319,-0.11646739,-0.0290215
-0.041082796,-0.018037364,-0.1215171,-0.07173325,-0.041261103
-0.05449912,-0.12109441,-0.054707613,-0.0059755864,0.01571356
0.15021051,0.06161495,0.082466945,0.02048835,0.0056199227
-0.013919912,-0.014928743,-0.061430458,-0.0697791,-0.022385098
0.010636505,0.03660317,-0.06446546,-0.015370513,-0.07823385
0.018624818,-0.05286597,-0.087558456,-0.086541615,0.01824997
-0.06324737,-0.07565455,-0.026116233,0.10721244,0.15375935
-0.049668264,-0.095002666,0.027471956,0.013851703,-0.073315516
-0.06545673,-0.052841634,-0.09816504,-0.04676723,-0.065671496
-0.08468525,-0.08729317,0.13625684,-0.05181763,-0.041385457
-0.035429128,0.105553195,0.046967234,-0.0154116,0.004162212
0.035481155,-0.011909256,0.026688201,0.071990296,-0.045573905
-0.1017246,-0.035555385,-0.0040895487,-0.121562466,-0.065672696
-0.011246496,0.048291903,0.012604322,0.031454213,-0.14250088
0.09389578,0.16003567,0.06528422,-0.05506549,-0.08130879
0.009624567,-0.020349415,-0.03554393,-0.03937321,0.07382474
-0.06325123,-0.060036268,0.040156167,0.018022034,0.040084735
-0.1939875,-0.06323443,-0.1165581,-0.07614278,-0.04469337
0.032552823,0.012713649,0.016733356,0.08608588,-0.063801445
0.024516504,0.0046256143,0.12836026,0.034115918,-0.036252916
-0.048468765,-0.038389657,-0.10500145,-0.08678109,-0.026633857
-0.041516535,-0.09211879,-0.0070751836,-0.07239874,-0.016470838
0.026134431,-0.13831972,0.015954046,-0.06325627,-0.027516806
-0.02526751,-0.04666906,-0.047970936,-0.030327223,-0.030100746
-0.042578112,-0.042823303,-0.039175954,-0.03361044,-0.07400898
-0.11020078,0.03044285,-0.0039188736,-0.014317142,0.075646505
0.004113363,-0.04950414,-0.04747393,0.060150728,0.038967192
0.004915956,-0.017350543,-0.01564214,-0.06489855,-0.14302298
0.073738694,0.030072598,0.08066682,0.09017378,-0.03788011
0.008504409,0.042329095,0.010866257,-0.051916976,0.02489582
-0.040846203,-0.0260384,-0.07645094,-0.0423057,-0.061701305
-0.005082761,-0.08858032,0.005236146,-0.017806336,-0.0333585
0.05728736,0.010685848,-0.021795297,-0.019949516,-0.0362575
-0.07972133,0.010137609,-0.05478169,-0.0649618,-0.061091702
-0.05628507,-0.100820355,-0.06051278,0.0018651163,-0.021046903
-0.09490359,-0.022569267,0.023592984,-0.043813046,-0.0048194057
-0.042406686,-0.013364594,-0.058668293,0.012074972,-0.010301103
0.00553204,-0.042945974,0.034394868,-0.097575694,-0.061649483
-0.056695517,-0.08015704,0.028292779,0.1784327,-0.016448498
0.028597912,0.14689673,0.0036346696,-0.09497804,-0.1075975
0.021855833,-0.043410532,-0.04224264,-0.10271102,-0.06775135
0.014478744,0.012846281,-0.07770573,0.108648084,0.16513185
-0.038844507,0.10645064,0.17966847,0.16714114,0.19986536
0.034537792,-0.014485811,-0.025396116,-0.059445173,-0.056368176
0.08958994,0.10352297,-0.07509948,-0.053246614,-0.092736915
0.012185208,0.01588023,-0.09846973,-0.06321024,-0.032848872
-0.03788257,-0.09550522,-0.0774654,0.019422645,0.08277935
-0.0355995,-0.07942548,-0.0760285,-0.01198525,-0.021201199
0.00412219,0.039058343,-0.05933596,-0.025755253,-0.12193849
-0.041947823,0.035846755,-0.06097157,-0.0443042,-0.0629194
-0.023636308,-0.05093403,-0.1093297,-0.0067880475,0.018748702
-0.10627406,-0.09092281,-0.11946427,-0.0016875839,0.027927363
-0.061746527,-0.035512853,0.03768106,0.05471072,0.055065583
-0.010589676,0.020941826,0.03185982,0.017926866,0.061651576
-0.045507755,0.003619974,-0.062668085,0.057286773,-0.00932207
0.021249712,0.044593923,0.08870153,0.10745713,-0.03593485
-0.025432909,-0.011799664,0.024771739,-0.033830658,0.0015422604
-0.033019133,0.03558275,0.10586754,0.041813478,-0.008162148
0.047717802,-0.05733165,-0.01369982,0.08987398,0.046461318
0.062487323,0.043810133,0.14895104,0.072099976,-0.07104132
0.0050094253,0.04556853,-0.018066274,-0.04753617,-0.09780074
-0.016218927,-0.04686034,-0.09822952,-0.05340764,-0.05039006
-0.084256195,-0.09920377,0.00019957029,-0.024478385,0.0030769678
-0.0026000484,-0.025999613,-0.083443694,0.040514823,-0.005679089
-0.040277466,-0.053422607,0.0022671628,0.024023877,-0.048576068
0.023357041,-0.01665977,-0.01617252,-0.043834273,-0.030833533
0.070484005,0.030153474,-0.06463351,-0.036069285,-0.048580542
0.007264408,-0.054836314,-0.058756113,0.007975031,0.034336653
0.016135767,-0.029254353,-0.05167831,-0.050073262,-0.06237182
-0.00874378,-0.050969258,-0.0071615637,-0.03857879,-0.036508877
0.025046399,-0.018678261,-0.0068010516,0.012813153,-0.023020176
0.056352075,-0.017502015,0.0071103387,0.01948341,-0.029140262
-0.0005173352,-0.0798075,-0.0086841285,-0.060194492,-0.07519408
-0.12723449,-0.10173619,0.027400328,-0.04946163,-0.0692976
-0.11690931,-0.08474241,-0.03677627,-0.10454821,0.07911852
-0.0531274,-0.047420193,-0.0656318,0.16829246,0.13856548
0.026891224,0.03301321,0.22052814,0.11900771,-0.038908232
-0.048191745,0.0515923,-0.14850989,-0.22087526,-0.038775448
0.07349988,-0.020288227,-0.09199894,-0.0008940126,-0.058310635
0.04097002,-0.068835855,0.03735812,0.010136103,-0.06525378
-0.046130043,-0.047690976,0.038992662,-0.015682708,-0.08183126
0.030310009,0.015819918,-0.055622797,-0.10349808,-0.01660092
0.0803554,-0.05980469,-0.039804608,-0.027519453,-0.036109746
0.026122306,-0.04036409,-0.1489743,-0.05119498,-0.07578692
-0.010558514,-0.08606246,0.017350841,0.02144574,-0.018764453
-0.14335623,-0.06178353,0.084628746,-0.061671365,-0.04217401
-0.020609435,-0.022616828,-0.13171062,-0.061313737,-0.0704787
0.09740993,-0.05757179,-0.07420258,-0.12674041,-0.15166165
