-0.006007021,0.026594443,-0.044613913,-0.010344322,-0.03324543
-0.009647681,0.017008603,0.011661738,0.0046369405,-0.013868446
0.0058347695,-0.028804442,-0.053574633,-0.044248637,-0.033760395
0.003362866,-0.03778538,-0.04061495,0.014335701,0.008658455
0.013446695,0.041511618,-0.03922427,-0.02877529,-0.032024518
-0.024510562,-0.038704522,-0.001621574,-0.023721723,-0.007818751
-0.017737072,0.0050167143,-0.03294608,-0.04038268,0.006433822
-0.0055061597,0.03161698,-0.05002615,-0.0011933203,0.029107865
-0.032468025,-0.015789544,-0.040773213,0.015174983,-0.048723344
-0.026905,-0.019017223,-0.018328013,-0.020848814,-0.011567166
-0.028837584,0.0016308895,0.03306862,-0.0033933623,-0.041022647
-0.006415418,0.023017662,0.019705238,-0.0036513677,-0.032892957
0.004122529,0.008563135,-0.035723504,-0.014515806,0.053835224
0.0058714584,0.0040924246,-0.024688635,0.024261864,-0.046685945
-0.018090202,-0.012407239,0.023802448,-0.033336956,0.010789907
0.019327719,0.02706511,-0.0049950643,0.023114562,0.0006500486
0.032899957,-0.0168976,-0.035019964,0.009289574,0.0016208591
0.024029821,0.032725412,-0.043296304,-0.008622427,-0.027259234
-0.04088928,-0.029280586,-0.035348646,0.0011145867,0.010571037
0.009324872,-0.03802361,0.03987977,0.0029742392,-0.05122332
-0.014784046,-0.03195114,-0.0073458143,0.009672105,0.0073400903
0.024203846,-0.04373439,-0.032294497,-0.03462071,0.028478466
0.030502114,0.014412077,-0.0027383505,-0.008910203,-0.018903416
-0.025896408,-0.002643235,0.005638564,0.036922865,-0.027269442
0.012426821,0.041387733,0.020494942,0.022345537,0.0045223995
0.0017530536,-0.006187005,-0.045126975,-0.04111528,-0.02458427
0.025321212,-0.041055962,0.028147066,-0.025023442,-0.018005788
-0.035996705,-0.046735957,0.012182637,-0.0005473506,-0.009466695
-0.03668608,-0.033704296,-0.030882584,0.020342471,0.052351907
-0.014426842,0.041760344,-0.03245092,-0.014904869,-0.03816393
-0.032722186,-0.0041467007,-0.046601266,-0.03489686,-0.0016436463
-0.0063410434,-0.02575776,-0.050058067,-0.023098772,-0.033097934
-0.029277565,0.021466345,0.034331474,-0.03902987,0.02434655
-0.02648605,0.010418374,0.013300431,-0.018524753,-0.03345754
0.031813275,0.039035995,-0.031003265,-0.041177828,0.04742103
0.01101218,-0.03965359,-0.048872333,0.00039776598,0.028130287
0.034015533,-0.005800641,0.0062035066,-0.019923551,-0.0066790334
-0.037450388,0.008018634,0.003144187,-3.320564e-05,-0.030093756
0.019215455,-0.005979181,0.028625188,-0.030993283,0.039287534
0.006365755,-0.035924517,-0.013288536,0.02618791,0.030253839
-0.04785344,0.0383838,-0.03249881,-0.044944383,-0.009385383
-0.045004047,-0.032059114,-0.009696104,0.021036424,0.010181645
0.031181958,-0.01863237,0.0022714897,-0.043434016,0.0013377977
-0.02020928,-0.006346638,-0.011502676,-0.0065099113,-0.03092442
0.013167341,-0.01117851,-0.0070771785,-0.005808457,0.035861745
-0.018059187,0.011785887,0.031144992,0.015545425,0.044185527
0.025720015,0.034254797,0.019692719,0.028520605,-0.025674662
-0.0030644317,-0.02170545,0.01529971,-0.03237066,0.013327881
0.008011125,-0.035657007,-0.01294533,-0.049887132,-0.021746315
-0.018125238,0.003975442,0.021432137,0.02682631,-0.011860028
-0.028079163,0.005735144,0.030898122,-0.031061187,-0.0051760427
-0.03206738,-0.04694315,-0.0022134718,-0.00349013,0.042347215
0.028971426,-0.000356813,-0.017400589,-0.031404085,-0.008289729
-0.009518499,0.0001581634,-0.019810071,0.0154207125,0.019438446
-0.042082906,0.030466378,-0.034787655,-0.033440012,0.029123748
-0.020939536,-0.009889639,0.03221107,0.0031066032,-0.019847142
0.0007947756,-0.015045901,0.006370759,0.021371778,0.00081273745
0.04620485,0.0011682409,0.035951786,-0.041497383,0.019133486
0.009208354,0.020456115,-0.014718413,0.01704889,0.03521829
0.033015385,0.023053791,-0.013238702,0.01832395,-0.0064894743
0.029276583,0.021748936,-0.029256757,0.0347884,-0.04743936
-0.050255295,0.024848947,-0.0015934082,-0.03908,-0.024049321
-0.044129483,0.025060408,-0.019698467,-0.0007394197,0.009575125
-0.025366623,0.030585214,-0.038961463,0.021193359,-0.02682316
0.008989525,0.0045176367,-0.045073625,-0.020898864,0.021952813
0.030630149,-0.011614428,0.04119494,0.03466597,0.025902465
0.01699113,0.039828155,-0.03529779,-0.045890827,-0.017387228
-0.027783265,-0.02273941,-0.022530993,0.020586908,0.018138325
-0.013005812,-0.02104702,-0.044029437,0.023848852,0.02555043
0.026203334,-0.017998576,0.028100172,-0.020287873,0.030089056
-0.020384325,-0.016334908,0.008601427,-0.02181489,-0.026614157
-0.004860575,0.045225956,0.0071545113,0.033385593,-0.01723726
-0.0029107132,-0.037568003,-0.012759817,0.0390536,0.025759608
0.003030308,-0.042672623,-0.02419761,-0.031676643,-0.016651226
0.031027164,-0.0070696077,0.010527368,0.011847299,0.0011662426
0.02737491,0.01747419,0.025171882,-0.012677368,0.0052163764
-0.013025064,0.028057843,-0.04451014,0.027397914,0.015026586
0.02809429,0.024453217,0.024891105,0.01153767,-0.010334801
-0.034810446,0.024920745,0.041500784,0.008623277,-0.009074081
0.019585593,-0.03769823,-0.026853057,-0.0125237955,0.02160886
-0.039152976,0.011689528,-0.003504392,-0.03611172,0.01425231
0.02959083,0.003436695,0.02952469,-0.0040620663,-0.032599334
-0.016524322,-0.028556684,-0.03374957,0.010034449,-0.035608426
-0.018289821,-0.015712418,0.019619983,0.0133706415,-0.03146682
0.033768445,-0.027842227,-0.022346068,-0.026222812,0.042489983
0.0027860724,-0.0073255063,-0.0073176837,-0.039770614,-0.008297446
-0.0032864823,0.0031701815,0.012443206,0.03391425,0.0060032266
-0.0173529,0.03023192,-0.046012003,0.027664006,0.015823744
-0.017685851,-0.00031119687,0.02980626,-0.0015693968,-0.0055440348
-0.015144998,-0.03960367,0.006293707,-0.030881997,-0.042743806
0.038550835,-0.040900864,-0.0060719564,-0.03641177,0.035979982
0.00033899944,-0.019572802,-0.0060593896,-0.027018046,-0.0026207943
-0.041132163,-0.029875765,-0.045482848,0.0013462047,0.041359253
-0.027912483,-0.0046417573,-0.022030812,-0.03645101,0.03754117
0.026806766,0.031721212,0.036102835,0.03356605,-0.016191559
0.01180037,-0.040306617,0.011109988,-0.0071918005,0.028187476
-0.027218753,0.013348268,-0.033989813,0.047861632,0.059728436
-0.043931074,-0.007037472,-0.03489686,-0.0028095806,0.014219075
0.02887741,-0.034748405,0.009270649,0.0046822666,-0.024821337
-0.009486674,-0.0028808173,-0.039931584,-0.044511177,0.037084967
