-0.24285257,-0.28567514,-0.23742351,-0.18309212,-0.24221402
-0.252223,-0.26353046,-0.18117642,-0.24922858,-0.17859465
-0.27246282,-0.19438256,-0.24099223,-0.18691964,-0.2183363
-0.17919356,-0.21230263,-0.1879932,-0.24455073,-0.25582165
-0.2004856,-0.19234361,-0.20347291,-0.20184824,-0.18569764
-0.29722065,-0.24592,-0.19316599,-0.23053189,-0.2354713
-0.2589133,-0.18177359,-0.21711947,-0.20543918,-0.2437126
-0.2499193,-0.1793258,-0.18529016,-0.19170953,-0.1799326
-0.17978121,-0.18979552,-0.1836273,-0.22183438,-0.20447773
-0.25498337,-0.23260978,-0.22038843,-0.21847992,-0.16931581
-0.24266079,-0.19586544,-0.23667772,-0.2346167,-0.19838102
-0.24413553,-0.24791059,-0.18915954,-0.19912691,-0.21255815
-0.24040893,-0.17963399,-0.21785612,-0.1799759,-0.30571347
-0.17293864,-0.21816021,-0.22882737,-0.21056782,-0.24554606
-0.22235836,-0.21159841,-0.24157639,-0.1758581,-0.17184293
-0.25512326,-0.23756582,-0.24414039,-0.24732576,-0.23939447
-0.18890576,-0.19503078,-0.23237287,-0.21370919,-0.2202978
-0.21509865,-0.26069936,-0.17703937,-0.226818,-0.2537585
-0.21400084,-0.20299894,-0.19596833,-0.23321192,-0.2182621
-0.2493075,-0.24958889,-0.24486008,-0.24155518,-0.18760483
-0.24990194,-0.21563384,-0.28644168,-0.1473466,-0.18907553
-0.23283443,-0.16258883,-0.2451823,-0.27551615,-0.23735376
-0.21074879,-0.19210552,-0.17252141,-0.29312718,-0.2923903
-0.16391195,-0.19463377,-0.24430984,-0.18832277,-0.22802086
-0.20574911,-0.21419732,-0.23416515,-0.22341545,-0.25051767
-0.24729191,-0.17509945,-0.24289584,-0.20014964,-0.16873391
-0.23518905,-0.24460071,-0.23813844,-0.23166163,-0.22946909
-0.25893727,-0.2375317,-0.22887996,-0.16879469,-0.22334199
-0.2026792,-0.22973694,-0.20137274,-0.1732864,-0.20701116
-0.21927734,-0.21301539,-0.16940917,-0.23211502,-0.17125732
-0.27281186,-0.15577042,0.19799611,0.18922383,0.18867064
-0.17799956,-0.10941316,-0.19942193,-0.050529238,0.19064511
-0.22379988,-0.08173802,-0.16516607,-0.22042482,0.14547294
0.05261847,-0.030027112,0.15913121,0.21687312,-0.1592231
0.2733699,-0.12697925,-0.20441805,-0.23780952,0.07992131
-0.23585498,-0.24559578,-0.24913803,-0.20458888,-0.18493836
-0.21103166,-0.22615662,-0.20525248,-0.20836617,-0.23269281
-0.22624272,-0.22336347,-0.24151094,-0.21268417,-0.22739337
-0.24039243,-0.25154266,-0.24465509,-0.22516045,-0.17840354
-0.22166656,-0.23891768,-0.24976544,-0.20859182,-0.17798491
-0.22795893,-0.15317756,0.22751656,0.09708672,-0.071548335
-0.17436975,0.14837226,0.1966951,-0.17696376,-0.19225442
-0.18905427,0.19702044,-0.10311298,0.06535275,-0.094704635
0.22527571,0.16947354,-0.18936743,0.0023470742,0.2034982
-0.13130933,0.22085147,-0.09784876,0.18286222,0.1969373
-0.21563049,-0.23000278,-0.12648912,-0.13639301,-0.18597099
-0.23238358,-0.2516437,-0.114247814,-0.19427535,-0.17333777
-0.26693013,-0.23844238,-0.24710129,-0.14647749,-0.16296904
-0.20122315,-0.1078978,-0.1275969,-0.22228017,-0.12212903
-0.1724214,-0.16050708,-0.16123998,-0.18014541,-0.09722827
-0.2434286,-0.19479665,-0.19161893,-0.16588508,-0.22922848
-0.20370094,-0.23116352,-0.22265252,-0.2505524,-0.18635929
-0.24774738,-0.2357144,-0.17325112,-0.24064183,-0.20812498
-0.25678855,-0.24219379,-0.17103598,-0.18932891,-0.21365109
-0.23581824,-0.23835026,-0.23361461,-0.20566864,-0.2412167
0.0015406533,0.02178691,0.013059904,0.04024314,0.040273882
0.02265234,-0.03110391,-0.0024175027,0.008660207,-0.014916894
0.013376945,0.02918987,-0.02416213,-0.0136330025,-0.034017865
0.0069466997,0.026769653,0.040448926,0.002344897,0.029122116
-0.04318998,-0.0009719527,-0.008437229,-0.020594448,0.04140046
-0.18745938,-0.25253633,-0.25167108,-0.22936235,-0.19584294
-0.19463432,-0.19299392,-0.18013893,-0.24325408,-0.20917243
-0.2361425,-0.23658729,-0.21140257,-0.21979515,-0.25035417
-0.21623957,-0.19149424,-0.16671573,-0.22652039,-0.18468572
-0.22615384,-0.24780028,-0.17484061,-0.22592884,-0.2253222
-0.0075662495,0.040308226,-0.019099154,-0.011875732,0.002605001
-0.029280309,0.017440146,0.037652027,0.01616929,-0.010754505
-0.008556813,-0.04383067,-0.03525409,-0.0122598875,0.02479109
0.04159735,-0.0031339522,-0.004290839,0.030598134,-0.009378783
-0.030509017,0.025324525,-0.019336145,-0.031848904,0.00038501405
-0.2441643,-0.2980291,-0.23116544,-0.27787748,-0.16785708
-0.23351079,-0.282682,-0.2067601,-0.16143788,-0.26667398
-0.2954442,-0.26504892,-0.16162133,-0.19034232,-0.2027434
-0.16152939,-0.26255974,-0.20762062,-0.16562709,-0.20636779
-0.21893664,-0.16884992,-0.20021088,-0.22626998,-0.17073509
-0.2655386,-0.24234498,-0.17385589,-0.23314671,-0.26501378
-0.16684684,-0.19771174,-0.21326743,-0.16729538,-0.15814465
-0.22478026,-0.24663965,-0.3209475,-0.16774379,-0.21458569
-0.22417906,-0.24044469,-0.20413786,-0.19742739,-0.18158859
-0.17454752,-0.17490938,-0.23648423,-0.21720722,-0.24291407
-0.23127443,-0.2146614,-0.19071792,-0.23280284,-0.24118052
-0.22703229,-0.1976551,-0.21490586,-0.17806825,-0.2557817
-0.19876194,-0.18213105,-0.18819945,-0.25380865,-0.24419737
-0.21506551,-0.21553162,-0.18956313,-0.17862055,-0.21824436
-0.2278047,-0.19065003,-0.24462985,-0.2362612,-0.2095435
-0.14398511,-0.10825704,-0.16299205,-0.123491,-0.12519088
-0.13456976,-0.151303,-0.18364029,-0.15157887,-0.13796613
-0.1606488,-0.11019584,-0.19179094,-0.09734552,-0.1402353
-0.105901256,-0.21162538,-0.13972794,-0.14840502,0.24638279
-0.15048395,-0.21267956,-0.17905572,-0.1265777,-0.049367215
-0.25675163,-0.25837913,-0.21926834,-0.20422097,-0.20705567
-0.20425181,-0.23261179,-0.24035221,-0.20974194,-0.23810893
-0.21543492,-0.20008902,-0.20523377,-0.2537755,-0.16201113
-0.17394426,-0.22954535,-0.24815524,-0.20181511,-0.19956186
-0.22542733,-0.23455657,-0.20779015,-0.23488288,-0.23590794
-0.21069057,-0.13893521,-0.1450625,-0.12764901,-0.16089392
-0.1375357,-0.10870605,-0.18239415,-0.15193947,-0.14636518
-0.16873342,-0.13458946,-0.17547607,-0.20323166,-0.13983232
-0.13030097,-0.14203334,-0.18915147,-0.14465421,-0.13782611
-0.23371133,-0.22532895,-0.1186843,-0.14168276,-0.18411678
