-0.122823216,-0.022222146,-0.17942065,-0.36840564,-0.15158959
-0.15757555,0.13095212,0.04982331,-0.32888457,-0.14265272
-0.09133238,0.1263711,0.015678987,-0.28344595,-0.0058963224
0.06829747,0.06810629,-0.041033298,-0.15088698,-0.06818348
-0.15589269,-0.14600164,-0.14474782,-0.11570282,-0.08131752
0.0155544365,0.2497533,-0.07679468,-0.1463044,-0.055683937
0.008004049,0.33179197,0.05767663,-0.1291987,0.042104047
-0.12841862,0.04059877,-0.13577314,-0.16984326,0.13330264
-0.240452,-0.027823893,-0.049973555,0.0013062397,0.1099575
-0.12622325,0.029807387,0.004517568,0.06277333,-0.005733857
-0.051158093,-0.07273027,-0.046853412,-0.095424384,-0.034442097
-0.08449375,0.02212547,0.0019726905,-0.0948264,-0.07158316
0.016930234,0.21216191,-0.05665468,-0.057751536,-0.09936792
0.029871628,0.13479902,0.00030109106,-0.019239077,-0.16228274
-0.10826078,-0.046659295,-0.063898906,-0.03791341,0.030936169
0.0134808775,-0.13089728,-0.13411203,-0.09360262,-0.009861842
0.066083305,0.050230674,-0.1320722,-0.047644712,0.09902936
0.09369758,0.0726607,-0.025611704,-0.020034213,-0.04328992
0.08207165,0.073079176,-0.053541917,0.003813692,-0.04826664
-0.03787064,-0.0075535774,-0.037112884,-0.054374103,0.12896825
-0.028679304,0.00062627025,0.085639656,0.041920863,0.018482354
-0.04481046,-0.051715024,-0.017630955,0.033369973,0.0064695156
-0.052295372,-0.032346334,0.00047006703,-0.03533882,-0.061136384
-0.083421454,-0.03765225,-0.07229211,-0.021917619,-0.072064474
-0.06834466,-0.069505304,-0.11649885,-0.10004216,-0.06368435
0.013016849,0.033832397,-0.120751835,-0.11545299,-0.041451834
0.040156722,-0.011315806,-0.1418589,-0.032257583,0.03190351
0.108813584,-0.06749356,-0.026775537,0.05393082,-0.03814079
-0.045703586,-0.0541159,-0.10499083,0.036791895,0.015520318
-0.041482788,-0.05968262,0.050683126,0.1561152,0.10141181
0.060672536,0.15651359,0.11194001,-0.053614154,-0.018488184
-0.04037299,0.09292401,-0.012639355,-0.0103376545,-0.004592787
-0.044590242,-0.032923076,-0.004607528,-0.046749696,0.011602972
-0.01142641,-0.015570947,0.0017457405,-0.034308285,-0.03107322
-0.0803839,-0.01536417,-0.03393689,0.015772896,-0.023988584
0.005799088,0.07449456,-0.1214936,-0.030052155,0.0047725076
0.008962529,0.08630881,-0.07925353,-0.022462863,-0.0063058417
0.014450684,0.043901563,-0.041065145,-0.038302835,0.045538075
-0.052458808,0.057914283,-0.080093,-0.045250382,0.10990452
0.0015300988,0.10703858,0.056261614,-0.0675888,-0.013226168
-0.056727823,0.16761525,0.20781057,0.008718609,-0.04148451
-0.055182375,0.0072215595,0.055659316,-0.036105506,-0.004544072
-0.07621244,-0.05636492,-0.07080238,0.008711751,-0.03360237
0.009254633,-0.062234696,-0.07379302,-0.03983481,-0.025097057
-0.12029594,-0.06481072,-0.059647243,0.032721438,0.05010664
-0.025694432,-0.08178496,-0.19398499,-0.11616925,-0.119727336
-0.11107718,-0.17412558,-0.19711304,-0.18468547,-0.15933597
-0.0010077052,-0.08484624,-0.16393642,-0.1495939,-0.10847372
-0.07231584,-0.11218184,-0.10816414,-0.13933896,-0.11514217
0.021357553,-0.017177243,-0.06946165,-0.0005426982,0.0955014
-0.039951924,0.10246631,-0.011788996,-0.0074004624,-0.0921497
0.045062736,-0.09838192,-0.06160545,-0.09639726,0.03793842
-0.06828992,-0.11400022,-0.079752065,-0.011293131,0.05830625
-0.02954076,-0.09763377,-0.07327605,0.053194467,0.0859468
-0.11190596,-0.09350376,-0.010133611,0.07927005,0.06303816
0.02242773,-0.026870102,0.025210511,-0.005486734,-0.030867318
-0.021858186,-0.03407738,0.009017953,-0.026520882,-0.012809004
-0.0028733378,-0.027197396,0.0011483409,-0.005676653,0.014226164
0.032219294,-0.027162535,0.024459505,-0.00094169745,-0.025643926
-0.020276798,0.011299305,0.0093026785,-0.0015274686,-0.022047175
0.0013247427,0.12397785,0.0048277443,-0.2064922,-0.10929429
-0.2033426,-0.06612233,-0.07335941,-0.15065144,-0.08311057
-0.07000232,-0.08241239,-0.05598165,-0.10245147,-0.0599856
-0.13025206,0.02382598,0.018323269,-0.043411557,0.040244516
-0.10259487,0.056009423,0.118613645,0.12633348,-0.021488253
0.016484478,-0.016362876,-0.029864402,-0.022558013,-0.0207802
0.044542037,0.008639159,0.019123428,0.006007147,-0.030126952
0.032273825,-0.0069535575,-0.011589003,0.036445845,-0.022780852
0.009070764,-0.038045336,0.022862852,0.017793464,-0.036764383
0.025047392,0.004914577,-0.023092521,0.038136248,0.019202173
-0.037149105,-0.06926839,0.093551174,-0.029425912,-0.047887728
-0.09374917,-0.06497677,0.20209213,0.03131052,-0.08580292
-0.0492887,-0.13070697,0.10991934,0.039700724,-0.06666162
-0.04247508,-0.03438914,0.02474269,-0.06153116,-0.0538242
-0.048691142,-0.08033983,0.02711358,0.023598893,-0.04596357
0.115995355,-0.018570015,-0.07396899,-0.04252305,0.034761306
0.02904909,-0.032048166,-0.052206025,-0.05470324,0.08501496
0.052711334,-0.04183793,-0.13144109,-0.025721159,0.07959056
-0.030547097,0.03148657,-0.1684885,-0.099036776,0.107205875
0.018155584,0.006601847,-0.048109345,-0.06450004,0.021259792
0.13907818,-0.02891624,-0.053563092,0.043196313,0.033835195
0.07847446,-0.009476599,-0.07393623,0.11354531,-0.009273256
0.15286687,-0.080892235,-0.020466296,0.07942977,0.20559077
0.073162295,0.037368312,-0.08145883,0.01847355,0.22338633
0.045701038,-0.037809063,-0.14300959,-0.007907534,0.16429745
0.05992881,0.074911095,-0.0881359,-0.09067083,-0.034812085
0.03873494,-0.0048446194,-0.14333722,-0.07836656,-0.017772118
0.02506566,-0.021802673,-0.04478171,-0.034255248,-0.008252993
-0.055237576,-0.0629172,-1.5772599e-05,0.008872446,0.113925554
-0.07490383,-0.105137825,-0.011962494,0.12501867,0.080875054
0.13273624,-0.000111934525,-0.24573435,-0.13743736,0.050392218
0.08939197,-0.05198827,-0.14627406,-0.0794248,-0.0073544895
0.13927734,-0.10219745,-0.06799202,-0.044064105,0.031297952
0.023091596,0.0074642696,-0.05832295,-0.020449042,0.106150545
-0.0387294,-0.057155564,0.064606294,0.087570384,0.16091624
0.18340412,0.02628695,-0.22840334,-0.18007278,-0.06845049
0.039098196,-0.0050331834,-0.19090651,-0.061760005,0.015679795
0.13771117,0.1054976,-0.14713824,0.055325493,-0.0065581934
-0.08140318,0.006604785,0.025720749,-0.023622204,0.015339156
-0.12072277,-0.09512228,-0.01186493,0.11985327,0.27416018
