-0.03816048,-0.062221453,-0.031787753,-0.091247484,-0.15268943
-0.021670282,0.19562854,0.27320176,0.13410705,0.015441794
0.19005792,0.22610061,-0.06520879,0.022300707,-0.19338569
-0.03850336,-0.09432016,0.11113478,0.19009313,0.05115706
-0.18003151,0.102316804,0.13759856,0.010079162,-0.022134947
0.019954618,0.09755336,0.09910923,0.04070138,-0.06799332
0.11731495,0.077610195,0.000615509,-0.11727682,-0.13980417
0.038474895,0.048432276,0.055891916,0.022132354,-0.10994718
-0.08092527,-0.14495736,-0.033450395,-0.092698276,-0.06953392
-0.16575652,-0.08994653,-0.073079474,-0.04611628,-0.020066272
-0.025597425,0.07937758,-0.008729798,-0.03473843,-0.024005603
0.07489185,0.015718868,-0.012027139,-0.10993899,-0.09004008
-0.0563769,0.011028795,-0.03884001,-0.06788808,-0.03999725
-0.050125558,-0.14991385,-0.052778598,-0.15205325,-0.046987917
0.108076155,0.04683523,-0.10097124,-0.12368181,-0.07704429
0.018157672,0.049953584,0.09232523,0.031708207,0.03447527
0.009291134,0.04515077,0.0841083,0.08608387,-0.014558327
0.00902554,0.009988962,0.011269075,-0.07174036,-0.05043725
-0.17850499,-0.016780479,-0.03992941,-0.080101684,-0.03511884
-0.10140703,-0.06296389,-0.1368484,-0.06753825,-0.06020662
-0.020456545,-0.01858595,0.018221196,-0.04456907,-0.061844237
0.045588877,0.04272077,0.0796909,-0.0034552661,-0.035633236
0.1432043,-0.050113793,-0.044346172,-0.057106774,-0.04316843
-0.05543107,-0.05829965,0.031232761,0.06336705,0.06361651
-0.07612699,0.09016971,0.064037725,0.04970694,0.06574184
0.047021344,-0.0130144805,0.005847403,0.008610968,-0.116955854
0.06889558,0.03264116,-0.030971088,-0.113405555,-0.15397713
0.16425653,0.10675352,0.08864314,0.043221526,0.103276044
-0.1798187,-0.110332645,0.05003207,-0.0047754254,0.010290116
-0.08762167,-0.036361903,0.028819712,-0.01863242,0.04263051
-0.04762535,-0.0064524347,-0.10259518,-0.04615718,-0.041872494
-0.10370446,-0.083108075,-0.05997893,-0.056363344,-0.06458836
-0.09540241,-0.08736548,-0.13450253,-0.0690641,-0.0009011821
0.012885301,-0.059804622,-0.0374066,-0.058262695,0.010381666
0.040563166,0.0055022584,-0.017900608,-0.06240995,0.01733152
-0.02188185,-0.012684771,-0.013537696,0.025692163,0.024398243
-0.033189442,0.034195535,-0.06933599,0.004606164,-0.013323428
-0.032139122,0.00025360307,-0.016162222,-0.055014163,-0.08180032
0.017239824,-0.048182476,-0.079593286,0.023715455,0.027305758
-0.0152107505,-0.09424918,-0.0635453,0.02179905,0.082187094
-0.03404019,0.0045770775,-0.027754854,-0.02885559,0.0027823625
-0.07298657,-0.055845592,-0.10191547,-0.073477834,-0.03387316
-0.060582124,-0.15153462,-0.03582854,-0.03521979,-0.041393284
-0.04383602,-0.04483485,-0.026124358,0.02963769,-0.063948445
-0.0072754915,0.0011548597,-0.010225626,-0.016920678,-0.021078309
0.008115579,0.003223649,-0.007068685,0.018784618,-0.02368442
-0.031565715,-0.03533671,-0.0031309465,0.08006838,-0.022159183
-0.07198408,0.01443207,0.033011988,0.015794497,-0.07558936
0.05916523,-0.04175255,-0.09787473,-0.049192376,-0.03973842
-0.097205505,-0.051534787,-0.0023114593,-0.038379945,0.04764297
-0.03240786,0.0019054377,-0.062349197,-0.025553897,-0.10520747
-0.040148407,-0.015032411,0.06930449,0.035525206,-0.07461289
-0.13223983,-0.062430874,-0.05955277,0.17965737,-0.10071877
-0.046294075,0.06377929,-0.031976886,0.09550608,0.0694704
0.1034392,0.12055018,0.009590062,-0.05935085,-0.065586165
-0.0017506925,0.038208455,0.058348756,0.011463892,-0.03721847
0.04289247,0.02051595,0.033944216,-0.06952082,-0.064411245
-0.0067144614,-0.02990141,0.0063493685,0.03049103,-0.0007548594
-0.061166316,-0.050207622,-0.013206077,-0.097568385,-0.00470676
-0.014748631,-0.020330433,-0.084859945,-0.09097947,-0.044774894
-0.008717787,0.0028617592,0.0049069426,0.07159337,0.009271286
-0.023575695,-0.007582187,0.062717944,0.17124031,0.06895656
-0.10485069,-0.03916466,-0.07710638,-0.008496575,0.028375182
-0.11733301,-0.10269569,-0.13968082,-0.04183613,-0.011867747
-0.003463463,-0.086753525,-0.12191907,-0.08205631,-0.0139388405
-0.03640001,0.044811003,0.03599533,-0.043203756,-0.07520546
-0.043123994,0.015681088,0.010027496,-0.0021086137,-0.020536384
-0.032836616,0.08979812,0.059316628,0.037331186,-0.0017385598
0.050796796,0.040136833,0.0283876,0.09331214,0.098369434
-0.026523778,0.07839914,0.08488507,-0.0020719625,0.023614967
-0.026867723,-0.007746999,-0.03847038,-0.05433099,-0.007902241
-0.09324985,-0.0782646,-0.013319219,-0.042730022,-0.011734654
0.05839324,0.06869041,-0.05766859,-0.059155077,0.05459688
-0.059129864,-0.04741674,0.06754951,0.024400713,0.09854427
0.014066915,0.00093692483,0.06821249,-0.05105014,-0.018810827
0.05178084,0.00068637746,-0.048118133,-0.05668075,-0.005676316
0.016901253,-0.015297533,-0.063035965,0.03407355,0.028406981
0.05414217,-0.057482935,-0.017013254,0.03616937,-0.015225588
-0.048704393,0.014281265,0.05936587,0.014649121,-0.029166594
-0.028042756,0.037123013,-0.030299952,-0.013301968,0.05866773
-0.014321897,0.031078849,0.024056576,0.0048693637,-0.040745758
0.05347874,0.0707045,0.011159151,-0.03176379,-0.031469036
0.0030218496,0.04106798,-0.037352975,-0.066310406,-0.03967994
-0.035053678,-0.046808563,-0.043367993,-0.019985085,-0.02486954
0.024795927,-0.0030098588,0.0063715633,0.008571158,-0.009702573
0.06874627,0.116798975,0.06518391,-0.030652486,-0.10083996
-0.04733287,-0.092155546,-0.1189815,-0.11588133,-0.20056076
-0.043627184,-0.12354797,-0.055806722,-0.11738203,-0.078379855
0.00951699,-0.010551563,0.059645303,-0.010050417,0.071818046
0.03947396,0.009553658,-0.00120339,0.17523329,0.18114683
0.02034133,-0.027242182,-0.10504487,-0.008489038,-0.002069975
-0.06048852,-0.07917621,-0.05291958,-0.011289518,-0.0018676186
-0.010849236,-0.09083441,-0.121629745,-0.083793394,-0.07697283
0.047871415,-0.07725048,-0.093106456,-0.016163977,-0.03534442
-0.005375527,-0.07244369,-0.08911109,-0.07517011,0.026954047
0.03675985,0.026218615,-0.08181474,-0.07247975,-0.12576239
-0.10258607,-0.03719841,-0.11096171,-0.03773076,-0.04394084
-0.061339594,-0.03268886,-0.09220718,-0.056934256,-0.12969917
0.04781792,-0.09027315,-0.12102737,-0.051347252,-0.029710643
-0.044152405,-0.17375638,-0.03486279,-0.108555995,0.08204589
