-0.028338177,-0.10751594,-0.19276606,-0.16244169,-0.076450676
-0.14525168,-0.13130613,-0.17645961,-0.04325589,-0.04153946
-0.13912955,-0.1155398,-0.13612619,0.03006181,-0.0063436963
-0.07329556,-0.14255749,-0.046488713,0.094789766,0.103279606
-0.03538829,-0.11556174,-0.001700912,0.081121586,0.12533592
-0.06169184,-0.095863126,-0.10096934,-0.061206993,-0.04464231
-0.085237205,-0.11537057,-0.09909529,-0.10623392,-0.061786734
0.04594844,0.011956971,-0.14734356,-0.13090216,-0.13705212
0.12506144,0.06471669,-0.0678778,-0.07758721,-0.05484392
-0.009480715,0.036768302,-0.01291143,-0.14689173,-0.08444691
0.041218393,-0.058168083,-0.061590053,-0.061955903,-0.012492508
0.0005849901,0.015879633,-0.023434088,-0.038592502,0.0045435075
0.12732162,0.12822211,-0.08120353,-0.10566879,-0.0034564314
0.036488324,0.15415284,-0.082453206,-0.044756547,-0.03934125
-0.04907798,0.1625448,0.094156116,-0.022244966,-0.056973428
0.011512011,-0.07122384,-0.01162692,0.05000667,-0.038459964
-0.031917397,-0.08373213,0.013254791,0.08027448,-0.04456343
0.03295577,-0.06492046,-0.07973646,-0.01859843,-0.009888667
0.06359895,-0.051147338,-0.007106561,0.02252584,0.018698752
0.018926805,-0.045360383,-0.114559166,-0.049388092,-0.07232333
0.022936787,-0.018307777,-0.088807024,-0.016982762,0.007520045
-0.07713629,-0.083945684,-0.05933709,0.013601824,0.057331733
-0.063380286,-0.0858854,-0.061450213,0.020291789,0.029745163
-0.072902754,-0.06497228,-0.0442184,-0.040147737,0.017712243
-0.017019965,-0.06366407,-0.09274428,-0.018538645,0.011230199
-0.041767463,-0.117494695,-0.13187973,-0.057217617,-0.039122213
0.032319106,-0.03944142,-0.13623866,-0.07136577,-0.10552683
0.18569587,0.022226045,-0.10534713,-0.097156286,-0.14208065
0.12502119,0.044476848,-0.05744659,-0.11102476,-0.048849598
-0.034929745,-0.015077326,-0.097598955,-0.1293004,-0.15364397
0.07330391,0.036959533,-0.104307786,0.066887826,0.03174886
0.13605623,-0.014969531,-0.049794365,0.044139713,-0.00014587589
0.1461113,-0.01918526,-0.09979184,-0.011646681,0.004372772
0.06853318,0.07205252,-0.037812933,0.03749282,0.014907216
-0.025694212,0.11431697,-0.09891588,-0.044442765,-0.059673067
-0.022634055,-0.028211275,-0.08686487,0.052368023,-0.027931478
-0.04856813,-0.023796624,-0.03964684,-0.013890172,0.027435442
-0.02394281,-0.057473417,-0.034519847,-0.042338517,0.0135739185
0.026565664,0.017305832,-0.008889425,0.030375673,0.031477626
-0.008902692,-0.01047814,-0.009156657,-0.06826496,0.0008221293
0.05669315,0.07036531,-0.01917067,-0.09142704,-0.027182793
0.012139138,0.038836617,-0.0022681253,-0.05922181,0.027325952
0.02257363,0.13335581,-0.02364749,-0.022548748,0.023721792
-0.09391956,0.12351074,0.087456234,-0.059098948,-0.028902765
-0.11396203,0.09469811,0.1378559,-0.028846608,-0.07777555
0.021495664,0.027751358,-0.12780598,-0.016016897,-0.0730587
0.04719865,-0.011058429,-0.04655944,0.04152714,-0.021499954
-0.021516493,-0.09190928,-0.089276806,0.077773914,0.0606931
-0.036978934,-0.037935805,-0.10918214,0.0686344,-0.020026177
-0.03352815,0.017351694,-0.05395982,0.02745616,0.0054822527
-0.10475982,0.009053136,0.027075179,-0.108829364,-0.07402226
-0.06695067,-0.07294141,0.005978642,0.0716,-0.09352276
-0.01417531,-0.15856728,-0.13363841,0.034699798,-0.015510553
0.03837978,-0.0757282,0.01868441,0.07166708,0.03203241
0.07716583,0.047426894,0.058820248,0.07888239,0.045411184
-0.028803663,-0.056417104,-0.06752941,0.0020186035,-0.02787486
0.00082813535,-0.019598873,-0.02793254,0.012762722,0.04379728
0.066113904,-0.017609715,-0.003997795,-0.053365182,-0.018757548
0.03307376,0.04414065,-0.050126046,-0.044640265,0.04870055
0.01852657,0.0068590036,0.052354176,-0.022874149,-0.057918645
0.015365147,-0.047721893,0.12061985,0.012028686,-0.018671395
0.001088735,-0.041157596,0.0069625126,0.0993788,-0.015058137
-0.02811834,-0.089590505,-0.04768406,0.07210341,0.00020069348
-0.0044493456,-0.056626435,-0.005302094,0.16393173,-0.01183796
0.01825385,-0.019045074,0.021893818,0.101060584,-0.00048157608
-0.0019158719,-0.037658468,0.052013323,0.05205307,-0.01708683
0.024808701,-0.0075767674,0.029847115,0.00012890801,-0.00012604483
-0.0014012008,-0.001993626,-0.06661032,-0.03953901,-0.01969671
0.04847379,0.023959717,-0.06764187,0.014283377,0.036770064
-0.023261286,-0.007727884,-0.021694906,0.022586545,-0.005834222
0.050866637,0.07358385,-0.0072933603,-0.048124615,0.010757378
0.06615639,0.011872649,-0.013771635,0.0068297964,0.017791132
0.024676118,0.05714687,-0.05071273,-0.11402654,-0.015516539
-0.020439463,0.10315083,0.027107654,-0.05463896,-0.0058185505
-0.027659098,0.08757179,0.056216355,-0.07348713,-0.013223679
-0.0046189674,-0.02553215,-0.047852457,-0.049654093,0.025653403
-0.01639105,-0.0354143,-0.029447807,-0.018761883,0.009722401
-0.095345184,-0.022545397,-0.058017645,0.0016800527,0.033578936
-0.017934764,0.0056424253,-0.018651847,0.007440373,-0.012139844
-0.054738842,-0.04722694,-7.913035e-06,0.053996913,-0.027319469
-0.024730133,0.004710292,-0.058301467,-0.011186606,0.031194177
-0.059845615,-0.06908304,-0.051113304,-0.044585798,-0.004659007
-0.059301723,-0.018688362,-0.0039009831,-0.043644827,0.03486608
-0.041815847,-0.06566763,-0.049504824,-0.05241657,0.011593612
0.03761545,0.0014012051,-0.045013096,-0.04594951,-0.007186256
-0.038085923,-0.10080989,-0.012953238,-0.0974663,-0.06197332
-0.11269508,-0.08069664,0.007727946,-0.16311705,-0.036330752
-0.011342072,-0.08024616,-0.017117782,-0.039554432,-0.092683725
-0.078027114,-0.15769677,-0.048842806,-0.06086615,-0.070276216
-0.13148145,-0.13694422,-0.1540328,-0.08380636,-0.04439932
0.06004986,0.0055976463,-0.05504947,-0.00064186327,0.004875419
0.06672786,0.033278827,-0.06407237,-0.05076878,-0.024254248
-0.0001980535,0.0031604872,-0.02579477,-0.06156994,-0.029481381
-0.03855975,0.048124652,-0.042801145,-0.056963436,-0.0033768169
0.014621959,0.110697314,0.021111846,-0.069832355,-0.0061084433
0.038521238,0.0639738,-0.11008452,-0.0885397,-0.03513921
0.02528555,0.016781108,-0.12231471,-0.038502168,0.022615666
-0.023545245,0.014988282,-0.034450423,0.031033661,0.018436367
-0.04213311,-0.014321927,-0.08568506,-0.026434653,0.0141326375
-0.0102308355,0.121586815,-0.11137573,-0.044427376,-0.06270806
