-0.018608507,0.09398054,0.2075268,0.15555336,-0.005685167
0.18626432,0.07676457,-0.0562664,-0.09265541,0.1010876
-0.15178815,0.09173589,0.18737777,0.29910907,0.19729125
-0.030602032,-0.08089999,-0.19442035,-0.053494807,0.006716575
-0.0432192,-0.07109211,-0.0018113661,-0.038823504,-0.08352068
-0.12719074,-0.10397429,-0.0722417,-0.10120245,-0.045688726
0.0061711567,-0.0711031,-0.1138545,0.005674775,-0.062274564
0.010291123,-0.061240803,-0.07183827,-0.1353435,-0.1671254
0.0089238165,0.03080639,0.15966608,0.10431408,0.03455733
0.07124417,0.10262507,0.20656762,0.12027465,-0.07387824
-0.08298991,-0.14547446,-0.08849199,-0.010164082,-0.021790631
-0.049023736,-0.16380985,-0.17297313,-0.0687708,-0.008730353
0.037137344,0.04622871,0.071285926,-0.08783359,-0.019258814
-0.00018286738,0.17024705,0.12108105,-0.08649929,-0.077215366
-0.067018874,-0.07617949,-0.120939724,-0.0690649,-0.15125373
-0.06473909,-0.065673806,-0.08510609,-0.075108536,-0.03917138
0.015701776,-0.08124134,-0.055358857,-0.0006402807,0.1249632
0.010719947,-0.033574555,0.033911254,0.04510002,-0.045557834
-0.04835842,-0.0318062,-0.017355755,-0.01993876,0.011764276
0.03353292,0.038357344,0.12796591,0.046250828,-0.04790415
6.333094e-05,0.107777715,0.113650866,0.022303972,-0.04846901
-0.009883512,0.064567,0.030808913,0.060211137,0.09975641
0.019634256,-0.009542204,-0.05090779,0.05854473,0.06354896
-0.11579712,-0.13760276,-0.102532156,-0.019261602,-0.058992617
-0.046717398,-0.004850668,0.11048469,0.01002358,-0.011963116
-0.05679809,-0.11971838,-0.13902514,-0.10378856,-0.029051857
-0.08124861,-0.09971702,-0.06289497,0.04734729,0.10913973
-0.042573947,-0.12227061,-0.14669804,-0.12650342,0.050681
0.025717745,0.13684364,0.20916536,0.18373354,0.029855767
0.04455766,0.06999745,0.15131684,0.026495319,-0.011390316
-0.013640257,-0.0917992,-0.057049986,-0.15271081,-0.09381186
-0.026203964,-0.040440638,-0.14305851,-0.09621322,-0.05430692
0.084749706,0.021571966,-0.06562137,-0.048545934,0.0466835
-0.00011262244,-0.13680248,-0.11704147,-0.05099897,0.014903423
-0.06234612,-0.07804167,0.0068648607,0.008846649,-0.055053875
-0.039762735,0.05251114,0.06931875,0.040776107,-0.05190731
0.06793717,0.08179007,0.02032377,0.025148699,-0.010328228
0.022366708,-0.022032656,-0.08478334,-0.011667273,-0.056202397
-0.05023233,-0.058944933,-0.03066972,0.0055496856,-0.029672038
-0.10922225,-0.051712755,0.010398004,0.023583438,-0.02555993
-0.0613614,-0.13258839,-0.09440719,-0.100240625,-0.037734706
-0.052689634,-0.013200778,-0.03259828,-0.0720102,-0.003476358
0.007951714,-0.04021755,-0.03494881,-0.13296133,-0.07947462
-0.06663786,-0.13627459,-0.088781,-0.06670274,-0.023640923
-0.07952672,-0.15929897,-0.115090646,-0.081257515,-0.008187855
0.00877587,0.053918943,0.028031284,0.02282593,-0.022123015
0.07640025,0.073904425,-0.05489012,-0.045106113,-0.010952805
0.08013878,0.05806397,-0.010744267,0.0027105312,0.060924787
-0.11375927,-0.04086343,-0.12836933,-0.03191979,0.027423808
-0.041702762,-0.09750412,-0.052597746,0.004073982,-0.07438047
-0.067251064,-0.11478609,-0.19425383,-0.24761726,-0.16160631
0.08282795,-0.12827061,-0.16679494,-0.1269101,-0.029571313
0.026956044,0.10638925,0.18275042,0.039917015,-0.062779576
0.0994737,-0.02765918,-0.15015402,-0.25311556,-0.19914137
0.15263395,0.18496692,0.08802922,-0.05091655,-0.17197089
-0.06835043,-0.047423974,-0.09216303,-0.009744659,-0.012080779
-0.016598077,-0.030225238,-0.045568265,0.017388172,-0.031421423
0.031859603,-0.003767527,-0.07763221,-0.05056668,-0.10302469
-0.02574349,0.006971752,0.037268475,0.029764803,-0.077009685
-0.015019951,0.03465143,0.09679922,0.022841047,-0.049587585
-0.11577246,-0.052222144,-0.105060026,-0.09546352,-0.14305235
0.07156565,-0.043891925,-0.034818772,0.013628962,0.014167963
0.002316822,0.0541517,0.1649537,0.0957528,0.05675437
-0.017588252,-0.08194046,-0.06981611,-0.1489061,-0.13205113
0.062350597,0.1472377,0.09784299,0.023993164,-0.08279675
0.043940503,0.014223265,-0.014917003,-0.004895299,-0.018616576
0.012223693,-0.03151479,0.012700179,-0.039687082,0.029074054
-0.04199523,-0.10429076,-0.040280998,0.028242879,0.0515145
0.097427845,0.004849911,-0.109743185,0.013414565,0.0067327116
0.0023866894,0.006972254,-0.065167665,-0.015093407,0.011150311
0.020745372,-0.0097856475,-0.12021944,-0.057186767,-0.041353952
0.016296647,-0.0834482,-0.15508626,-0.09800343,0.056205027
-0.0226371,-0.08894525,-0.10520161,-0.04581419,0.008643352
0.045411162,-0.011448501,-0.025904376,0.023609208,0.100658834
0.07742475,0.0114508625,0.0134393545,0.042819675,-0.018553386
-0.0725821,0.012641771,0.0960955,-0.061185572,0.006179289
-0.06257136,0.066400215,-0.08828504,-0.07573878,-0.008949002
0.07057238,-0.053199396,-0.12890255,-0.10639536,0.025374195
-0.11769219,-0.08396067,-0.029209046,0.09444391,0.07616343
-0.014653415,0.027952861,0.020290714,0.012960696,0.013138809
0.01211882,0.013217609,0.0059075993,0.0072661843,0.038757905
-0.013547436,-0.039094202,-0.0023473506,-0.03284902,-0.0038993086
-0.058642007,0.032761175,-0.059296813,-0.038969763,-0.016763551
-0.064810574,-0.04426662,-0.007209155,-0.029928792,-0.044600017
0.0010182173,0.030204788,0.04374155,-0.06896577,-0.02009745
0.019135498,-0.026991049,0.0036124394,-0.03678296,0.054788902
0.139525,0.039805945,0.10082799,0.065476164,0.04922123
-0.016295891,-0.11535866,-0.045249887,-0.13291273,-0.078717284
-0.033989403,-0.057112414,-0.06726318,-0.09023366,-0.06118528
0.055444628,-0.08755924,-0.15026093,-0.06689312,0.10328048
-0.08493473,-0.012181758,-0.0014519019,0.003019384,-0.04724575
-0.076516956,0.018638197,0.05007155,-0.09043228,-0.13469392
-0.0022050424,-0.041959725,-0.016200885,-0.13936943,-0.071968146
-0.08434397,-0.10340846,-0.117069334,-0.090143435,0.03429692
-0.037579138,-0.15992816,-0.04643592,-0.07140002,0.041339695
-0.12210037,0.024016775,0.026263772,0.08005016,-0.08237133
-0.060119208,0.055968177,0.015287603,-0.17148405,-0.13092622
-0.050131485,0.04924614,-0.10669049,-0.22737068,-0.076507114
-0.15270084,-0.12500022,-0.19728583,-0.15471587,-0.023626484
-0.19270337,-0.19270961,-0.12247402,-0.036926173,-0.07294326
