-0.018670447,-0.09714913,-0.0639337,0.040120866,0.06885535
-0.036397673,-0.12275676,-0.09014158,-0.077800006,-0.105146356
-0.15969859,-0.19252501,-0.0740726,-0.09090959,-0.07448161
-0.24321803,-0.12546052,-0.11478362,-0.04896926,-0.029966926
-0.10837769,0.0055674794,-0.06980617,-0.1112803,-0.058036838
-0.17941862,-0.071045,-0.10814547,-0.038086556,-0.052043777
-0.09516146,-0.029752089,-0.08738452,0.01690116,0.09362926
-0.022113383,0.050643995,-0.0285267,-0.016158957,0.12526646
0.03170222,-0.059779692,0.06433905,0.07211565,0.103672534
-0.19170067,-0.1832246,-0.06364167,-0.0027493404,-0.030417029
0.00063200673,-0.07389689,-0.047642432,0.045906067,0.07523984
0.113367245,-0.03302182,-0.027418356,0.020197097,0.0857564
0.19376786,0.12405516,-0.0067695417,-0.007952016,-0.016469995
0.04941291,0.12469287,0.06683117,0.03212145,-0.0054292274
-0.16138664,-0.055567097,-0.10102787,-0.11385544,-0.1102448
-0.09883513,-0.061853606,-0.057737026,-0.063005835,0.024249531
-0.036365177,0.010927143,-0.054425966,-0.01835825,0.055883758
-0.0016715834,-0.06429639,-0.03684465,-0.040068068,0.06137342
-0.052569203,-0.02881612,0.07259127,0.07853054,0.051970847
-0.031794135,0.013419903,-0.04036752,-0.048608206,0.044185262
-0.024632275,-0.12009921,-0.055884056,0.005431537,-0.03067455
-0.05295165,-0.12698404,-0.10375706,-0.012008988,-0.09183411
-0.07996552,-0.06991234,-0.0855985,0.005514907,-0.0040231347
-0.11958724,-0.093358286,-0.0013497104,0.00401054,0.008978664
-0.026471674,-0.018981742,-0.028508447,-0.082694516,0.009617017
-0.1253828,-0.113740295,-0.061280686,-0.002421192,0.08346867
-0.1165083,0.00977266,-0.037790626,0.035510905,0.18739597
0.0044992934,-0.018046666,-0.05582846,0.060537037,0.04028299
-0.0023721722,0.038657658,0.15263934,0.08826475,0.1275154
-0.12914543,-0.14329512,-0.11010035,-0.09675885,-0.11412287
0.042052507,-0.07517146,-0.022451447,0.01749421,0.0032171726
0.070066586,-0.06792768,-0.036586836,0.00518494,-0.07427633
0.048698187,-0.102499664,-0.05935433,-0.07748556,-0.026570056
-0.017417213,-0.08646017,-0.07020431,-0.09317247,-0.08991548
0.0008329594,-0.085973725,-0.034041822,-0.060555167,-0.118273675
-0.0712825,-0.011451517,-0.07216729,-0.0913031,0.03571009
-0.094576955,-0.04296217,-0.03863474,-0.021206535,-0.006219642
-0.006499795,-0.040994287,-0.028110366,0.040527254,0.011529814
-0.0708541,-0.06253631,-0.010811232,0.02079604,0.024149014
-0.03114423,-0.032194454,-0.02593272,-0.029490625,-0.002420431
0.1615819,-0.00042004118,-0.040071264,0.025872907,0.0017128469
0.11991412,0.014011963,-0.04033903,-0.0355399,0.04626001
0.08853323,-0.0092713935,-0.04611784,-0.048828747,0.04044288
0.106871754,-0.013346994,-0.013965295,-0.03521405,-0.020435384
0.01846504,-0.041772373,-0.038600076,-0.062297244,-0.081587374
0.068495445,-0.0421901,-0.00031875592,-0.020829387,-0.010538191
-0.036933236,-0.07907377,-0.04484862,-0.057145573,-0.07168473
-0.0340577,-0.10636923,-0.05256215,-0.0038021777,-0.017348181
-0.08739411,-0.056022897,-0.04746993,-0.08786519,-0.091660656
-0.0218619,-0.01858049,-0.040072232,-0.041733805,-0.043893978
-0.1329451,0.0146881575,0.12490015,0.16047496,0.049247857
0.009542713,0.088820815,0.09846393,0.04098308,-0.00091008627
-0.06341625,-0.0009192527,0.0069833347,-0.015888458,-0.026508769
-0.031346314,0.056799054,0.023765696,-0.024967195,0.042226527
0.010815568,-0.005583,0.015759228,-0.025604626,0.040699765
-0.0499056,-0.07808453,-0.029360853,-0.045890182,0.027757764
0.017042106,-0.035715166,-0.024192002,-0.014159786,-0.0034964029
-0.035979036,0.022751674,-0.02662166,-0.015504744,0.01304338
-0.0039162026,0.040666495,0.050421435,0.04642361,0.061743215
-0.05130653,-0.09091425,-0.010954258,-0.040863737,0.026155822
-0.05538787,0.03301607,0.047956694,0.04333222,0.04415705
-0.024568591,-0.036051873,-0.07486155,0.006629464,0.05657563
-0.03803236,-0.055310145,-0.05891007,-0.036616758,-0.019964134
-0.04143859,0.028623639,0.049505066,-0.02449323,0.0011140116
0.034075044,0.042769138,0.05681043,0.02532769,-0.0068783145
-0.0279117,0.049420245,-0.0550458,0.037011854,-0.029645622
-0.012076436,-0.047577832,0.039163623,0.02030318,0.029002875
-0.027759215,0.0139845135,0.0019849597,0.0069751567,0.0008433114
0.021752236,-0.041182294,-0.013604007,-0.019929245,-0.0348089
-0.028611897,-0.0025306488,-0.012850091,-0.016396962,-0.038319986
0.034627,-0.041665636,-0.045619916,-0.069975935,0.031968143
0.091303274,0.075504385,0.04968008,-0.026438834,-0.001239852
0.06788964,0.07050836,0.0776167,-0.058525845,-0.0691146
0.1441923,-0.017968131,-0.030716974,-0.065677054,-0.052594215
0.10362588,0.021665806,-0.025520993,-0.010785505,-0.051814932
0.047114767,-0.05219921,-0.0032122703,-0.03773339,-0.032407865
-0.017440561,-0.08226461,-0.010911111,-0.02063765,-0.029192671
-0.02470733,-0.045598596,-0.034641482,-0.010009994,-0.008093489
-0.049652517,-0.0075734467,0.02051736,-0.05254756,-0.0075422283
-0.06406148,-0.02832219,-0.042282593,-0.041486427,-0.030782748
0.030931788,-0.056681376,-0.0110313995,0.011713378,-0.023765367
0.012904177,-0.077187546,-0.044118416,0.012508447,-0.04330434
-0.01943719,0.006442148,0.009469869,-0.02878635,0.0074040885
0.010759002,0.027179405,0.006776046,0.0108825695,0.01962747
-0.06497062,-0.013277062,0.0072437,0.042549856,-0.028393356
-0.04549478,-0.08975856,-0.16387819,-0.009848557,-0.106721
0.06405003,-0.010034377,-0.057263516,-0.021541048,0.012088483
-0.12844245,-0.038417637,0.021818342,0.052044313,-0.0068781124
-0.09630616,0.03261428,0.0061451057,-0.012084546,-0.06413082
-0.012501815,-0.046798762,-0.011467966,-0.05131611,-0.112086646
0.13615379,-0.0645009,-0.084224805,0.0017509292,-0.013744733
0.14337638,-0.039379906,-0.0905324,-0.013455746,0.0003288415
0.07233847,-0.035884395,0.00343532,-0.0021659094,-0.06472579
0.06772603,-0.06457712,-0.1029925,-0.088734224,-0.13016355
-0.044815782,0.009113492,-0.064417176,-0.027637603,-0.07946636
0.12379982,-0.04133521,-0.089923054,0.018965572,-0.018702237
0.018110288,-0.11600988,-0.062043622,-0.05225891,-0.068976805
-0.018827196,-0.08062243,-0.04155458,-0.09919057,-0.108092815
-0.09224236,-0.0313689,-0.07615813,-0.12414513,-0.11338742
-0.02296346,-0.09168188,-0.022731643,-0.098274514,-0.1366025
