-0.15110286,-0.21499752,-0.19023834,-0.16620481,-0.16511163
-0.18188065,-0.21332471,-0.21195991,-0.22844686,-0.23130614
-0.22370577,-0.20907685,-0.17917076,-0.15137304,-0.20167102
-0.14726502,-0.16382916,-0.17198505,-0.16887274,-0.19483374
-0.19903582,-0.2027657,-0.22956437,-0.20166785,-0.21215762
-0.22571917,-0.22137436,-0.14879808,-0.18528986,-0.15208365
-0.16014054,-0.17098416,-0.22316413,-0.2039526,-0.17109452
-0.1768622,-0.22462998,-0.1447034,-0.15140095,-0.16994902
-0.21485823,-0.16752027,-0.16088371,-0.16780873,-0.21068893
-0.1871518,-0.22268961,-0.21133597,0.16158931,-0.15130618
-0.22072005,-0.17211533,-0.18724276,-0.19013716,-0.17598313
-0.22040406,-0.1670948,-0.15575357,-0.23034474,-0.16544661
-0.1927441,-0.17944425,-0.19728439,-0.17660473,-0.16256218
-0.20303348,-0.22693826,-0.19614717,-0.15746146,-0.22943258
-0.15484339,-0.18862213,-0.20867763,-0.18095031,-0.16529234
-0.22785273,-0.22594064,-0.23221934,-0.16106562,-0.23217624
-0.1599547,-0.16097446,-0.1783877,-0.14676635,-0.19556023
-0.18924445,-0.16891606,-0.21851829,-0.15052082,-0.20683758
-0.22436978,-0.17216408,-0.2064387,-0.14997292,-0.19435528
-0.15692021,-0.19926016,-0.21456355,-0.19758995,-0.19414254
0.20457861,0.19586052,0.16671479,-0.22225437,-0.23176874
0.23167485,0.1970179,-0.188165,-0.15386853,-0.17841847
-0.1805161,-0.21533082,-0.22004177,-0.22615522,-0.19036418
-0.19248536,-0.21613914,-0.15884577,-0.19174679,-0.17237177
-0.20156334,-0.20430124,-0.2106954,-0.19775844,-0.19959298
-0.21221194,-0.14700684,-0.1528753,-0.14578708,-0.14657624
-0.20410852,-0.1680766,-0.20530854,-0.14500202,-0.20127898
-0.22101691,-0.20979652,-0.18793921,-0.22579633,-0.1824753
-0.18752484,-0.2275715,-0.1507346,-0.20143855,-0.14648983
-0.19084917,-0.1588886,-0.14333248,-0.21847214,-0.16612378
-0.15641196,-0.1824591,-0.22880933,-0.2012179,-0.17625007
-0.22166678,-0.1473606,-0.21373984,-0.20538986,0.20731138
-0.229939,-0.16034733,-0.18847334,-0.1818538,-0.22658946
-0.22625104,-0.22040404,0.14298066,-0.14633645,-0.20256197
-0.17778155,-0.18319032,-0.20956703,-0.2225015,-0.22395991
-0.17207435,-0.1973598,-0.16618627,-0.15685228,-0.19112839
-0.18348536,-0.19405612,-0.22168101,-0.15453395,-0.22244722
-0.19262473,-0.14357392,-0.20281103,-0.17764468,-0.15803847
-0.2191994,-0.1792838,-0.20568216,-0.21443321,-0.22740674
-0.16081968,-0.20609652,0.22650243,0.23088802,-0.18603538
-0.15083487,-0.19823502,-0.1620182,-0.19018182,-0.2176614
-0.21025167,-0.21615057,-0.17578803,-0.18870416,-0.15236335
-0.1762573,-0.19777799,-0.19337754,0.21649967,-0.2115834
-0.14352839,-0.19051008,0.19653124,0.22900245,0.14820571
-0.15739976,-0.15123414,-0.15059114,-0.17205511,-0.20155315
-0.21808405,-0.15483811,-0.17708671,-0.15311548,0.21495235
-0.21165578,-0.15787663,-0.18393654,-0.22865674,-0.18375827
-0.20994751,-0.20403889,-0.20318104,0.14593737,0.15783267
-0.15096322,-0.2114782,-0.19602048,-0.19387151,-0.15204416
0.2098642,-0.20652889,-0.18549716,-0.20774643,-0.18393663
-0.21026011,-0.21352877,-0.19972886,-0.22129138,-0.20660533
-0.17157327,-0.1955067,-0.22381125,-0.21798468,-0.21443264
-0.16023883,-0.21831349,-0.19062954,-0.16238709,-0.22819802
-0.17940941,-0.17046699,-0.14756165,-0.17037278,-0.20224471
-0.14345872,-0.19296727,-0.18856941,-0.17384905,0.15402158
0.03736698,0.012567748,0.030857144,0.012966058,-0.037381325
0.018075887,-0.0034486158,0.03188753,0.017034976,0.0077384366
0.0187367,0.029068297,0.0140731465,0.038377672,0.04283871
-0.035342347,-0.030889617,-0.03394907,-0.034991927,0.023541206
0.029579427,0.002838108,-0.008378218,-0.040054027,-0.043116324
-0.17645617,-0.17684677,-0.17180291,-0.19038357,-0.17629717
-0.17626148,-0.20691279,-0.15040624,-0.1899401,-0.18822761
-0.21650198,-0.15470976,-0.1483752,-0.17756988,-0.21623172
-0.21407232,-0.23134774,-0.1911448,-0.16590361,-0.21242146
-0.21039592,-0.2137,-0.17964901,-0.165823,-0.22097094
-0.022974527,0.018126016,0.032734457,0.028528843,-0.01057559
-0.0043202885,-0.026440505,0.013783502,0.034019697,-0.0026671202
-0.030182311,0.043511152,0.01803104,0.0156526,0.03924957
-0.012764544,-0.0024914464,0.009671328,0.034978356,0.02070497
-0.0056926357,0.03462714,0.0014500016,-0.0197173,0.0016148849
-0.14359717,-0.22808766,-0.14875887,0.15325224,-0.21553828
-0.2267166,-0.15804203,-0.1799963,-0.21764089,-0.20453131
-0.15712813,-0.14478682,-0.18568927,-0.17579252,-0.20397662
-0.16956833,-0.17490873,-0.22652772,-0.14665586,-0.15425536
-0.15190478,-0.18130055,-0.19811189,-0.15426484,-0.21962519
-0.22641622,-0.18477908,-0.17272872,-0.17746569,-0.18329005
-0.17735438,-0.19415192,-0.21434252,-0.22774628,-0.19728068
-0.16708806,-0.2079161,0.16753046,-0.1960931,-0.15031382
-0.16284505,-0.20927721,-0.19075917,-0.23051666,-0.17600864
-0.20815372,-0.16955264,0.19704503,-0.18309443,-0.18716912
-0.15628743,-0.18588476,-0.16225907,-0.16712438,-0.18342863
-0.19056173,-0.22251838,-0.18718334,-0.22759812,-0.19294418
-0.21247754,-0.14884423,-0.21895687,-0.21541294,-0.16877276
-0.22094198,-0.19957711,-0.21141466,-0.18387483,-0.15928733
-0.14301512,-0.1904328,-0.21777706,-0.18496752,-0.17591617
-0.17586188,-0.15480204,-0.20418301,-0.14659478,-0.22510502
-0.16425954,-0.21197994,-0.22108069,-0.14954673,-0.15339874
-0.17958786,-0.18713117,-0.2124985,-0.21471262,-0.18928383
-0.18991321,0.22878294,-0.17734046,-0.20186941,-0.16473037
-0.21662487,-0.1741825,-0.16044967,0.1766702,-0.17589796
-0.22349474,-0.14710355,-0.15026344,-0.15026817,-0.17594564
-0.15747029,-0.15687539,-0.19053535,-0.18500288,-0.22646669
-0.16791035,-0.18719526,-0.21618904,-0.15650141,-0.19481637
-0.18663652,-0.19116439,-0.14512989,-0.16242206,-0.14343414
-0.2288862,-0.22559318,-0.1737999,-0.19978294,-0.22867826
-0.1805889,-0.20485927,-0.19636092,-0.1581737,-0.19390738
-0.14841542,-0.19908905,-0.19383194,-0.15012638,-0.22203083
-0.17816816,-0.2078303,-0.21465962,-0.21944067,-0.14756384
-0.21654321,-0.1455463,-0.21966586,-0.14942649,-0.22695127
-0.22873881,-0.14914556,-0.16865297,0.2160283,0.14538257
