-0.1028311,-0.16640243,-0.03806025,-0.0857161,-0.27544966
0.05308195,-0.00652609,0.11635351,0.010886777,-0.042881865
0.117189825,-0.12906706,-0.047177006,0.21430081,0.019714447
0.03847597,0.097437605,-0.045863327,0.091205485,0.082020186
0.009594133,-0.14621069,-0.31518534,-0.017773448,0.036918398
-0.14516167,-0.060744274,0.10440358,-0.019647714,0.08826102
-0.031714052,-0.20004593,0.040626463,0.09452273,0.09488855
0.08478694,-0.10867417,-0.034557924,0.14717558,0.01382673
0.041136693,-0.14544447,-0.020737423,0.30552885,0.04277689
0.13037346,-0.016608898,-0.13118537,0.16436206,0.040262375
0.09561058,-0.11773045,-0.16286394,-0.07504246,-0.0108727105
0.1367707,-0.05030882,-0.064779766,-0.17400512,0.06673599
-0.023593972,-0.08192389,-0.102181405,-0.07805457,0.13902645
0.045680802,0.04894449,-0.19714582,-0.29569048,-0.05733172
0.012366159,-0.029626423,-0.23834306,-0.13899507,-0.08281078
0.052042216,0.017227475,0.015315488,-0.0436024,-0.12437325
0.051316436,0.054638747,0.05916825,0.058843978,0.060722407
0.029159248,0.057973918,0.018036027,-0.08458094,-0.11934201
0.023059787,-0.041066807,-0.10549092,-0.27582446,-0.18277396
0.046638243,-0.17380245,0.011943059,-0.06294169,-0.15834142
-0.023608023,0.019157479,-0.020016026,-0.02961411,-0.05753309
-0.026613168,-0.06638874,-0.031551313,-0.055287205,-0.09853211
-0.02437371,-0.0061613396,-0.018665776,-0.055249,-0.011660003
-0.011925584,-0.006676005,-0.050492868,-0.12121365,-0.11162067
0.018174946,0.08090161,0.071289815,-0.031818483,-0.04543984
0.016678294,-0.05038797,-0.111101754,-0.010715652,0.22536637
0.08131339,-0.002579589,-0.013100521,-0.046997588,0.040737376
0.07545129,-0.021551484,-0.1506299,-0.13169265,-0.12164093
0.05810476,-0.0445526,-0.18159737,-0.1261113,-0.031124389
0.073743,0.08050963,0.06724721,-0.061472088,-0.040767644
-0.015565574,-0.05542059,0.05839034,-0.030240377,0.015704555
0.026436524,-0.030140057,0.037069194,-0.011556876,0.032793656
0.038983356,0.029378297,0.003184101,0.056674846,0.014396574
-0.023176175,-0.04644455,-0.087811135,0.059202824,0.028363694
0.010142612,0.016632486,-0.018152751,-0.0011514293,-0.01254523
-0.011904503,0.034579236,0.05674862,0.064359084,-0.08722977
-0.08203862,-0.023440909,0.05568963,-0.033753302,0.015753215
-0.018733468,-0.027450252,0.071116515,0.11222742,0.038333766
-0.06398595,-0.1374731,0.024746303,0.13681628,0.0043013836
0.05038185,-0.03707711,-0.0027489632,0.037388925,-0.017925987
-0.031797554,-0.13318865,-0.07672835,-0.082453,-0.022675043
-0.005446478,-0.088184126,-0.15518802,-0.17505844,-0.02172032
0.08557689,-0.012493292,-0.16888906,-0.108834386,-0.1236513
0.007795655,0.06130628,-0.0091472985,-0.027104361,-0.049128693
0.13379648,0.17523187,0.20948483,0.05113947,-0.012776676
0.0015156596,-0.020092621,-0.1577247,-0.06481296,-0.12954032
0.094041385,0.08259215,-0.20988446,-0.19724211,-0.07466936
0.10965539,0.04438884,-0.18892246,-0.2348748,-0.14834172
0.07245307,-0.00014777298,-0.10017285,-0.13242011,-0.09257233
0.12925012,-0.010578558,-0.047233663,-0.071782686,0.041397486
-0.009844293,-0.034409884,-0.059496216,-0.021267952,0.098296665
0.04401195,-0.00068472,0.0064465506,0.05443994,0.08818821
0.08958508,-0.0740837,-0.07436792,-0.072533295,-0.16958362
-0.041768175,-0.06358213,-0.14585593,-0.16973193,-0.07585026
0.040658806,0.058078848,0.038938068,-0.11713591,-0.12142243
-0.021635083,0.04258578,-0.018844074,-0.029377045,-0.015699744
0.0041161403,0.017994475,0.032905288,0.032313336,0.0046009445
0.04082207,0.023916004,0.02401455,-0.038152087,0.0036677157
-0.009379892,-0.042575482,-0.021643773,0.035163864,0.016333507
0.041466363,0.030185388,0.00039250686,0.04232668,0.008837117
-0.031945396,-0.10642137,-0.06587323,0.017276805,0.124828555
-0.018761838,-0.18553188,0.026521482,0.23714235,0.12795419
0.08292794,-0.059780456,-0.14247754,0.036180016,0.15503132
0.09687354,-0.052702222,-0.2753447,-0.09613449,0.24183969
0.082566395,-0.045403898,-0.10623607,-0.13586184,0.18864243
-0.025492415,0.0009478248,0.040526822,0.017748827,-0.009395607
0.02758595,0.026350256,-0.04031535,-0.0049869567,-0.03520246
-0.0096380245,-0.005392313,-0.01788978,-0.016345233,0.0241712
-0.001327335,-0.044492528,0.007685047,-0.04398015,-0.030679127
0.027334401,0.034198385,-0.015862096,-0.027159508,0.020238511
-0.092225894,-0.025662633,-0.0826503,0.08989591,0.03255637
0.03144837,-0.031245608,-0.0953453,0.11050577,0.09332783
0.010237043,0.04349723,-0.109725855,0.009717197,0.118574746
-0.062102247,0.07223975,-0.070306085,-0.112970196,0.12903306
0.042165846,0.11046417,-0.033800736,-0.046913743,0.049088117
-0.015595332,-0.019257186,0.016802898,-0.06956821,-0.19417158
0.008695729,0.12353728,0.0644509,-0.16907717,-0.15113562
0.008972681,0.09500433,0.20525359,0.052780923,-0.056766864
0.073146835,0.054086205,0.31416297,0.2815917,-0.05621892
0.043155547,-0.11035335,0.043153666,0.25439337,-0.053439297
0.06389098,0.085532896,-0.003452025,0.005635586,0.024171522
-0.05291966,0.05203588,0.054331634,0.057642724,-0.08647679
-0.050933823,-0.05443515,0.06459251,-0.081745796,-0.1985432
-0.07714492,-0.18492447,0.113704465,-0.07047607,-0.23890086
-0.054775033,-0.11734843,0.14531985,-0.061751653,-0.2297811
-0.030660285,-0.08185898,-0.028934533,0.033064947,0.1283045
-0.0091056,0.012676748,-0.009022654,0.09934615,0.07133595
0.061685156,-0.051728312,-0.0833367,-0.050134778,-0.026018586
-0.010093572,-0.095544904,-0.22042735,-0.04211789,0.03157112
-0.007549029,0.026675142,-0.033479713,-0.019020732,0.09017689
0.0030999822,-0.061883092,0.012829244,0.054956697,0.2383843
-0.024828723,-0.0022432685,0.09175189,0.10496859,-0.048561405
0.045227557,-0.061159447,-0.02425454,-0.16304341,-0.14213489
0.040365756,-0.19823536,-0.23177029,-0.11897576,-0.13178031
0.006290101,-0.075086795,0.023579782,-0.01942495,-0.15973042
0.106071286,0.04879917,-0.06278085,0.039827175,0.20363225
0.04915993,-0.107717,-0.008630483,0.073087566,0.15885183
-0.02683894,-0.025769316,-0.0745887,-0.19990955,0.05494535
0.05839313,-0.09596794,-0.24747553,-0.25221205,0.002324289
-0.021493796,-0.13478692,-0.15053396,-0.23020877,0.029522773
