-0.13528943,-0.19462417,-0.18912481,-0.124148294,-0.21779034
-0.119337045,-0.15609801,-0.17760025,-0.11645684,-0.17352888
-0.14819787,-0.17778577,-0.15565178,-0.1773449,-0.18049178
-0.20383318,-0.19715568,-0.12403805,-0.14010422,-0.24319713
-0.10475207,-0.17808037,-0.17826144,-0.12322569,-0.1439405
-0.17616183,-0.1932682,-0.16539487,-0.2053775,-0.18274993
-0.18537503,-0.16503765,-0.111746944,-0.17318706,-0.20016374
-0.2365011,-0.2073192,-0.13297634,-0.13555652,-0.21090165
-0.16480309,-0.11120345,-0.121833965,-0.14899161,-0.23256254
-0.13256365,-0.14283219,-0.10780246,-0.15139244,-0.14795454
-0.20298608,-0.11949669,-0.14914788,-0.116980836,-0.12114742
-0.17601429,-0.20617172,-0.18074615,-0.18135048,-0.13578118
-0.13275461,-0.14693123,-0.16322078,-0.17036034,-0.16523364
-0.15171015,-0.20634665,-0.20905982,-0.10633004,-0.23501365
-0.23003021,-0.13980415,-0.10896772,-0.1349212,-0.19157529
-0.19680898,-0.10570552,-0.122865245,-0.11644322,-0.21218655
-0.18110155,-0.22839399,-0.19030151,-0.110870466,-0.22273238
-0.11024861,-0.14070363,-0.20860426,-0.20389497,-0.21361157
-0.16985825,-0.21037221,-0.12101964,-0.18138112,-0.22949979
-0.20518208,-0.114913404,-0.12887533,-0.20104477,-0.24978028
-0.2054124,-0.23640972,-0.24445888,-0.20006806,-0.1682526
-0.16526589,-0.2330696,-0.19653416,-0.11446542,-0.16965249
-0.19382524,-0.23463869,-0.19026187,-0.09640331,-0.15510792
-0.18715726,-0.21152313,-0.20449835,-0.14648165,-0.10625855
-0.25624344,-0.24651538,-0.17798752,-0.18962939,-0.17000598
-0.19503483,-0.17560047,-0.16393901,-0.11251737,-0.21814585
-0.16497631,-0.20431599,-0.13076685,-0.16947433,-0.23855934
-0.18890892,-0.20165572,-0.16934548,-0.20189217,-0.16114403
-0.18036117,-0.16562147,-0.1745161,-0.22923274,-0.1487483
-0.19074975,-0.19050863,-0.1065881,-0.20311466,-0.22691555
-0.24057487,-0.04019523,-0.17931274,0.027939098,-0.2838546
-0.26310295,0.1861253,0.15281592,0.21871027,0.15286025
-0.2052912,-0.21825208,0.18150602,0.16022591,-0.20750171
-0.14653413,-0.2539314,-0.13779418,-0.08275367,-0.23622257
-0.19815096,-0.092205495,-0.13577297,-0.011616912,-0.09254543
-0.1578383,-0.12713756,-0.18116258,-0.1779645,-0.24217084
-0.11141361,-0.14659485,-0.1867183,-0.15005666,-0.2249399
-0.20326348,-0.19339621,-0.17571962,-0.14503324,-0.23400246
-0.13379827,-0.18577567,-0.14759406,-0.110225745,-0.1656388
-0.12615524,-0.110176556,-0.11017589,-0.14389645,-0.19305322
-0.18184078,-0.06841993,-0.01592952,-0.0440323,-0.111546196
-0.21019365,-0.17162302,-0.12424206,0.022294123,-0.027390366
0.20387575,-0.17370455,-0.20991985,0.2441785,0.035165463
-0.2780885,-0.1430408,-0.22382487,0.21549463,0.18312536
-0.17182419,-0.21186253,-0.20284778,0.2087732,0.20757368
-0.115412295,-0.24795826,-0.16982637,-0.15021594,-0.09740748
-0.103030115,-0.12476661,-0.09766214,-0.18145296,-0.1870264
-0.14918067,-0.093631886,-0.12542279,-0.17973903,-0.21824263
-0.1037755,-0.16801564,-0.24519764,-0.1702003,-0.23463535
-0.17073543,-0.24230322,-0.20092487,-0.23962928,-0.22990622
-0.17256014,-0.14298268,-0.19887939,-0.16782326,-0.2102954
-0.14046913,-0.16617687,-0.13155891,-0.17261459,-0.18592672
-0.1489322,-0.23002847,-0.18173504,-0.23579781,-0.21702759
-0.124521874,-0.1851166,-0.11639842,-0.22673263,-0.16457646
-0.17110483,-0.16402197,-0.16835247,-0.24701881,-0.13600954
-0.00014326538,0.04374781,0.030172443,0.038904637,0.013158216
0.023499249,0.0418764,0.036718007,-0.034363844,-0.01002782
-0.043132182,0.0016918462,-0.015795125,0.03881441,0.007070682
0.00049219787,-0.032349307,-0.035094235,0.007040209,-0.022221243
-0.020538395,0.031369105,-0.023314081,-0.019905694,0.0343374
-0.14534622,-0.18157972,-0.13616453,-0.12230784,-0.18994582
-0.1450108,-0.13998926,-0.1471013,-0.10154275,-0.24259147
-0.18235432,-0.23076183,-0.18063687,-0.115095794,-0.17176658
-0.14267223,-0.18442938,-0.1805921,-0.18458942,-0.13395588
-0.10503531,-0.15012947,-0.11296897,-0.1287512,-0.13822867
-0.028513085,0.042562146,0.0204842,0.0069149737,0.031631604
-0.038425814,0.009636734,-0.021051625,-0.004541347,0.014652194
0.01980695,0.01025937,-0.03461223,-0.027988084,0.0007808611
-0.007745351,-0.03743242,0.04405798,0.0056251963,-0.03177677
0.019614162,0.019431394,-0.021938764,0.022425268,-0.027742604
-0.1896532,-0.16476506,-0.11200334,-0.1252401,-0.16547748
-0.15195146,-0.20258594,-0.13321516,-0.15725061,-0.14489107
-0.2377385,-0.17904878,-0.1854447,-0.1818754,-0.17845541
-0.1628144,-0.19707835,-0.24569708,-0.1658117,-0.13955091
-0.15560149,-0.21870784,-0.22276585,-0.15305866,-0.20743541
-0.21303411,-0.18280382,-0.12617664,-0.119204946,-0.20728883
-0.23971677,-0.15056033,-0.18998131,-0.1327242,-0.21128914
-0.22776113,-0.1832682,-0.13615178,-0.12324243,-0.16508567
-0.22107084,-0.19218773,-0.15619594,-0.24275224,-0.23371384
-0.11917899,-0.231291,-0.1216938,-0.1404552,-0.19037619
-0.112769656,-0.12025286,-0.18850465,-0.18236834,-0.22501437
-0.16660362,-0.2144881,-0.18415055,-0.1744561,-0.17267889
-0.161719,-0.15484144,-0.18277535,-0.17822991,-0.23482688
-0.2311858,-0.11710996,-0.14408126,-0.22534992,-0.2353211
-0.1810777,-0.11996264,-0.20083459,-0.17242296,-0.16935639
-0.117741175,-0.1337142,-0.17072557,-0.18775246,-0.1645698
-0.1715182,-0.13359642,-0.110299855,-0.11841144,-0.2710126
-0.119226724,-0.2879914,-0.16255513,-0.21105063,-0.23530856
-0.15118656,-0.16509835,-0.10627124,-0.17364907,-0.2205699
-0.16630098,-0.13642932,-0.15749831,-0.2423424,-0.1543339
-0.112944916,-0.17571032,-0.14773548,-0.16449971,-0.24905448
-0.1491433,-0.14324972,-0.14918333,-0.17247745,-0.18995339
-0.11849782,-0.19523264,-0.20038342,-0.11810123,-0.23963048
-0.12959076,-0.13066085,-0.15938382,-0.20721534,-0.2431449
-0.19164217,-0.15214017,-0.1306985,-0.21854042,-0.19162007
-0.1717676,-0.1616626,-0.10672364,-0.18663195,-0.20338519
-0.10457783,-0.10438086,-0.12447383,-0.18286768,-0.20446414
-0.15226406,-0.21980669,-0.10756015,-0.22016983,-0.2418328
-0.17650726,-0.11411818,-0.1377238,-0.097876176,-0.19904804
-0.18158755,-0.12589175,-0.09554833,-0.17837927,-0.13152723
