-0.10496317,-0.06326006,0.11376573,0.09632894,0.09193606
-0.04630076,0.018886426,0.16557941,-0.027146248,0.021583837
-0.2680675,-0.13648285,-0.075177416,-0.13536303,0.07688822
-0.27382922,-0.14954022,0.11629194,0.08070375,0.0063200505
-0.0463086,-0.11138205,0.08333205,-0.00990975,-0.09833881
-0.11729734,-0.08352436,-0.09980846,-0.06667806,0.047259632
-0.12549491,-0.11289418,-0.028931702,-0.0039139343,-0.04622347
-0.12901196,-0.13138933,-0.044615325,0.12395396,0.026914414
0.12452331,-0.111812904,-0.14393039,-0.07553521,-0.026052363
0.19557731,0.08223091,-0.026108647,-0.12909685,-0.008228019
0.008000524,-0.14670911,-0.016632382,-0.021624144,-0.03732731
-0.087494366,-0.060148403,0.025806952,0.030230131,-0.12027191
0.03958362,-0.140405,-0.015604696,0.11229836,0.017285656
0.13197903,0.11196077,-0.13875036,-0.058794692,0.02284097
0.0891399,0.29427606,0.04948304,-0.008969792,-0.00784867
-0.119035594,-0.037562367,0.07749132,0.06955488,-0.0032263352
-0.023598539,-0.06290356,-0.027395813,-0.014644698,0.01714616
-0.09141633,-0.074039035,0.022384647,-0.023950461,0.02219341
-0.02321711,-0.123698086,-0.008154455,0.03656685,-0.0175499
0.037204295,-0.11736286,-0.0787196,-0.053638313,-0.015391118
-0.10504606,0.0094229365,0.041052822,0.08357859,-0.010706645
-0.080820054,0.03966975,0.0028338565,0.0073903496,0.0047543035
-0.11085065,-0.08556375,-0.026935907,-0.0006415067,0.041566063
-0.11337225,-0.023395572,-0.06993928,0.054090545,0.0007325036
-0.061464477,-0.10721741,-0.028153058,-0.08123503,-0.12325017
-0.029249422,-0.052474935,-0.049984444,0.033914115,0.029964076
-0.039874956,-0.046216417,-0.045902323,-0.05215992,0.04077391
0.056182083,-0.05341195,0.041191284,0.11488925,0.07749782
0.08295354,-0.048150875,-0.15944776,-0.113800034,-0.053914573
0.09676108,0.0040955734,-0.071979016,-0.1482252,-0.10419904
-0.01486881,-0.103540264,-0.04771954,-0.028601347,0.008602848
-0.016159642,-0.099991456,0.051849753,0.00080243597,-0.022928583
-0.020169215,-0.08981073,0.04022032,-0.04381421,0.015068508
0.09771494,-0.026535308,0.012842698,-0.044874486,-0.038164582
0.1375928,0.02274244,-0.083584964,-0.11253207,-0.03215152
-0.0425659,-0.003603691,-0.04425953,0.022451557,-0.05080327
-0.041545592,-0.041822255,0.002847672,-0.046528548,-0.008513922
-0.0012288492,-0.056873098,-0.004335609,-0.029849634,0.06419806
0.00018615004,-0.06861307,-0.016830165,-0.0123489965,0.03984177
0.007957764,0.0034774553,0.03672607,-0.09121178,-0.020458326
0.05397801,-0.102824315,-0.08842766,-0.01472595,-0.04928306
0.025280891,-0.09463267,-0.09312155,0.06298373,-0.042118672
0.064871214,0.0561338,-0.106187314,0.0008639483,-0.014936768
0.008420661,0.004978248,-0.060582682,-0.009936749,-0.049426917
-0.07354588,0.07356841,-0.02368554,-0.074796274,-0.054154392
0.0030967204,-0.08236935,0.03365404,0.06853148,0.015694147
-0.02509128,-0.012199778,0.0634847,-0.048040435,-0.0075600543
-0.036115583,-0.038007922,-0.074300565,-0.01931479,0.039425213
-0.08969263,-0.0919073,-0.018961078,0.018522713,-0.017013572
-0.02533752,-0.08054051,-0.05055597,-0.012926419,-0.0717511
-0.11687112,-0.017068299,-0.0073354756,0.012847054,0.05272354
-0.08387772,-0.09314382,0.03761163,-0.028341148,0.14824861
-0.019013848,0.08233285,0.02497247,-0.06322874,0.081831254
0.04637288,-0.10160383,0.32024062,0.00459617,0.028722966
0.08376449,0.045072027,0.19667695,0.023944516,0.046230394
-0.038636733,-0.099933915,0.0031213365,0.012321206,0.017012022
-0.123770654,-0.09300711,0.010094431,0.0058540856,-0.05225203
-0.012027169,-0.120544404,-0.036515802,0.036773395,0.05172892
0.04510896,-0.0293848,-0.031008141,-0.01697495,0.0005120413
0.1053212,0.12901022,-0.06786716,-0.07641114,0.018485513
-0.036962267,0.013823478,0.04996835,-0.040277448,0.06497036
-0.10211179,-0.0554479,-0.049656086,0.0077356235,0.098748
-0.016148891,-0.13662794,-0.079281576,-0.15790085,0.01848683
-0.042623445,-0.05866418,0.09421278,-0.04200245,-0.011882434
-0.035441253,-0.07438853,-0.0070493226,-0.02695727,0.0079695145
0.016004404,0.019233424,-0.020090893,-0.028284296,0.025598016
0.044574693,0.022578318,0.06911371,-0.00039755393,0.07060496
0.043588296,-0.041668322,0.090028234,-0.08419711,-0.03681386
0.025004031,-0.030315751,0.04365231,0.014075872,-0.023416243
0.0015009366,-0.024194833,-0.020510437,-0.015457877,-0.009672995
0.055521175,-0.1206075,-0.015730731,-0.07301236,0.060476087
-0.017143277,-0.065466374,-0.050665077,-0.0473172,-0.011913959
0.029952163,-0.0025743505,-0.021538684,0.0076858834,-0.04740863
0.093847804,0.010098816,0.02822684,0.108846545,0.08812328
-0.040800214,0.09378888,0.013597887,-0.0014356632,-0.003023359
-0.046119876,-0.045594066,-0.092426084,-0.038496558,0.019585606
-0.033929832,-0.042290855,0.06532295,0.013731993,-0.032787558
-0.07923679,-0.02478974,-0.025764657,0.021680275,0.0120108
-0.030393068,0.059826996,0.02951758,-0.039662212,0.0018093422
-0.06262633,-0.0024495285,0.06249416,-0.038236998,-0.10480541
-0.0018432259,-0.014457375,0.0026014792,0.02464469,0.004964355
-0.007784027,-0.036600642,-0.0016141697,-0.019343466,0.022000404
-0.06656257,-0.026980361,0.0009299948,0.012573533,0.06855796
-0.029320374,-0.051846474,-0.026210943,-0.072770506,-0.013866428
0.031763375,-0.0018478418,-0.053266216,-0.01727995,-0.06487781
-0.050408058,0.04731043,0.073336296,-0.03709214,0.011362282
-0.0027000725,-0.06352605,-0.12091843,-0.0039393483,0.027960407
-0.0069799074,-0.07074667,0.038981326,0.01853056,0.04053229
-0.03007169,-0.17827383,-0.0063364557,0.014063618,-0.041232076
-0.1904945,-0.16015005,-0.076852925,-0.036478322,0.0438531
0.029736957,-0.088844754,-0.05170008,0.03179427,0.013358777
-0.051700078,-0.117572926,-0.07928393,0.041701283,0.009990991
-0.061279815,-0.07990464,-0.06738798,-0.061418723,0.014394506
-0.02276645,-0.08250753,-0.06994832,-0.04106064,0.0076312264
0.020085603,0.037154358,-0.02296549,-0.0768694,-0.08693176
-0.027051566,-0.123216935,6.0231225e-05,-0.004870566,-0.04902032
-0.010767336,-0.09834311,-0.06815032,-0.030177597,-0.073142335
-0.08534607,-0.058858365,-0.04362778,-0.0024683115,-0.03405226
-0.02381946,-0.1321727,-0.13155034,-0.12470824,-0.030381884
0.13347286,-0.020411221,-0.14963374,-0.16869384,-0.11237349
