0.080126405,0.17665689,0.028623696,0.11269325,-0.04949456
0.18370146,-0.109866776,-0.17581746,-0.15744442,-0.17477703
-0.16834362,-0.07500859,-0.0032033385,0.018821927,-0.14189057
-0.0030170025,0.04435911,-0.009219574,-0.06987366,-0.035283133
-0.031584185,0.051805634,-0.10418038,-0.049704045,-0.0030814065
-0.09137734,-0.10166088,-0.06670063,0.024235222,0.07613241
-0.026384516,-0.026722288,-0.07898714,-0.07085569,-0.08826862
-0.044724196,0.04830343,-0.0709451,-0.16843535,-0.04664819
-0.08989591,-0.14294885,-0.13461487,-0.059171453,-0.008841366
-0.03783437,0.06583477,0.11281424,0.03535244,0.03251587
-0.1403202,-0.12444693,-0.11897122,-0.048387554,0.0015675179
0.010369683,0.029551525,0.10323688,-0.040505953,0.00017728028
0.13096404,-0.091830626,-0.0439197,-0.10380375,-0.07611415
-0.03168801,-0.07632313,0.011924829,-0.06875875,-0.0113923745
0.07698571,0.06617723,0.06348163,-0.05258937,-0.014858585
-0.05112423,0.033713315,0.067153625,0.10098551,0.027233671
-0.12011388,-0.035474915,-0.08280471,-0.051383026,-0.09138272
-0.009057968,-0.06387606,-0.14069192,-0.047861412,-0.10348469
-0.04534685,-0.044113,-0.12390389,-0.018399088,-0.016017577
-0.034110583,-0.04808705,-0.05430509,-0.0069193593,0.0036186029
0.04169648,-0.04204596,-0.019291056,-0.012451588,-0.043640207
0.037238475,-0.110138156,-0.15933146,-0.098993056,-0.058955193
-0.06475527,-0.023491858,-0.024019564,-0.05832139,-0.01760405
0.100557216,0.04397842,0.010753111,0.030944588,-0.005638717
-0.03625541,0.010968178,-0.018516028,-0.014366151,-0.02680739
-0.04606654,-0.044181444,-0.054505873,-0.010149655,0.03407386
-0.029996848,0.025985235,-0.019716019,-0.11649961,-0.10563704
0.13488755,0.14022733,-0.039799035,-0.09418274,-0.07983029
-0.043550674,-0.11694937,-0.11093346,-0.061909992,0.024681741
0.021331597,0.074064575,-0.038492404,-0.054699503,-0.06141484
-0.073833175,-0.08433055,-0.12473926,-0.058243398,0.014925632
-0.10682279,-0.02196167,0.024534648,-0.051624395,0.009259822
-0.087942526,0.07574538,0.14924963,0.009966937,-0.008997372
-0.045856014,-0.01389086,0.013502206,-0.043391746,-0.007688237
-0.09973127,-0.048398703,-0.022897849,-0.04843343,0.015636481
-0.020686893,-0.006212678,-0.02986779,-0.019720942,0.032416787
0.01858848,0.0073203836,-0.05936079,-0.10711454,-0.08639928
-0.019560825,0.016057082,-0.058323186,-0.011408968,-0.040761985
-0.019029422,0.01861465,-0.105807066,-0.018489152,0.02316739
-0.008042466,0.0106820995,-0.00785776,0.015334451,0.024467062
0.012106713,-0.12712762,-0.08786946,-0.046472754,0.021112818
0.06694968,-0.04832556,-0.0090850545,0.016696053,0.011047014
0.104577795,-0.030202208,0.033715557,-0.011789396,-0.027069762
-0.022387613,-0.033586055,0.051844466,0.0060208584,-0.016615653
-0.013069661,-0.057762284,0.0028670013,-0.09594279,-0.029991843
0.03828669,0.01262761,-0.0119092725,0.042174984,-0.028202705
0.023320166,-0.05613598,-0.052851837,-0.06219783,-0.067932405
-0.066241056,0.0034771645,-0.029923068,-0.023735235,0.0064627714
-0.017038234,0.018547785,0.036763936,-0.03876325,0.029050773
-0.03312216,0.026900524,-0.066128336,-0.0033330962,0.021981759
-0.10424827,-0.017486606,0.052574065,0.0944088,0.03752882
-0.14412516,0.026270885,0.03842928,0.060969196,0.080870815
0.07703921,0.057811797,0.08200433,0.05208013,-0.07111558
-0.021627756,0.08080064,-0.10580923,-0.031167923,-0.04304176
0.026659565,-0.0013343308,-0.13039756,0.020334505,0.030564684
-0.116643265,-0.066814154,0.0037138853,0.021128848,-0.038293585
-0.066488646,-0.047372423,-0.025683284,0.0106049115,0.009949492
-0.025640367,-0.079527356,-0.09263262,-0.08388237,-0.022433281
-0.044508792,-0.045750942,-0.09331092,-0.051497493,-0.052469064
-0.03728581,-0.025510749,-0.02648899,0.03525569,-0.015152333
-0.10010801,0.02091599,0.103151165,0.10343586,0.019599523
-0.1364344,-0.0649261,0.036210906,0.09911304,0.036866676
-0.0095150545,-0.08956034,-0.11073585,0.041453585,-0.037457522
-0.05931396,-0.10177924,-0.15041432,-0.03489635,0.034721356
0.020335328,-0.08169976,-0.13457079,-0.120861165,-0.056509417
-0.04016729,-0.01940791,0.022101577,0.0103798695,-0.051433563
0.10676213,0.041804716,0.019711385,-0.051425297,-0.015062537
0.057825055,0.06529035,0.057899494,0.045337077,0.032616522
0.036328856,0.11164082,0.059572145,-0.04061143,0.0051880707
0.0054537626,-0.025973774,-0.04549597,-0.016911006,-0.025368728
-0.04232648,-0.029543836,-0.11847102,-0.07346233,-0.010993567
-0.049835,-0.021292869,0.032267477,-0.0025261594,-0.013448841
0.017460482,0.12472529,0.11521036,0.06825255,-0.056604598
0.06271655,-0.0059011257,-0.028479027,-0.07861382,-0.053424224
-0.057183947,-0.005931472,-0.006558247,-0.045783255,-0.040465325
-0.010864695,-0.025954986,-0.026993793,-0.0036609198,-0.000510056
0.015225055,0.021231294,0.037491754,-0.034526527,0.0015095688
-0.07979168,-0.03259056,-0.065796316,-0.0031867195,-0.015289155
0.061586812,-0.047298066,-0.0022314843,-0.09145519,-0.019591477
-0.04132821,0.024828743,-0.072662994,-0.03923478,0.0726369
0.029881047,0.004818784,-0.040660057,-0.0121515235,-0.0059765787
-0.036367994,-0.08329233,-0.05658263,-0.039062016,-0.050229806
-0.06553632,-0.07094634,-0.03790904,-0.04171853,-0.013066556
0.031568788,-0.04975442,-0.015049287,0.014593547,0.0155308265
-0.011449843,-0.022383915,-0.031656437,-0.05688817,0.026707595
0.050759546,-0.027264914,0.053034604,-0.043353904,-0.08436254
-0.040101953,-0.0068696947,-0.18775223,-0.14584558,-0.026639177
0.13342276,-0.032001942,-0.13899642,-0.08728897,-0.050086517
-0.05326329,-0.05357177,0.06871755,0.1221289,0.032817356
-0.021781232,0.07473444,0.06674979,0.100520805,-0.042707488
0.0006964584,0.0053026327,-0.10793671,-0.04244886,-0.050202046
0.03716508,-0.15695287,-0.13754244,-0.014740596,0.026443988
-0.012776611,-0.10906854,0.013140818,0.019001797,-0.013905603
-0.029828789,-0.03471159,0.045070272,-0.008471179,0.027391158
-0.095149085,-0.042050585,0.032975238,-0.02300593,-0.039974753
-0.013493137,-0.07354546,-0.09970738,0.003462359,-0.045021504
0.09684131,-0.16781661,-0.1336149,-0.069105916,-0.041472267
-0.118088685,-0.1728495,-0.004118779,-0.053201195,0.034529395
-0.16619846,0.059405655,0.116468705,-0.07089081,-0.028367495
-0.08451025,0.050171528,0.015078315,-0.10829057,-0.05559108
