-0.22978829,-0.19662984,0.06846344,-0.041839425,-0.07810274
-0.16066258,-0.29135147,-0.15726602,-0.0021592146,-0.1924233
-0.021171607,-0.10484399,-0.124946706,-0.16644658,-0.23855492
0.056235395,0.10255252,0.3480523,0.2728532,-0.019117989
0.07227765,0.10928248,0.22875418,0.12047589,-0.09084293
0.03396597,-0.005300836,-0.102956474,-0.096398346,-0.14133772
0.018495124,-0.08143872,-0.078193255,-0.054520782,-0.031204382
-0.10093849,-0.067510314,-0.004145773,0.058088955,0.02150584
-0.06691853,-0.0982101,-0.08729813,-0.16336818,-0.24964382
-0.004050213,0.01912322,0.018437402,-0.004062416,0.0124189155
0.011644874,0.0021554255,-0.1118086,-0.20823714,-0.10060566
-0.035397485,0.065956354,0.12064595,0.025484478,0.08591804
-0.1416345,0.05663443,0.30713263,0.19730774,0.031040817
-0.035744864,-0.06784404,-0.1827913,-0.19472526,-0.16619173
0.088463694,0.18885058,-0.117793836,-0.23481055,-0.012199992
0.017894005,0.0018139887,-0.09713665,-0.07212754,-0.14914192
0.052141033,-0.05165509,-0.05319614,-0.1210766,-0.033619396
0.058046576,0.09538873,0.100439265,-0.0044127833,-0.08148788
-0.0065667527,0.03172849,0.050132073,-0.06898446,-0.009836568
0.023532247,0.0030999326,-0.13212104,-0.086284794,-0.07009718
-0.115640335,0.02293707,0.22367056,-0.00017811972,-0.012128711
-0.13745314,-0.15828042,-0.016788429,-0.06724333,-0.16107248
-0.0035950511,-0.05218365,-0.17686029,-0.12067737,-0.16221374
0.03268161,0.112002894,0.20590933,0.07366912,0.083707444
0.02234271,0.0662984,0.13504592,-0.094368,0.016021024
-0.0005887876,-0.004982665,-0.045366656,-0.13973922,-0.14158171
-0.13188516,-0.085219786,-0.1301631,-0.0012241118,-0.008654562
-0.2002678,-0.11421258,0.026511949,0.23307753,0.10573548
-0.12299821,-0.089448355,-0.061701037,-0.12621035,-0.1318351
-0.0021746652,0.054654866,0.04701402,-0.051193815,0.018946597
-0.024072714,0.06727442,-0.06158279,-0.07289935,-0.14253463
0.010327069,0.045557167,0.11786174,0.038789578,-0.06775293
-0.042607892,0.016366323,0.006700798,0.04641669,-0.0067789834
-0.128069,-0.10070521,-0.04574906,0.04211309,0.11086351
-0.10940595,-0.062458884,-0.16774555,-0.10715839,0.17797424
0.00034761868,0.0075051505,0.05026381,0.019412547,-0.030432172
0.038787123,0.01925409,0.03778478,-0.07287842,-0.050089207
-0.015989369,-0.04110053,-0.11347671,-0.12243202,-0.060067326
0.012328781,-0.07115159,-0.11511097,-0.085833095,-0.05601884
-0.032500215,0.017117241,0.01803742,-0.031694964,0.03639341
-0.031251527,0.08233138,0.0037373332,-0.12064766,-0.11519224
-0.09331499,0.011745428,0.14292766,0.05703462,0.026462696
-0.13202198,-0.027370656,0.08926678,0.11901478,0.077607505
-0.06562226,-0.06449941,-0.16278954,-0.08548721,0.027651018
-0.03184744,0.012220925,-0.12153172,-0.18539874,-0.050753374
-0.04692261,-0.06901069,-0.016183142,0.10697904,-0.071404174
-0.06440314,-0.008783415,0.06946679,0.009309827,-0.11089984
-0.019622074,-0.072944224,-0.039335717,-0.051914055,-0.111371785
0.039008435,-0.04784605,0.020872578,-0.015831219,-0.04064333
-0.026794001,0.017248983,-0.012353183,0.015785133,0.026365643
0.039613377,-0.08241708,-0.11469472,-0.26225394,-0.095308706
-0.020869419,-0.031217726,-0.013708979,-0.04520352,-0.021068918
0.026415156,0.14765358,0.20558463,0.05189534,0.14434355
0.02247995,0.03571614,0.34449646,0.17729051,0.03970066
0.113840535,-0.042077124,-0.007162199,-0.036425956,-0.13715984
0.008479136,0.048128594,-0.026418712,-0.12994689,-0.09310584
-0.0038301668,0.030524727,-0.023188699,0.027663397,-0.034868516
-0.0116002895,0.0035428277,0.10614727,0.036048144,-0.06773735
-0.072409414,-0.07219871,-0.10446519,-0.10889276,-0.17093165
-0.03679266,-0.00040666008,-0.053598076,-0.11131156,-0.18005997
0.07139977,-0.036147285,-0.06047677,-0.06038187,-0.07638245
0.016910065,0.02501991,-0.025747703,-0.016905038,0.044771776
0.13339506,0.03604814,0.01690013,-0.04138082,0.013878499
0.03161662,0.036401693,0.037445832,-0.007003557,0.05678758
0.09952898,0.06368262,-0.13394348,-0.12440597,-0.03625031
-0.048660647,-0.036022797,-0.06730484,-0.014260838,-0.06160092
-0.09321122,-0.054967668,-0.104508184,-0.018890323,0.00795843
-0.08589116,-0.014850954,-0.09680187,-0.16753969,-0.032254037
0.00091403205,-0.032456867,0.0030159047,0.018343847,0.0628325
-0.06282419,-0.027347222,0.04044296,-0.05066529,-0.0046703084
-0.091392584,-0.02552063,0.0030633702,-0.14919735,-0.08051128
-0.08922157,-0.032216687,-0.09969556,-0.06096641,-0.009979009
-0.08659086,0.021788927,0.052415986,-0.0020522785,0.031787723
-0.12391874,-0.027086254,0.014121583,0.23222792,0.12046074
-0.008915715,0.07490222,-0.09182737,-0.15143812,-0.09619704
-0.052404758,0.07494533,0.14260809,0.08607018,0.0013931625
-0.051790506,-0.06710915,-0.018755492,-0.03730472,-0.08129254
-0.071833745,-0.11754187,-0.16093294,-0.008939744,-0.07565346
0.05800247,0.084894195,0.020315202,-0.08460936,-0.014858071
0.06966189,0.06856489,0.17018315,-0.016211761,0.03924627
0.0040571247,-0.001130119,0.046767864,-0.01640059,0.0061760754
0.0055000875,0.009327536,0.039138697,-0.052267417,-0.07867902
0.04314973,0.02296182,0.006384759,-0.07976748,-0.08144028
0.04012048,0.090444304,0.11382889,-0.008028658,-0.07005213
-0.019240884,0.01475919,0.04071178,-0.048841733,-0.020767542
-0.057729524,-0.14784577,-0.10706276,-0.055837598,0.061218586
-0.16924937,-0.21909027,-0.098107554,-0.07908381,-0.052752666
-0.14790937,-0.2984943,-0.25773105,-0.1859331,-0.013136079
-0.1633814,-0.24981774,-0.23664445,-0.11984758,0.007108282
-0.12857151,-0.0925979,0.00269732,0.09218405,0.21195184
-0.06519348,-0.011984104,-0.01440931,0.020931643,-0.065625966
-0.1589765,-0.029017588,0.09499974,0.038332734,-0.109884225
-0.06913321,-0.044389695,-0.06584181,-0.08179604,-0.032696433
-0.02944429,-0.07614296,-0.0887881,0.1106724,0.11850477
-0.031964045,-0.056278218,0.018541958,-0.015254158,0.0030429424
-0.073349245,0.037273515,-0.02159713,0.03735257,0.01839302
-0.05416935,0.02469528,0.21383893,0.099501885,-0.122474104
-0.18672109,-0.08621392,-0.06326626,0.0062891915,-0.122981615
-0.010093424,-0.18698348,-0.15296033,0.039337542,0.014313321
-0.010473838,-0.026926165,-0.037568565,0.027622195,0.06835059
