-0.068838745,-0.018161323,0.25966594,-0.059491422,-0.4914177
0.054201704,0.14949913,-0.073352784,-0.28145015,-0.13124095
-0.022301199,-0.28356218,-0.1591891,-0.027025094,-0.08927238
-0.25039983,-0.07413528,0.10385505,-0.04405014,-0.13352841
0.10364052,0.08162539,0.003057453,-0.028625956,-0.13150598
0.054585826,-0.017814005,-0.14932227,-0.05998065,0.050244235
-0.09820613,-0.09749872,-0.081649974,0.06193301,0.06555165
-0.14525793,-0.0026846535,0.13123304,0.10096666,-0.022055825
-0.0709469,0.07171375,0.11003,-0.08029217,-0.24443905
-0.123542905,-0.22210349,-0.25031105,-0.16255064,-0.09727765
0.043684002,-0.05267351,0.11041733,0.044228714,-0.072743535
-0.06187693,0.010502007,-0.00026677077,0.10544105,-0.040477075
-0.037376124,0.24943097,0.044999138,-0.08930606,-0.2143296
0.1094654,0.02662461,-0.0045193876,-0.1933161,-0.077080525
-0.17113556,-0.19871132,-0.26841953,-0.12309422,-0.08247574
0.039785907,0.06591978,-0.069296084,-0.10433392,-0.11088183
-0.022905735,-0.054886185,-0.065633155,-0.09849755,0.020756893
-0.104025155,-0.05063657,0.047158543,0.048160043,0.11583949
-0.095804095,0.047656797,0.09666249,-0.014650427,-0.011723331
-0.050385475,-0.046790577,-0.03695659,-0.06496732,-0.05907656
-0.1330301,0.086198114,0.17044242,-0.14239724,-0.16089101
-0.0062806257,-0.012502493,-0.17308298,-0.042235415,-0.04478544
-0.11714742,-0.14648816,-0.03912793,0.05719535,-0.13404529
-0.15738797,0.050219424,0.066089846,-0.014274026,-0.11699107
0.032877326,0.048325118,0.062232006,-0.068703055,-0.03692273
-0.048039902,0.07653501,0.016135227,-0.20148234,-0.1293711
-0.049246676,-0.09948183,-0.08221427,-0.054507356,-0.07537506
-0.2885149,-0.0003974072,0.1275267,-0.08601211,-0.37316886
0.14403357,0.23075835,0.100646995,-0.31096983,-0.24159007
-0.05523016,-0.1716866,-0.15906496,-0.18557718,-0.15578294
0.044421148,0.063657284,0.13283627,-0.01572884,-0.100502595
0.085484505,0.14627315,-0.07657555,-0.036266398,-0.002477718
-0.043154113,0.04260821,-0.1980788,-0.047498066,0.00074583647
-0.123530865,-0.06858966,-0.16130702,-0.057358038,-0.056001212
-0.07179364,-0.017981967,-0.085529625,-0.038349826,-0.038733035
0.050802242,-0.09100272,-0.0038922818,-0.034090556,-0.086825736
-0.0057288953,-0.025709163,-0.031112079,0.002945832,0.16811867
-0.09094426,-0.106373556,-0.020970702,0.077062964,0.19818035
-0.07931926,-0.03686002,0.071995124,0.02480714,-0.021034878
-0.074852236,-0.06088174,-0.06387154,-0.011906808,0.015591334
-0.035131376,0.059405193,0.033369742,0.13734944,0.028070757
0.0015852248,0.063186325,0.0013619644,0.07207754,-0.07017833
-0.06711645,0.039601173,0.028488073,-0.098660246,-0.0967631
-0.012242633,-0.026782162,-0.15950134,-0.14852323,-0.07510321
-0.08992167,-0.15605958,-0.108618796,-0.10801636,-0.025847001
-0.08400167,-0.021439165,0.06426324,0.08804161,-0.15660055
0.0042263577,-0.0015749368,0.10620275,-0.054098,-0.0076281074
-0.10156326,-0.011848567,-0.064386666,-0.03174226,0.04793362
-0.19369316,-0.09532684,-0.041802216,0.077613264,-0.024863012
-0.020702783,0.011591943,-0.039751932,0.00517148,-0.07187783
0.10043105,0.07863269,0.014625273,0.0114339935,-0.19051251
0.08059801,0.088677645,-0.04607083,-0.20031716,-0.061170664
0.08100561,-0.048626684,-0.0007813724,0.116678394,-0.15638904
0.077164575,0.13392153,-0.04142457,-0.14292544,-0.115238994
-0.08794164,-0.09631538,-0.09102691,-0.03443946,0.008045887
-0.027677923,0.011212147,-0.032516483,0.02755089,-0.038284622
-0.044342645,-0.07124736,-0.033332728,0.067317076,0.030833006
-0.031544857,0.023180781,0.110845864,0.06873878,-0.031551998
-0.012602018,0.036423072,0.073772825,0.036040436,-0.072744355
-0.011585458,-0.087542176,-0.0992257,-0.044751253,0.015104429
-0.03402105,-0.050327446,-0.018363524,0.0045215026,-0.009946478
-0.01705827,-0.045957632,-0.05950064,-0.045958377,-0.09663259
-0.02430889,-0.08828049,-0.08254106,0.005697287,-0.040534556
-0.04070093,0.019707277,0.054568447,-0.05798602,-0.068138205
-0.06970525,0.0062432503,-0.0014573663,-0.010534147,0.023742218
-0.0034845793,-0.032144453,-0.055702113,0.04698067,-0.047018845
-0.035598062,0.009537553,0.037556633,-0.032812856,-0.07515064
-0.03731212,0.018718814,-0.1267633,-0.049436007,0.00265092
-0.031004202,-0.0671348,-0.062348828,-0.049003717,-0.072663724
0.017965136,0.04222332,0.000937775,0.0071214424,0.0341832
-0.03219494,0.018435115,0.18821754,0.042579293,-0.12170079
0.025994198,0.07811183,-0.02454213,-0.12034593,-0.06839891
-0.06489798,-0.07649978,-0.1250521,-0.051900774,-0.014342681
-0.017339699,0.10127258,0.048066907,-0.1317057,-0.078572534
0.1196634,0.096446715,0.03614576,-0.0181932,-0.024562001
-0.05293264,0.04785251,0.20728706,-0.0024851672,-0.051365275
0.018565096,0.053852342,-0.02857655,-0.12822104,-0.036215745
0.0033331716,-0.09249866,-0.09251223,-0.09072061,-0.011441786
-0.0866378,-0.0797997,0.0098725995,0.007466159,0.008389469
-0.016817052,0.019238641,0.048361655,-0.026534697,-0.028456433
0.045293584,-0.011925953,-0.047066525,-0.013939766,-0.015471436
-0.021888109,-0.030484406,-0.03719603,-0.03737894,0.024555836
-0.031469043,-0.06873482,-0.009117109,0.025344899,-0.010441552
-0.050947323,0.04009917,0.027060196,0.049262535,0.027699614
-0.010843783,0.018723505,-0.010507553,0.03404971,0.051631656
-0.20440356,-0.13392869,-0.06153059,-0.043101646,0.26470372
-0.20663387,-0.07931636,-0.038480524,0.4271158,0.26549348
-0.16736747,-0.0042289924,0.07840005,0.18036035,-0.12744243
0.04582161,-0.06124676,-0.2017821,-0.10680669,-0.10282278
-0.36977103,-0.2529509,-0.07138149,0.04246905,0.006109191
-0.078335725,-0.0058696833,0.2089816,0.13442013,-0.016171925
-0.04736536,0.075468704,0.051161546,-0.063036315,-0.092764564
-0.16572902,-0.042682692,-0.14523582,-0.06440692,0.053971775
-0.17906648,-0.12071439,-0.08302659,-0.0890883,-0.049994458
-0.04663462,-0.0073707122,0.022145795,-0.04368183,-0.065727435
-0.105573304,-0.0850879,0.22188622,0.19494157,-0.1819074
-0.0153834475,0.010245768,0.18812597,-0.0064120074,-0.10353125
-0.104639575,-0.06396297,-0.11553659,-0.13033152,0.01837937
-0.24899825,-0.2004556,-0.17242578,-0.02439231,-0.008467004
-0.14286187,-0.045406666,-0.0068766903,-0.03584532,-0.07570288
