0.0525004,0.17538494,0.12743755,-0.1230177,-0.038508106
0.041540924,0.1953586,0.06563236,0.0011245833,0.052119717
-0.1478129,-0.23631348,0.07861834,0.18278019,-0.130471
-0.2835765,-0.12862931,0.28916344,0.12975639,-0.011685801
-0.14981683,-0.1311894,-0.12952307,0.040614963,-0.16946507
0.049602855,-0.08600344,-0.09193552,-0.06773378,-0.14935948
-0.14374751,-0.20606777,-0.11633354,-0.112955,-0.20787531
0.026527997,-0.21202694,-0.17991,-0.14961588,-0.12190867
-0.034657113,-0.18223195,-0.2571757,-0.2299923,-0.119757906
0.16783455,0.1329236,0.1667308,0.13914701,-0.056252737
-0.004537779,-0.086006634,-0.09933096,-0.1304256,-0.070580855
-0.069164954,-0.06619593,-0.10432489,-0.10757599,-0.09407013
-0.13706687,-0.076227024,-0.056576066,-0.09713582,-0.05481876
0.074160255,0.10393588,-0.020051045,-0.038555704,-0.02166274
0.088839866,0.3385793,0.12879984,-0.019475998,0.019182486
0.07667269,0.017236983,-0.043904617,0.0055175973,-0.021440918
-0.12870559,-0.18216637,0.03100076,0.049736746,-0.047662
-0.098847754,-0.13506281,0.01698131,-0.014225949,-0.08174361
-0.023731567,-0.16306038,-0.069959685,0.01718031,-0.012718759
0.07758886,-0.10540262,-0.11494051,-0.112127654,0.042502657
0.087141424,0.17644334,0.041767146,0.06004402,0.01592675
-0.016923603,0.043760817,-0.031235488,0.11459831,0.0023740134
-0.03224388,-0.14865427,0.0358437,0.08817899,-0.10202234
-0.18767905,-0.09982998,-0.041070893,0.0071779434,0.0507933
-0.03360492,-0.101175144,-0.012064895,-0.0038654285,-0.09799791
0.014269187,-0.08414052,-0.15523662,-0.15379527,-0.1580951
-0.17738442,-0.11586153,-0.08260932,-0.15978839,-0.0919331
-0.10298115,-0.17581512,-0.14058128,-0.17068088,-0.15604362
-0.100828595,-0.15755807,-0.12841736,-0.1457065,-0.13157111
0.20989715,0.12677985,0.23440793,0.13808006,-0.12967215
-0.04146296,0.05634499,-0.02211113,0.13247001,0.07879633
-0.059404835,0.0003363619,-0.009615494,0.09169033,0.06273794
-0.08231944,-0.002238039,-0.05001186,0.10017421,0.050605692
0.01192542,-0.0036258793,-0.111500196,0.025921362,-0.06724008
0.028623987,0.029839087,-0.06327717,0.0004199253,-0.07077986
-0.042458422,-0.018992009,-0.007299764,0.009764014,0.020752434
-0.038180616,-0.08988928,-0.04109371,0.048922494,0.026171777
-0.021800013,-0.019634787,-0.03555373,0.030026063,0.0027047556
-0.06427429,-0.08494408,-0.050850973,-0.1090735,0.029756881
-0.053287745,-0.05301388,-0.037145365,-0.0014273257,0.028600615
0.00588671,0.061534338,0.060646422,-0.052045237,0.101013355
-0.081138834,-0.041200858,-0.028670274,0.028767588,0.05675675
-0.048806004,0.0047138515,-0.0592383,-0.013225117,0.04489625
0.04098938,-0.010998567,-0.037130926,-0.09983561,-0.032360036
-0.09701521,-0.037979215,0.011971688,-0.07716622,-0.02248075
-0.074839026,0.07191432,-0.03478631,0.09609471,0.06870222
0.034248155,0.07399822,-0.04739828,0.086449414,0.05629094
-0.015562164,-0.05238395,0.06328812,0.19446844,0.055800185
-0.08237233,-0.12888081,-0.032053612,0.087916926,0.019981612
-0.089351594,-0.14120717,-0.19401035,-0.07728092,-0.045552887
0.09178954,0.24870495,-0.09391348,-0.09895715,-0.04671676
-0.1223886,0.028628305,0.07061911,-0.05378235,-0.067072526
-0.24983512,-0.13370922,0.07462873,0.09631104,-0.06776977
-0.15590109,0.17308034,0.33034423,0.05584682,0.005296839
0.06999629,-0.10537613,-0.0447867,-0.060030386,-0.07362187
0.01437296,-0.12744832,-0.049376357,-0.022244152,-0.021899272
-0.031695496,-0.11187978,-0.10718301,-0.015231693,-0.08066419
-0.08717166,-0.0130858505,-0.062966384,-0.04918888,-0.038038
-0.04215639,0.03289954,-0.088325106,-0.090199925,-0.07983148
0.054554526,0.14429516,0.0051441444,-0.030880861,-0.061195504
0.064564675,0.103220366,0.13651101,-0.008899377,0.023319991
-0.12028809,-0.06250042,0.15737063,0.067153,0.01857855
-0.21459074,-0.060510654,0.11947826,-0.026326956,0.0090261
-0.053495273,0.041568894,0.15627635,0.04342427,0.04422512
-0.062531635,-0.0723316,-0.03391242,-0.11302708,-0.18304162
0.04145999,0.049934283,-0.034270547,-0.0034962562,-0.0413652
0.044398308,0.0077526947,0.035605945,0.009128651,-0.020289222
-0.017552717,0.050617326,0.023085544,0.032439813,0.010093654
0.1044072,-0.040498346,0.095731065,0.05060739,-0.06931451
0.021119224,0.04214728,-0.039555147,0.07041478,-0.009878395
0.051358245,0.07605725,-0.04549796,-0.06328795,-0.038616735
0.0831001,-0.06280071,-0.12636892,-0.0703022,-0.02713792
0.05818267,-0.021717127,-0.09294385,0.058412876,0.01837749
-0.0028595151,0.03212225,-0.0076773018,-0.06084493,-0.017949373
0.08607025,0.07364304,-0.014833949,-0.0017635698,-0.015080986
0.0010172611,0.037984964,0.009906579,-0.014382459,0.05736247
0.094609536,0.044687897,-0.027669188,-0.03538662,-0.008273562
-0.049460776,-0.08636379,0.017832866,0.015272397,-0.065646715
-0.12831344,-0.051388573,0.034383338,-0.051489,-0.07740225
-0.11911243,-0.017052867,-0.021574428,-0.007226447,-0.026062129
-0.043302353,-0.03930115,-0.016692026,0.027477479,-0.0031698975
0.032911938,0.029769383,-0.046969794,0.007885869,-0.0073095574
-0.027463654,-0.06026263,-0.0072136954,0.022537053,-0.020710712
-0.024415966,0.009903986,-0.038306527,-0.05016198,0.028678158
-0.0506576,-0.04708545,0.017330382,-0.046927486,-0.056799017
0.10690363,-0.013531187,0.07430215,0.069216326,-0.06178747
0.027540635,0.1132995,0.10409199,0.024143398,-0.0696203
0.04139788,0.09294852,0.08817917,-0.008999129,0.021520646
-0.06182736,-0.11676198,-0.22450517,0.02884096,0.0450254
-0.13493682,-0.20805958,-0.07585165,0.11126677,-0.11703342
-0.118586905,0.034822743,-0.0041415617,-0.012143723,0.111698546
-0.1044744,-0.0532042,0.0073020933,0.055582996,0.20474766
0.007503143,0.011300784,-0.065991215,0.007963762,0.035182413
-0.06822692,-0.02818485,-0.1284216,-0.098658405,-0.01742458
-0.10447299,-0.056772843,-0.07194709,-0.07450341,0.0022892104
-0.20600826,0.09573023,0.023919193,0.045387622,0.17107415
-0.02449627,0.07280938,-0.019059507,0.099799864,0.20243275
0.021769414,0.0413777,-0.16027094,0.092205875,0.043853987
-0.11482747,-0.12387535,-0.206704,-0.004785806,-0.06303447
-0.09741724,-0.08030937,-0.24248792,-0.06936646,-0.1356613
