-0.2598787,-0.13165876,0.1118127,0.17422509,0.19937329
-0.14515783,-0.21803416,-0.20829628,0.028479956,0.0067166057
0.09844038,-0.07659751,-0.34601605,-0.38560185,-0.19815068
-0.018956443,0.03739471,-0.23336461,-0.19975185,-0.19884785
0.036522653,0.23040733,0.20191304,0.16716112,0.19851393
-0.22111088,-0.107140094,-0.12922251,-0.09645278,-0.16843727
0.10552891,-0.23557593,-0.21498108,-0.15923089,-0.16464429
0.094972,0.2583823,0.10145515,-0.09868756,-0.10253876
-0.2027563,0.042839725,0.091786236,0.08817171,-0.058550697
0.024809457,-0.10906653,0.05202903,0.15770876,0.0019477225
0.09767593,0.12495009,0.109360345,0.16074292,0.015443151
-0.07687298,0.022318598,0.06578223,-0.0764529,-0.106180996
-0.13944133,-0.04618502,-0.11295391,-0.04861471,-0.07496561
0.056442108,-0.011167494,-0.035860345,-0.043487784,-0.0035092013
0.037008557,-0.005061277,-0.06936151,0.04653637,0.18063094
0.051048305,0.067982785,0.24316123,0.2825848,0.2383091
-0.20134263,-0.0004972641,-0.026065389,0.14235124,0.016587649
-0.08756618,-0.17503272,-0.13265549,-0.09375149,-0.031350866
0.06629845,-0.09213335,-0.18514426,-0.0919984,-0.05791245
0.09823733,0.026552351,-0.018871207,0.08606418,0.048950754
-0.03414825,-0.069449216,-0.05093103,-0.08393158,-0.042333633
-0.06298839,0.02766081,0.02074787,-0.004193891,-0.01126466
-0.07783745,0.052360244,0.042713072,-0.013478268,0.061517943
-0.063224666,-0.047202237,0.05772844,-0.019347886,-0.012687856
-0.08595104,-0.10385569,-0.023410706,-0.0718183,-0.020300984
-0.024617996,-0.1774745,-0.1626302,-0.010928478,-0.059472233
0.04123383,0.1511652,0.06710418,-0.07219349,-0.08859695
-0.07879867,-0.09065578,-0.022643948,-0.07730833,-0.01571007
0.035414882,0.07481182,0.031637788,0.01810301,-0.07737982
0.06517414,0.064672165,-0.037364263,-0.08761977,-0.13382652
-0.054833043,-0.03831195,0.008223684,-0.0073982542,0.02807125
-0.00032825218,-0.038669154,-0.02145329,0.010989395,-0.014724129
0.03172843,0.06502274,-0.047001798,-0.04081434,-0.014427424
-0.030317666,0.003381102,-0.029449247,0.023581522,0.035821076
0.012846885,0.04079946,0.03855294,-0.017850738,-0.01115736
-0.10624521,-0.104375616,-0.0702689,0.027620379,0.01801067
0.059950925,-0.08902323,-0.13946462,0.001843512,-0.05230217
-0.021295402,0.09136226,0.046495747,0.007904624,-0.007990284
0.039863504,-0.028581182,0.017236052,0.09077667,-0.014352016
0.07308626,0.05810404,0.05566664,0.08095927,-0.074254595
-0.053956315,-0.09903229,-0.020701362,-0.07930109,-0.12822782
0.063668236,0.26818293,0.07157875,-0.019200629,-0.07156967
-0.043665987,0.1174234,0.25382283,0.17076972,0.067687206
-0.030825194,-0.00033326456,-0.0018742303,0.013145475,0.055046253
-0.18596214,-0.14118318,0.010227764,-0.041312583,-0.04900921
-0.030439597,-0.15100838,-0.11410292,-0.060249984,0.050082356
-0.14893104,-0.110763855,0.042809125,0.06485967,0.008813797
-0.11574234,-0.14828798,-0.04427666,-0.074436486,-0.07442264
-0.14714532,-0.12771544,-0.12680084,-0.101107985,-0.0595822
0.06724555,-0.021786211,-0.04758572,-0.17575178,-0.10039432
-0.0824514,-0.09535138,-0.11152309,-0.013192228,-0.07320168
0.17034364,0.09396466,-0.10514639,-0.13208278,-0.074243814
-0.08925956,0.06515401,0.13602258,-0.022976153,-0.08796608
-0.015197502,0.007938435,-0.035608556,0.05691272,-0.023535985
-0.03804371,0.05636583,0.012240897,-0.11386822,-0.091569304
0.03653664,-0.04224926,-0.03600914,0.008875155,0.02476838
-0.022195712,0.004936509,-4.3637203e-05,0.011395618,-0.023952784
0.02499959,0.029702175,-0.031096043,0.00044694272,0.00015925204
0.014333242,0.04189743,0.013335227,-0.0101452395,0.040151123
-0.01709277,-0.013018901,0.0036681383,-0.0342007,0.0049139406
-0.10699907,-0.121455155,-0.008869267,0.01673229,-0.077183604
-0.01714988,-0.029194636,-0.23401013,-0.16836615,-0.07230434
0.048928894,0.2480986,0.1916376,0.057173412,-0.15851009
-0.22506839,-0.13882561,-0.03415597,0.13690409,-0.009182401
0.14707443,-0.11266998,-0.037063923,0.006484096,0.066642955
-0.025149267,-0.020270927,0.0152143445,-0.039221965,-0.0069651166
-0.0010050572,-0.018111302,0.016211761,0.0028685855,0.03139538
-0.0040105404,-0.028191922,0.03181199,0.0063516353,-0.012753894
-0.029439982,0.010500106,-0.04255076,0.011761306,0.022171436
-0.039266814,-0.0292779,-0.032151137,0.037630703,0.037999593
0.05047332,0.07341752,-0.02505715,-0.06405043,0.08946961
-0.1520034,0.09263575,0.0536909,0.037420105,0.011247204
-0.032886278,-0.09272254,-0.018859172,-0.10035151,0.011350507
-0.06942463,-0.012907221,-0.040558442,-0.05592549,-0.037183333
-0.116172396,-0.15950568,-0.037926894,0.012319275,0.121405646
-0.14117554,-0.088201076,-0.020109186,0.021907508,0.016306449
-0.25514844,-0.20981856,-0.031139143,0.10936786,0.01810816
-0.036203567,-0.14698137,-0.17567982,-0.011518615,-0.07375233
0.09497718,0.1460731,-0.08593383,-0.053823482,-0.12200371
0.004380684,-0.102919854,0.022520239,0.025423106,-0.09133376
-0.06409877,0.044067033,0.12393432,0.15549894,0.15852816
-0.13797924,-0.15241785,-0.041601587,-0.037281267,0.016619224
-0.06945083,-0.14701356,-0.08315883,-0.09014319,-0.10052072
0.03433803,-0.019439107,0.042458788,-0.07902867,-0.009563333
-0.009761831,-0.16253045,0.004963951,-0.034766555,-0.08816408
-0.087759934,-0.058337357,0.027171245,-0.023411335,0.00231064
0.008114888,-0.07686338,-0.06914643,-0.04601751,-0.039837603
0.0052964226,0.08773972,0.08042672,0.035921738,-0.101897284
-0.108577244,-0.08398219,-0.040986232,0.042848587,0.022762086
0.07922561,0.017063366,-0.046944086,0.026520839,-0.019875495
-0.08665945,-0.10466856,0.0061909035,0.09763433,0.029349552
-0.04797555,-0.012486032,-0.017767403,-0.090231225,-0.060047664
-0.027541604,-0.07761401,-0.14182337,-0.18778227,-0.18904111
0.023603471,0.045636483,0.010201479,-0.029444952,0.013689684
0.004597705,0.08888478,0.05329801,0.030307118,-0.084107645
0.051279567,0.006274843,0.18257512,0.20120189,0.14998457
-0.18475024,-0.10784597,-0.084668115,-0.084101565,-0.057179414
-0.023835642,-0.0733683,-0.09047744,-0.10107451,-0.076571524
0.07807255,-0.089552626,-0.10573198,-0.17002627,-0.020777365
0.22283825,0.19605146,-0.072684556,0.035937034,0.03248456
