-0.0726374,-0.00954772,-0.023278551,0.101326905,0.15156792
-0.024562242,-0.08462301,-0.039664645,0.088124216,0.0049912627
-0.011473152,0.013626507,-0.0017720924,-0.0408175,-0.09698905
0.0025225559,0.029089993,0.08706192,0.107057266,-0.03594881
0.023806378,-0.08147078,-0.0042491755,-0.030143324,0.0042121345
-0.018598739,-0.044275135,-0.05252204,-0.023990374,0.035045926
-0.021724086,-0.03560028,-0.032894723,-0.062028103,-0.08217135
-0.03931832,-0.09869675,-0.07946224,-0.08468689,-0.036543936
0.0138322795,-0.063627705,-0.059513982,-0.045640294,-0.08671015
-0.0014698018,-0.025879027,0.0036982214,-0.028268771,-0.083916746
0.018244809,-0.027186222,-0.015964923,-0.039125707,0.012773906
-0.040241294,-0.019191064,0.012870726,0.0026314105,-0.03830495
-0.007243473,-0.012383892,0.04530079,0.08047401,-0.0632667
-0.035209205,0.0076447977,-0.052830625,-0.045049373,-0.07865552
-0.014639192,-0.008366673,-0.029281005,-0.062583916,-0.068428375
0.018597445,-0.0129899,0.034336284,0.03480049,0.04656743
0.02736417,0.0057083145,0.020957358,-0.050316397,-0.016234484
0.04739822,-0.00045502646,-0.0013262227,-0.07921632,-0.06539379
0.006308674,-0.0399622,0.016951492,-0.023843879,-0.017207231
-0.02857875,0.023612045,-0.09292548,-0.07856935,-0.033423692
-0.037291963,-0.030106282,0.025431633,0.1298706,0.021531392
-0.05536785,-0.008622943,0.045011137,-0.023968494,-0.06417691
-0.024510724,0.018118933,-0.0075131976,0.0335344,-0.035950962
-0.04227345,-0.016642,0.07455228,-0.08136247,-0.058610998
-0.034279123,0.014363704,0.018763142,-0.043769542,-0.020264719
-0.07806421,-0.029925153,-0.07643029,-0.042428847,0.0207883
-0.050932094,-0.055324506,-0.10759462,-0.08750263,-0.036812283
-0.046122678,-0.08829159,-0.025346613,0.0032926493,-0.079455115
-0.030697808,-0.041116245,-0.06661006,-0.06436944,-0.11221425
0.009942184,-0.017093863,-0.017956564,-0.09100034,-0.05994266
-0.027860474,0.0024072814,0.0225571,-0.033819865,0.0149778575
0.040032327,-0.01799654,-0.04155769,0.04732867,-0.044504095
-0.0091022635,-0.063039124,0.069614165,0.10376592,-0.04115716
-0.042487532,-0.065141305,-0.057016652,0.009446282,-0.018439146
-0.035585172,0.052176435,-0.021320496,-0.06643283,-0.06482381
0.029772421,0.003982094,-0.032543313,0.052185707,-0.021999361
-0.04600728,0.015128342,0.041666307,0.025389872,0.022762723
0.0046523875,-0.049440794,0.020860262,-0.07110936,-0.015371053
0.026221476,0.00016869014,0.0063209985,-0.06332397,-0.008653082
0.016058164,-0.021780133,-0.027454676,-0.056533873,0.012123834
-0.03573507,0.024004577,-0.0823997,0.009525881,-0.054497756
0.019338412,-0.031584922,-0.08096907,0.055340596,0.016949035
-0.032053057,0.009881082,-0.04083171,0.11943602,0.04310098
0.023599263,-0.03527331,-0.005166201,-0.0150285065,-0.024423465
-0.061281253,0.035702087,0.02392343,-0.0090039605,-0.013251778
0.004353154,-0.02583209,-0.05529118,-0.023293125,0.037758596
0.0010403963,-0.046524934,-0.013755746,0.06254778,-0.048309647
-0.02267976,-0.05570878,-0.02615367,0.026045458,-0.056582645
-0.0050254553,-0.02830878,-0.01647267,0.021313667,-0.04326552
-0.016356653,0.0027061927,0.044623666,-0.0401209,-0.016058367
0.03438194,0.06586639,-0.0052991062,-0.045922197,-0.007682604
-0.035129517,-0.014552579,-0.01924022,-0.031434778,0.067591675
-0.045526616,0.040552553,0.060904786,-0.04635612,-0.042660456
-0.03296819,0.0027611568,0.07820221,-0.033109423,-0.032133292
0.0019655505,0.022306677,-0.027055021,-0.039486088,-0.031583082
0.03737887,0.015178951,0.036231745,0.008573739,-0.029786281
0.01808662,-0.038694017,-0.010838327,-0.054981116,0.0134445885
-0.017508892,-0.0690258,-0.04865153,-0.062194757,-0.028473688
0.020584008,0.016211886,-0.016346121,-0.024468634,-0.013088819
-0.0428755,-0.047370102,0.005593058,-0.013226642,-0.08226449
0.051248286,0.0006536116,0.045313332,-0.011606381,-0.019184161
0.033517323,0.007938596,0.04449333,0.014951968,-0.04964608
-0.020621432,0.0347436,0.051635925,-0.008757805,-0.0058195093
-0.017356439,0.021815933,0.004545542,-0.024216998,-0.046305537
0.016313484,0.011747421,-0.06758485,-0.041671965,0.031093316
0.03068835,0.00088992505,0.013681449,-0.039139308,-0.014206513
-0.010384244,-0.018864997,0.024821587,0.014173674,0.024323324
-0.030172814,-0.046648566,0.021077543,-0.04568257,0.055373132
-0.025644384,0.0220328,-0.031926345,0.01300689,0.021803962
-0.04320956,0.032947294,0.034821875,0.043476727,-0.010190767
0.015941208,0.02497959,-0.016967835,0.0022358266,-0.046324678
-0.011318822,-0.036949016,-0.011705593,-0.036153086,-0.00039439093
0.012032811,-0.01589157,-0.0033250928,0.05442233,0.020409483
0.008039004,-0.018863834,-0.010053484,0.08785732,0.053197548
0.0020622504,-0.010343171,-0.0120441085,-0.015452471,-0.030519346
0.0035095685,-0.012822073,-0.019053899,0.07540646,0.016520202
0.027498534,0.0112648625,-0.011289168,0.021411773,-0.002950601
0.01514283,-0.04136399,0.00070621044,0.040436853,0.042760637
0.039548714,0.0011167754,0.02986939,-0.04226403,-0.059685316
0.02154544,0.035479598,0.00952985,-0.047161043,-0.008472483
-0.031357024,0.026284898,-0.007526645,0.0045250035,0.02230676
0.01798698,-0.022965046,0.02717652,-0.019331256,-0.04421291
0.012711583,4.3078588e-05,-0.0366615,-0.023926536,-0.0041091917
-0.00024469392,0.03971039,-0.005176266,-0.03508593,0.019394724
0.017932748,-0.047762603,-0.0030835299,-0.009224616,-0.05480899
-0.070578314,0.0023622424,-0.009387332,-0.009902131,0.00081240607
-0.0862711,-0.09574966,0.019828089,0.019923475,0.024257543
-0.045518566,-0.010782672,-0.085391775,-0.016037935,0.028334262
-0.016708352,-0.05131328,-0.060057268,-0.10605172,0.016439036
0.060693342,-0.039491482,-0.08234485,0.046797242,0.043976534
-0.02965981,-0.03450289,-0.032557074,0.018025732,0.0184102
0.011226329,-0.05118261,0.013672014,0.034110546,-0.01110492
0.016391318,-0.021576758,-0.07346665,0.051044874,-0.008370544
0.0118357865,-0.05864116,0.03632648,0.06369233,0.0002849996
-0.0065005566,0.0051944456,0.004490825,0.031966936,0.022706753
-0.049111567,-0.051744603,0.0050191223,-0.039960857,0.04967899
0.004810005,-0.08742134,0.038937196,0.037856396,-0.032631926
-0.043833695,-0.07635816,0.018899651,0.07096326,-0.08322713
-0.039937496,-0.045762047,-0.0056368397,0.067597866,-0.004611024
-0.016747981,-0.026560102,-0.022338413,-0.027399583,-0.07300986
