0.061150108,0.1499461,0.13182472,-0.053017747,0.06470167
0.07444807,-0.115487725,-0.20058455,-0.29918116,-0.1807143
-0.004436389,-0.07491476,-0.13957888,-0.19250502,-0.09916727
-0.01265637,-0.04098979,-0.058620673,-0.20939492,-0.3082871
-0.1719887,-0.18382299,-0.10320767,-0.21291508,-0.30502546
-0.21806696,-0.15231824,-0.07656038,-0.047225986,-0.08957258
-0.017459715,0.053542767,-0.06854307,-0.11825573,0.03907712
0.15051986,-0.008931645,-0.15639134,0.045766395,0.18407549
-0.051046472,-0.097185254,-0.11430754,-0.008170127,-0.033019725
-0.037812185,0.005347828,0.13143802,0.04761959,-0.02179732
-0.06762375,0.059499178,-0.12756725,-0.08259474,-0.033678785
0.10069223,0.15221424,-0.0021105781,0.013188148,0.067281604
-0.036010362,-0.080973424,-0.014518166,-0.07754472,0.049920384
-0.13545962,-0.08451579,0.04331711,-0.034877952,0.009499699
-0.06944839,0.21380466,0.05209173,-0.08957427,-0.076394565
-0.04530919,-0.09127956,-0.09470137,-0.10117675,-0.06466439
-0.048036058,-0.05505538,-0.10554853,-0.12950984,-0.13121027
0.03333785,-0.10144202,-0.1684234,-0.054381575,0.0057071815
-0.047051515,-0.07166944,-0.10166894,0.022004843,-0.054839816
0.05286363,0.04240045,0.054832596,-0.03876044,-0.037874747
0.08213334,0.21384898,0.0066249277,-0.07737423,-0.022799533
-0.010016667,-0.06687673,-0.18246655,-0.094634295,-0.028442334
0.051910885,0.1461515,-0.10433757,-0.08537725,0.019980008
0.09328001,0.033916324,-0.03097589,-0.096094236,-0.0962463
0.0044565974,-0.056173075,-0.041283205,-0.06302209,-0.028463658
-0.16015273,-0.10625114,-0.10423217,-0.07978684,-0.089375176
0.037064265,0.14810777,-0.0005616595,0.030241845,0.026085304
0.2870981,0.17293756,-0.031936944,0.02134993,0.18366668
0.031157523,-0.07779963,-0.060623027,-0.11689009,-0.026614401
-0.1262857,-0.06074847,0.030932598,-0.057888176,-0.022758644
-0.04857241,-0.034580294,-0.08727626,-0.05368476,0.031437237
-0.11957471,0.0858017,-0.044904687,-0.068173945,0.081113644
-0.011772754,0.27553594,0.03623797,-0.022127915,0.04654641
0.00034230965,0.12181048,-0.00059621234,-0.09154315,0.026138656
0.0001687328,0.020488149,-0.11023687,-0.04641243,0.037235636
-0.057200566,-0.011304793,-0.05523653,-0.099905886,-0.032969095
-0.024339665,-0.077759415,-0.112371586,-0.114912346,-0.008353815
-0.017976455,0.018258508,-0.09584178,-0.046198342,0.074168615
0.08627903,0.025179496,-0.083174154,0.028050698,0.05522631
0.07978176,0.05154533,0.0064231073,0.052461006,0.033157922
-0.0761401,-0.07070398,-0.12713182,-0.1016605,0.039239824
0.014368981,-0.017290847,0.09364585,-0.089398935,-0.07920075
-0.0702843,0.0821179,0.041430082,-0.08021731,-0.085666634
-0.078825496,0.06845258,0.069606476,-0.0017815424,-0.07727246
-0.06125788,0.05949301,0.04092554,-0.09545146,-0.033378378
0.0033200025,0.04416512,0.18454587,-0.008404422,-0.008741878
-0.089829326,-0.020495756,-0.044300698,-0.09797908,-0.02687468
-0.07483149,-0.13777277,-0.062059917,-0.019103494,0.031132711
-0.0025013033,0.11020519,0.010161982,-0.03982731,-0.08380577
0.046232592,0.07129217,-0.050886508,-0.08285697,0.01731923
-0.014967271,-0.113547795,-0.08162066,-0.064969026,0.0513806
-0.007017569,-0.028324023,-0.13132624,-0.13159594,-0.09270513
-0.06602594,-0.117244095,-0.10469627,0.11189835,0.035462275
-0.113073036,-0.16624999,-0.09520815,-0.019362817,-0.10265783
-0.034966227,-0.01049549,-0.10667595,-0.16722561,-0.09469407
-0.025615498,-0.03647663,-0.04041107,-0.030031674,-0.048100494
-0.05148499,-0.0070249597,-0.061289348,-0.10957885,-0.07155214
0.028034573,-0.028725445,-0.10223504,-0.04922884,0.048116997
-0.0029919434,-0.03774881,-0.007928227,-0.024011152,0.054471347
-0.04828132,0.06294271,0.090191126,-0.026541382,0.043621656
0.0022050347,-0.07504606,-0.19013576,-0.021676544,-0.07787747
-0.031704992,-0.042112075,-0.14017868,-0.16117999,-0.13363786
-0.07601817,-0.1039749,-0.0710761,-0.12680277,-0.05505658
-0.09955756,-0.08195115,-0.042962015,-0.004020684,-0.032978177
-0.11878333,-0.049745575,-0.07519958,-0.06895403,-0.14584203
0.007084263,-0.017672073,0.067052364,0.016528342,-0.05542034
-0.10717168,0.022445872,-0.051826946,0.09408881,-0.0029281394
-0.0018769563,0.075736724,0.21128157,0.06825115,0.033499986
-0.0015390523,0.027864719,0.03859072,-0.009245074,-0.079009
-0.03517542,-0.041296475,-0.030870793,-0.029626405,-0.0036558213
-0.11560253,-0.08973258,-0.019225921,-0.0005759499,0.011412307
-0.11366457,0.04464624,0.15101334,0.124953866,-0.005042975
0.03586709,0.23816188,0.19827403,-0.0056858095,-0.024278974
0.022593822,0.09026412,0.028832233,-0.020362884,-0.01813162
-0.058864936,-0.10871418,-0.11846616,-0.05822364,-0.0016665384
-0.039008074,0.061051086,0.077515855,0.040897563,0.008327776
-0.013027799,-0.05001045,-0.03376569,0.032313686,-0.020469826
0.029387033,-0.0012745879,-0.030919006,-0.08278297,-0.03012118
0.0743744,-0.021389188,-0.032740917,-0.024480123,-0.02781931
0.012754373,-0.0120789325,-0.06297754,-0.08308379,-0.008615818
-0.002455323,-0.012162779,-0.043522518,-0.08274291,0.008286917
-0.060412254,-0.029689016,-0.10609107,-0.045771245,-0.011426802
-0.027256606,-0.058933143,0.011032595,0.028871782,0.008291672
-0.03180178,-0.033257596,-0.050863884,-0.01155309,-0.0131651275
0.0392823,-0.040319793,-0.018755874,-0.050178315,0.013312648
-0.017620407,-0.013865949,-0.18912405,0.013770575,0.06926013
0.018727848,-0.13596264,-0.09371052,0.09401074,0.12194414
-0.07205935,-0.046998315,0.04144508,0.16241576,0.13108468
0.12099484,0.017052364,0.12049802,-0.0320674,-0.095275246
-0.017201584,0.010657954,-0.039154228,0.0347503,-0.009715331
0.039071776,-0.12109028,-0.039784327,0.01116932,-0.057876855
-0.097720414,0.010579071,0.05517511,-0.08511081,-0.05631057
-0.13429317,0.049452163,0.13980325,-0.032687336,-0.010476767
-0.056443658,0.17197628,-0.019093111,-0.08265517,-0.025100712
-0.10717715,0.039811403,0.024791742,-0.016805064,0.06894635
-0.03673347,-0.10527646,0.043063834,-0.030810595,-0.10004951
-0.18811494,-0.048023205,-0.051141188,-0.12877743,0.028146671
-0.08099079,-0.0014497816,-0.10642902,-0.038582765,0.066446155
0.1196377,0.22993657,0.038859334,-0.07713409,0.06685548
0.145666,0.18023452,-0.057693813,-0.023742845,0.09914918
