-0.31142348,-0.25890303,-0.22023256,-0.19267268,-0.23974548
-0.25757638,-0.20301557,-0.18311034,-0.18852103,-0.21130422
-0.17797904,-0.24955831,-0.23165298,-0.19739968,-0.19193539
-0.24832633,-0.22936039,-0.18066436,-0.25469768,-0.19628306
-0.1720853,-0.23307766,-0.22112219,-0.20479676,-0.1950945
-0.27864948,-0.31048685,-0.21841127,-0.21046434,-0.18202308
-0.20609157,-0.17978695,-0.23237051,-0.2198285,-0.20048317
-0.18009417,-0.19731288,-0.17496498,-0.20154284,-0.19363494
-0.26588663,-0.17946735,-0.17950425,-0.18804257,-0.25391352
-0.21894412,-0.23066944,-0.27374235,-0.24253619,-0.24597663
-0.2375622,-0.22528479,-0.21034762,-0.23971598,-0.26314896
-0.24484088,-0.23544727,-0.18822384,-0.18078753,-0.21913096
-0.201073,-0.2151417,-0.2414419,-0.212903,-0.18283398
-0.20753647,-0.17180242,-0.24065958,-0.22599204,-0.252312
-0.24435456,-0.20582333,-0.1744814,-0.30125284,-0.24987777
-0.23206492,-0.18906088,-0.19263169,-0.21829072,-0.17174755
-0.19921125,-0.17409277,-0.21559872,-0.30202112,-0.20961586
-0.19961755,-0.19863649,-0.21398455,-0.20704857,-0.20708472
-0.22603276,-0.20496503,-0.24003121,-0.22016545,-0.19127198
-0.20250745,-0.19081494,-0.24449053,-0.22758305,-0.23945555
-0.24627213,-0.22394113,-0.21325122,-0.20368154,-0.21275532
-0.23618671,-0.20655794,-0.19860044,-0.1663011,-0.18323249
-0.24492559,-0.22155303,-0.17063431,-0.1656919,-0.18602529
-0.23276353,-0.15845302,-0.2524629,-0.23855023,-0.20551848
-0.18793035,-0.23981848,-0.19808099,-0.20237936,-0.2186683
-0.24858767,-0.23525535,-0.21018256,-0.19758014,-0.1868291
-0.22920707,-0.17180963,-0.19741426,-0.24364564,-0.25747812
-0.24949022,-0.21065423,-0.21865317,-0.2193775,-0.19320965
-0.22948742,-0.24388298,-0.17255366,-0.21488228,-0.1868613
-0.24580793,-0.22206968,-0.237336,-0.21064112,-0.22068334
-0.21932253,-0.22234872,0.050811686,0.22322144,-0.22179534
-0.124107964,-0.10645539,-0.12801045,-0.2603898,-0.28572488
-0.20660363,-0.04331203,-0.078212336,-0.19171137,-0.23222978
-0.20391084,-0.22246698,-0.121671736,-0.16802253,-0.108161114
-0.15846062,-0.13464287,-0.26430047,-0.10346309,-0.14319147
-0.2681993,-0.22486573,-0.2008209,-0.21520609,-0.22785649
-0.20053531,-0.22828433,-0.19767067,-0.25406218,-0.22835661
-0.24541245,-0.19557655,-0.2465488,-0.17884208,-0.20381108
-0.18527524,-0.24423335,-0.24912764,-0.22238551,-0.24047327
-0.2902649,-0.23716293,-0.18527862,-0.22542539,-0.18800826
-0.21760435,0.16167098,-0.16785851,-0.233781,-0.1478093
0.15712361,-0.18066664,-0.086567946,-0.2603193,-0.23674794
0.15413013,-0.15798104,0.19586003,-0.050237373,-0.21081698
-0.23083119,0.19726533,0.16306269,0.15757483,-0.013848982
-0.18299125,0.10321777,0.03405923,0.21308997,-0.1710018
-0.18640976,-0.23000266,-0.21809992,-0.17964312,-0.17452963
-0.25573933,-0.11768367,-0.15864463,-0.114115946,-0.17663422
-0.2255343,-0.1320962,-0.14390336,-0.13648131,-0.14027244
-0.113532424,-0.1749647,-0.17929307,-0.2012422,-0.18884265
-0.23041002,-0.16186754,-0.14550515,-0.12963943,-0.15493914
-0.20217896,-0.225836,-0.19016474,-0.23043865,-0.17831448
-0.17813091,-0.25505468,-0.22889727,-0.21598837,-0.23724897
-0.21222979,-0.22999895,-0.1767535,-0.2163886,-0.24048036
-0.234971,-0.3079517,-0.23431057,-0.20332383,-0.20138772
-0.23447116,-0.21020119,-0.18523577,-0.20169571,-0.203864
-0.029337758,0.04204577,-0.013202849,0.0036892928,-0.0055074194
0.019428995,-0.037042554,0.0101774875,-0.034712937,0.035299156
-0.01762782,0.009129469,0.0029595313,-0.017775448,-0.0059685577
0.04253899,-0.022612676,-0.011624797,0.02947847,0.02625523
0.012373111,-0.03913278,-0.0072137825,-0.044064652,-0.022101631
-0.21988022,-0.23268625,-0.19344978,-0.21081698,-0.2057559
-0.20252489,-0.20368026,-0.2477115,-0.20045961,-0.17770898
-0.20052505,-0.18172768,-0.2325427,-0.22614916,-0.25682452
-0.25620025,-0.24479271,-0.1891631,-0.24008,-0.19990999
-0.18403761,-0.18928903,-0.22658455,-0.1826899,-0.19712053
0.010142361,-0.0112191355,0.035527416,0.021613043,-0.00786075
0.020624857,-0.02980115,-0.003872585,-0.037128445,-0.039908297
0.036427483,0.023772458,-0.015178278,-0.024918463,-0.017161079
-0.010628214,-0.007608163,0.038294256,0.042807706,0.023352092
-0.025019314,-0.015766757,0.005576938,-0.026635852,0.04000824
-0.2394149,-0.23398682,-0.2069447,-0.23436652,-0.17465034
-0.26169991,-0.20160589,-0.20238268,-0.19559957,-0.28101498
-0.271294,-0.26393422,-0.29236284,-0.16330186,-0.22982444
-0.20118359,-0.16923802,-0.24184112,-0.24665076,-0.26337826
-0.30764005,-0.25533175,-0.1706439,-0.17054239,-0.19942552
-0.2971902,-0.19794606,-0.18366456,-0.22034562,-0.20065743
-0.25893304,-0.22390676,-0.23887032,-0.22970036,-0.21289015
-0.26369646,-0.19680779,-0.17810301,-0.23937541,-0.20336342
-0.25844696,-0.17478086,-0.22533321,-0.23330241,-0.18165632
-0.22706203,-0.27321878,-0.20848359,-0.17976572,-0.22371379
-0.17176564,-0.2489163,-0.20508102,-0.17795408,-0.25724968
-0.22758122,-0.1776632,-0.18351749,-0.24168353,-0.17950903
-0.17818779,-0.19801787,-0.22536957,-0.24102679,-0.22403559
-0.20218267,-0.20494811,-0.2088147,-0.24783204,-0.17835386
-0.21068278,-0.20604119,-0.25147542,-0.22822161,-0.2265996
-0.09845723,-0.1735096,-0.1649627,-0.23660891,-0.18439582
-0.2181729,-0.19899559,-0.16604182,-0.16968644,-0.092992246
-0.10208593,-0.12574753,-0.15465613,-0.11645306,-0.18150063
-0.15421031,-0.11045823,-0.17765799,-0.08878877,-0.13187766
-0.13478625,-0.23512022,-0.23052481,-0.2294148,-0.0030334308
-0.24253766,-0.19432738,-0.19469285,-0.18740577,-0.25643438
-0.24023034,-0.18605983,-0.17498164,-0.19275384,-0.2497415
-0.20204806,-0.18113253,-0.2110643,-0.18517186,-0.24184683
-0.18739407,-0.2022281,-0.22749163,-0.16936024,-0.2508521
-0.1751318,-0.2029432,-0.20250967,-0.21745294,-0.20632166
-0.12743805,-0.15897349,-0.15022425,-0.14108215,-0.25652614
-0.16756839,-0.15978509,-0.11570237,-0.16831319,-0.15365015
-0.145028,-0.17007402,-0.18303259,-0.16444598,-0.16497013
-0.1771071,-0.12056644,-0.1485057,-0.17814359,-0.10969984
-0.13574375,-0.14601962,-0.22509092,-0.17745769,-0.15911789
