0.009424353,-0.100128196,-0.003991792,0.11322353,0.11854993
-0.09533049,-0.050262555,-0.019976616,0.13073163,0.070942946
-0.16659659,-0.13142908,-0.058136396,-0.093100026,-0.14684142
0.004649591,-0.042758845,0.0008211759,0.024451572,0.10384918
0.045955036,0.015937565,-0.012734291,-0.10710594,-0.102493145
-0.035428282,-0.11611423,-0.04014706,-0.100662895,-0.17458221
0.02857753,-0.048749294,-0.10439823,-0.17737368,-0.0008884538
0.11264265,0.13640569,0.22915445,0.35838792,0.16112445
-0.05003054,-0.16500421,-0.12589055,-0.11497062,-0.17448857
-0.10209057,-0.10109992,-0.07269345,-0.026486428,0.034620978
-0.023634814,-0.11288368,-0.096058674,-0.049909424,-0.07790178
0.06503677,0.09847763,0.09791209,0.048579726,-0.000283446
-0.04059885,0.060405035,0.16323633,0.18761179,-0.029953994
-0.1956406,-0.101559415,-0.1928075,-0.08876723,-0.14300719
-0.19640388,-0.07333182,-0.02113682,0.08272459,0.18657258
0.07316696,0.02193706,0.042513423,0.03212328,-0.044042382
-0.03916779,-0.041834056,-0.045407407,-0.030351259,-0.018643579
0.0030729012,0.041670404,0.04482668,0.018189654,0.010794195
0.052090153,0.028159035,-0.0017933396,-0.09786282,-0.043692965
-0.09090242,-0.023607852,-0.05935225,-0.0331499,-0.039515056
-0.050109617,0.04671478,0.072377264,0.09959753,0.12412705
-0.0983451,-0.06929198,-0.022025103,-0.016760932,-0.07641447
-0.073289104,-0.086819515,0.025392141,0.034658987,-0.04149976
-0.016310418,-0.04980922,0.02071547,0.062053688,0.070702195
-0.035638083,0.05285886,-0.09628775,-0.116509415,-0.066245526
-0.08760528,-0.08249922,-0.0353944,-0.113977075,-0.22404642
0.04166007,-0.044459246,-0.104397535,-0.11268286,0.032636587
-0.0020535367,0.08402741,0.23885411,0.22162373,0.11666493
-0.084844284,-0.15584359,-0.034359682,-0.018403187,-0.05586457
-0.11183382,-0.07964484,-0.028327735,0.05385785,-0.054430258
-0.01962791,-0.057188824,0.026963094,-0.018564006,-0.028502837
0.03728952,-0.03646555,0.06455695,-0.062432457,-0.0075458405
-0.021188429,0.005113401,-0.036127347,-0.08368249,0.07396872
-0.082216784,-0.07584299,-0.0033254544,0.012721208,0.034790322
-0.018551193,-0.026240379,0.0029241906,0.013473243,-0.031246675
0.025341377,0.050112996,-0.0061375457,-0.007581696,-0.006608156
0.0023020545,0.0064972043,0.014995455,-0.028124131,-0.040751375
-0.00037019013,-0.02492375,0.008226778,0.072237104,0.09713659
-0.03911987,-0.06544296,-0.009759366,0.020068098,-0.03658256
-0.037068818,0.014106191,-0.030827437,0.03196705,-0.051165592
-0.0040805717,-0.036767162,-0.0041902135,-0.055895574,-0.08004552
-0.017846981,0.01990857,-0.05772388,-0.09489485,-0.035898734
-0.05896798,0.023738002,0.06842686,-0.061120264,0.020711837
-0.12139942,-0.043994267,-0.08581998,-0.04982121,-0.079017
-0.062219255,-0.11907966,-0.09780969,-0.0939162,-0.06517493
0.027036032,-0.025824219,0.043436516,0.0149041405,0.0640093
-0.019253924,0.0048596817,-0.03699973,-0.06056007,0.002152229
-0.0990096,-0.06671315,-0.088308215,-0.09562235,-0.1199773
-0.07970121,-0.08132807,-0.050808962,0.008049328,-0.006459023
-0.072288506,-0.06422903,-0.051352642,0.06825845,0.012473315
-0.018334817,-0.075780556,0.00713266,-0.03279205,-0.050033126
-0.016040085,-0.032477554,-0.040119063,-0.0015538529,-0.025848197
0.038313527,-0.012504401,-0.09587673,-0.13808626,-0.09209281
-0.03910649,-0.14665508,-0.049113464,-0.04124657,0.14872986
-0.00057674956,2.0592546e-05,-0.07948536,-0.044252124,-0.16322693
-0.06572187,-0.06274667,-0.042134173,-0.0628907,-0.07924853
-0.008172684,-0.003473422,-0.074593104,-0.07337015,0.016133763
0.04576973,0.08926629,0.15038997,0.16546908,0.020312374
0.013527602,0.04148482,-0.026624324,0.017828858,-0.05309302
-0.10092723,-0.046111647,-0.01417907,0.033426642,0.0012948997
0.049100842,-0.039985426,0.07573838,0.07081224,0.011815435
0.032132596,-0.038399354,-0.028850555,-0.014692652,-0.0069253696
0.018617274,-0.018405838,-0.020708712,-0.08747418,-0.07178902
0.0579764,-0.00226107,0.0008024807,-0.07787973,-0.11267812
-0.0048084883,0.013569517,0.043949407,-0.030019674,-0.080051236
-0.017871607,-0.016465753,-0.015165274,-0.0029961774,0.012655767
-0.009146508,0.014999937,0.04675925,0.00080315385,-0.0067814374
-0.0450541,-0.05684556,-0.014227494,-0.10469291,-0.041661136
0.016249707,-0.046374217,-0.095880955,-0.018454077,0.008822341
-0.01743227,-0.05411346,-0.012234085,-0.017216017,-0.09916089
-0.0037315178,-0.016732454,-0.02982902,-0.023233628,-0.003702264
0.014790072,-0.034316085,-0.059737917,-0.07008766,-0.05402289
-0.02928943,0.0194452,-0.022457995,-0.0109997075,0.06670409
-0.05603016,-0.03819889,-0.042821914,0.09473379,0.10255149
-0.04891957,-0.03455991,-0.034866013,-0.12209981,-0.05530452
-0.035075907,0.03402897,0.0047418238,-0.0044576777,-0.059876546
0.0013260784,0.017868172,0.01854936,0.02624567,0.03065732
-0.034481104,-0.075243875,0.039293945,-0.029784685,-0.10278916
-0.01009697,0.0010360696,-0.025124338,-0.04038414,-0.078775056
-0.05252884,0.049905468,-0.015270291,-0.024089066,0.036474444
-0.05040704,-0.00537324,0.018423561,-0.00846806,-0.028477183
-0.005219858,-0.004145897,-0.03101717,-0.022582715,-0.08747315
-0.047046922,-0.0012069719,-0.024859998,0.015293299,0.006104222
0.010622151,0.056260344,-0.029618395,-0.011729411,0.02722845
0.037388377,-0.02794217,0.020168174,-0.027204568,-0.031002466
-0.02964193,0.03967887,0.009261915,-0.009271798,-0.103871964
-0.08328865,-0.1043313,-0.0694278,-0.14212115,-0.059372984
-0.0723793,-0.17215495,-0.01734263,-0.075247094,-0.00061170396
-0.18674316,-0.17549653,-0.09874318,-0.015184213,0.05349815
-0.026150556,-0.08032594,-0.08384409,-0.060157597,-0.06800412
-0.031047037,-0.03544049,0.039139118,-0.07447948,-0.04022297
-0.029473137,-0.10304765,-0.022179026,-0.05313227,-0.053064547
-0.10194871,-0.07781248,-0.08078377,-0.17815751,-0.05399661
-0.061174106,-0.103206076,-0.08166579,-0.08865949,0.027277913
-0.055365607,-0.015759863,-0.008247635,-0.040626194,-0.06436181
-0.031201532,-0.009085166,0.045435484,-0.06469946,-0.005247525
-0.08568099,0.016785579,0.06660028,-0.09955708,-0.043392796
-0.16692519,-0.08152811,-0.04961934,-0.069647536,-0.09570972
-0.14275946,-0.09917907,-0.089999676,0.017482156,0.013428473
-0.07652284,-0.005049997,-0.051776003,0.04590074,0.005959501
