-0.15826517,-0.17736761,-0.16076225,-0.14411241,-0.17754145
-0.20427029,-0.19212085,-0.17508015,-0.18012919,-0.19988641
-0.15263037,-0.16080192,-0.21544991,-0.19131471,-0.19196406
0.15964074,-0.18114765,-0.20140062,-0.21075931,-0.20205106
0.17172477,-0.14488722,-0.1705174,-0.14366035,-0.17540763
-0.1775432,0.20604649,0.19533874,-0.22276144,-0.21410903
-0.19850558,-0.18699828,-0.17082281,-0.17045023,-0.15218765
0.19677393,-0.2029325,-0.22130272,-0.2204251,-0.21411838
0.2011175,-0.1635086,-0.14854383,-0.20181637,-0.19119346
0.17438883,-0.18783092,-0.17331354,-0.18863676,0.18973269
-0.18200305,-0.17101623,-0.20123759,0.16100001,-0.17709845
-0.1929637,-0.20792799,-0.16888808,-0.18726332,-0.1941714
-0.20931813,-0.19350317,-0.22569291,-0.17749722,-0.18699902
-0.16053179,-0.1847795,-0.1840953,-0.17548788,0.22167933
-0.20880052,-0.16096948,-0.17673327,-0.21750477,0.20322812
-0.21449158,-0.20174858,-0.20898685,0.15723322,-0.15244947
-0.2276437,-0.1653078,-0.22791946,-0.19311363,-0.18500319
-0.15587825,0.17148162,-0.17479786,-0.18074307,-0.16135734
-0.1850124,-0.17092505,-0.214687,-0.21874772,0.22749461
-0.22025807,-0.1952848,-0.19307655,-0.14392948,-0.1973342
-0.22170413,-0.1990063,-0.16458416,-0.1699363,-0.15067075
-0.19682206,-0.16660242,-0.2297539,-0.17036459,-0.16711909
-0.1588191,0.16196285,0.1757234,-0.17683677,-0.21944736
-0.2232445,-0.23067695,-0.18516403,-0.15988939,-0.17618024
-0.18494362,-0.17208578,-0.21576871,-0.18295065,-0.19877566
-0.20981361,-0.14910457,-0.22226658,-0.181113,-0.226967
-0.18918097,-0.20754206,-0.1729509,-0.21278353,-0.15904681
-0.22387598,-0.16080916,-0.22126465,-0.1637187,-0.20649911
-0.18777417,-0.19583061,-0.15864347,-0.17299522,-0.22706367
-0.18355781,-0.21852186,-0.15423714,-0.1803227,-0.1991718
-0.21048002,0.20313834,0.16087852,0.20881498,-0.16325355
-0.16021399,-0.1759866,-0.22681251,0.21981208,0.1737591
0.17440352,0.18286411,-0.15495959,-0.153269,0.19454682
-0.16624966,-0.22932588,-0.18756177,-0.22723176,-0.17243911
0.15579978,0.17170033,-0.15639436,-0.14255275,0.16081299
-0.21248983,-0.18212554,0.20524035,-0.19493799,-0.20163107
-0.21704234,-0.16857934,-0.14385206,-0.2093156,-0.1665677
0.20950799,-0.15172337,-0.19276176,-0.18625946,-0.15481222
0.2159385,-0.14349827,-0.2004854,-0.16997407,-0.15644245
0.15731212,-0.17878014,-0.19767348,-0.15891895,0.16684139
-0.18452685,-0.16091116,0.14661554,0.14990564,0.16459876
-0.15898122,0.21765444,-0.21821243,-0.1791397,0.16396108
-0.20839895,0.22623782,0.20924315,0.17543182,-0.18108161
0.19627674,0.1981077,-0.20296237,-0.21398045,0.2172662
-0.18165201,-0.16894852,0.1707193,-0.16482428,0.22021319
-0.16046996,0.19981621,-0.14366953,-0.18776716,0.19705674
-0.14517696,-0.14420281,-0.20654143,-0.14737846,-0.1711593
-0.19267419,-0.14862184,0.16448449,-0.15860403,-0.14335056
-0.21850349,-0.21404934,-0.23198196,-0.19571717,-0.22828525
-0.20264268,-0.1740886,-0.15605749,-0.16275936,-0.1628423
-0.16911279,-0.2154062,-0.22317503,0.18952146,-0.14520372
-0.18514952,-0.19151187,-0.21802431,-0.20984511,-0.22214173
0.22346944,-0.19495593,-0.22717701,-0.18287294,-0.18442495
-0.19318716,-0.1716537,0.2117072,-0.2297262,-0.22154284
-0.18981813,-0.229133,-0.22827815,-0.14816971,-0.19106841
-0.02210981,-0.015340181,-0.034914974,0.034899015,-0.009697328
-0.025144048,-0.033917256,0.02613919,-0.006181896,-0.0046983026
-0.011655873,-0.021588024,0.007955496,0.03440729,-0.025919614
0.002142722,-0.03401119,-0.020969717,0.039255068,0.00046890584
0.04308094,-0.007835369,-0.024375118,-0.02672049,0.039637197
-0.2220606,-0.16420123,-0.17651929,-0.17447247,-0.16243638
-0.19937088,-0.15999916,-0.22330175,-0.20340587,-0.1549326
0.20093887,-0.19362526,-0.1981153,-0.21497871,-0.16047606
0.18623711,-0.18918352,-0.17709503,-0.15466899,-0.21048675
0.17226467,-0.15728514,-0.16241068,-0.20967093,-0.23190728
0.00829632,0.023518698,0.010682017,0.031721503,-0.03548524
0.022552358,-0.027802344,0.025169482,0.033259917,0.014163974
0.036182914,-0.029478155,-0.039997704,-0.04299982,0.028077478
0.01566634,-0.03274797,0.021657698,0.04080432,-0.044099003
0.032441817,0.006859044,0.004160022,0.040239975,0.040499225
-0.16882248,-0.1523156,-0.1690655,-0.18038325,-0.22697435
0.19601947,-0.21932952,-0.17389561,-0.17977034,-0.18666436
-0.21823092,-0.21477737,-0.15461081,-0.16588949,-0.16408794
-0.20099565,-0.19536227,-0.19911644,-0.1569159,-0.20697139
-0.15949954,-0.1568195,-0.22857092,-0.18739776,-0.19618502
-0.21238774,-0.16835652,-0.19310293,-0.14851548,0.15966922
-0.16689189,-0.22585283,-0.21008241,-0.18460533,0.22298706
-0.16411377,-0.22439116,-0.18271635,0.1612657,0.18960129
-0.22489785,-0.20079105,-0.15699168,-0.22870287,-0.23030788
0.19581549,-0.18153894,-0.19584315,-0.14861521,-0.21459562
-0.21482052,-0.22109842,-0.19599284,-0.1990838,-0.15999968
-0.19018188,-0.1733885,-0.206255,-0.15139307,-0.14996906
-0.22772183,-0.1991646,-0.22561412,-0.16867074,-0.22674195
-0.20881583,-0.14298694,-0.23036872,-0.15466885,-0.18389054
-0.1519105,-0.21036674,-0.1582948,-0.18227232,-0.18423116
-0.15714552,-0.23015408,0.15162072,-0.1444758,-0.2145236
-0.21987934,-0.18985605,-0.20198351,-0.19378754,-0.21762834
0.20380348,-0.22614887,-0.18404871,-0.16157275,0.19622649
-0.18172212,-0.1811292,-0.20077096,-0.19617367,-0.20652512
0.15745576,0.16397057,0.23186934,0.18017575,-0.17200063
-0.15674363,-0.19116211,-0.21172878,-0.2179708,-0.20414646
-0.17170817,-0.22533318,-0.19313131,-0.17065983,-0.15118514
-0.17420878,-0.17882375,-0.15705559,-0.1670062,-0.17254056
-0.20153639,-0.22353326,-0.19733071,-0.19578171,-0.18438557
-0.19258855,-0.1695903,-0.15795092,-0.20580146,-0.23010497
-0.21061496,-0.20906879,0.21301645,-0.2165151,-0.19187663
-0.1971435,-0.21481021,-0.16739757,-0.20629954,-0.18998401
0.15622406,0.1831569,-0.18131705,-0.18949106,-0.20438106
0.20095588,-0.19925581,-0.21246466,-0.22064802,-0.19714199
0.14541608,-0.15054859,-0.20902829,-0.20619746,-0.18353543
