-0.0045855595
0.037441604
0.024238985
-0.029558841
-0.030779116
0.022605952
-0.020522173
-0.004901343
0.013643884
0.010484727
-0.017051188
0.008579474
0.02831748
0.011545796
-0.0005360486
0.0038055903
-0.010406179
0.020968812
-0.05006281
0.0048739365
0.022071302
-0.026827054
-0.029149245
-0.030705621
-0.029566547
-0.021957178
0.009295905
-0.020252468
0.0006073138
0.012193883
-0.03509364
0.06435322
-0.031305257
-0.035219345
-0.0060380646
0.024092365
-0.032871846
-0.01775769
0.008051094
0.04553075
0.00026768944
0.017747562
0.012583549
0.015404135
-0.026572198
-0.0006329267
0.0022751486
0.026920067
-0.0020921892
-0.00884082
-0.032681543
0.03268967
0.019598728
0.02625504
-0.0027947775
-0.0015738106
-0.020382104
-0.047561973
0.01360701
-0.008703235
0.080274925
-0.0066736713
-0.03275816
-0.044807747
-0.03565025
-0.03355715
-0.046360496
-0.035431847
-0.017053826
-0.010415418
-0.026157603
0.03579951
0.006146969
-0.0055458066
-0.023163358
-0.0038139482
0.027976763
-0.035985667
0.030658765
-0.025628878
-0.010152188
0.00062514073
0.020729076
-0.004283591
-0.008179066
0.031335298
0.0099131465
-0.029828474
0.02929152
0.016988477
-0.011916438
-0.020670766
-0.042807817
0.03072509
-0.007048823
0.0005090491
0.0070082634
-0.018963544
-0.018197304
0.017665708
-0.016943157
0.05618201
-0.0008796955
-0.04009655
-0.03148773
-0.05785272
0.02410727
0.019944396
-0.0068286727
0.019782243
0.009819537
0.007723764
-6.7403686e-05
-0.006367328
0.039831433
-0.004858022
0.010185595
-0.014868445
0.0039779185
0.012395726
0.033914585
-0.049877282
0.014794466
-0.038875423
-0.0041633463
0.0043740347
0.011737427
-0.007698802
0.013953837
-0.047437064
-0.059371553
-0.054876868
-0.020203913
0.010043752
0.045278136
-0.009656592
-0.024625858
0.027435461
0.01535196
-0.012514662
0.028432515
-0.031659763
0.008945319
0.016192535
0.046872955
-0.0042815004
-0.024626864
0.011864463
-0.024258956
-0.0097491415
0.011347751
0.011077035
0.0031233835
-0.001435956
0.00796369
-0.046239585
-0.038092263
-0.0026817666
-0.010556307
-0.008280084
0.006243913
-0.014108912
-0.027688699
0.027323859
-0.0117943315
0.029471435
0.0048213904
-0.020140985
0.01668219
-0.025078345
0.0025156252
-4.7943345e-06
0.039672863
-0.02887301
0.009871255
0.016136944
-0.020741664
0.012655244
-0.038087748
-0.0075095524
-0.018346565
0.025515582
-0.06483027
-0.015231604
0.009300338
-0.036649186
0.0040983255
-0.030399906
0.024621643
-0.036376588
-0.0046527
0.053687423
-0.0075509497
-0.01386578
-0.030069621
-0.05980455
0.0118196625
-0.035445213
-0.018383866
0.024557663
-0.010373469
-0.039365478
0.020293744
-0.011279151
-0.024245081
0.008714327
-0.017097425
-0.025275687
0.006601208
0.024436876
-0.022958403
0.020513972
-7.11494e-05
-0.022875054
-0.028364148
0.004417775
-0.027662683
0.047856174
-0.018541427
-0.016363563
0.008258475
0.014788634
0.022348437
0.03558269
0.009264757
-0.0054836757
0.002309804
0.0099826725
0.0142746465
-0.013867873
-0.009180227
0.03933866
-0.018026402
-0.04425049
-0.0038631381
0.014963875
0.028606951
0.015057268
-0.017281407
-0.003589563
0.0051069474
-0.0014314038
-0.038611375
-0.0019679135
-0.0068225027
-0.025514806
-0.0019628599
-0.034817748
0.017545998
-0.018098122
0.004109346
-0.06052221
0.026530264
-0.012694338
-0.030852558
-0.034117945
0.022589307
-0.010468646
-0.031990092
-0.057482313
-0.03731879
0.0019106051
-0.010920057
0.013954012
-0.06404534
-0.0213571
0.013421057
0.01555035
-0.026417311
-0.009273434
-0.025099387
-0.009898111
-0.0061072684
0.008610297
-0.0257701
-0.01447808
-0.025168382
0.016459579
0.0077259443
-0.03761788
0.027319377
-0.017522627
-0.015392947
-0.03606136
0.009044567
0.028633777
-0.03999756
-0.010407222
0.025653759
-0.011469911
0.007695568
-0.020999454
0.015741708
-0.019300366
-0.033608466
-0.040959604
0.01141278
-0.022546737
0.03211544
0.016884109
0.007467907
-0.027127376
-0.014418269
-0.025274744
-0.024458919
-0.0031752693
0.029820848
0.02185102
-0.05283748
-0.02350509
0.02100885
-0.08084423
-0.028702252
0.04172651
-0.015248942
-0.05525558
0.028474692
0.051228806
-0.029430173
-0.0026276514
0.0104031935
-0.034103137
-0.0081347795
-0.015539654
0.02482223
-0.0415685
-0.0010719761
0.035630513
0.012396033
-0.012009366
-0.023574414
0.06652343
-0.02833436
-0.04227647
0.029160783
0.013832532
0.008194029
-0.023699628
0.02350108
-0.019773874
-0.020798717
0.015322653
-0.021748733
0.023066541
0.0074435025
-0.017525572
0.023496268
-0.017528111
0.025143359
-0.037080664
-0.058102183
-0.015846603
-0.02218491
0.0052409414
-0.019155562
0.015613521
0.024207145
0.0052716103
-0.016215736
0.0006411826
0.023013277
0.023447065
0.0141647
-0.012150818
-0.021106312
-0.010417461
-0.06609754
-0.020553784
-0.012848833
0.03059198
-0.061117824
0.027131703
0.0029965248
-0.028162714
0.013620326
-0.03467212
0.03680521
-0.046065845
0.018743714
-0.019911721
0.01962845
0.006160794
-0.00649755
-0.032705806
-0.015005736
0.0060640243
-0.018351138
-0.017960427
-0.027644759
0.004462018
-0.0016581876
-0.055192277
0.0002405755
-0.003778811
0.054080613
0.017767478
0.008987491
-0.026894642
0.03380791
0.04672187
-0.041493326
0.034272924
-0.019305846
0.039724186
-0.05705318
0.03630757
-0.04151171
-0.007341743
-0.0010178792
-0.031371947
0.036456477
-0.0045539807
-0.026355892
-0.0025356587
-0.005685242
-0.03368201
0.01818504
-0.0050393087
0.035142127
-0.013150321
-0.019984266
0.020622242
-0.0335179
-0.026745714
0.043036304
0.015844213
-0.00028764835
-0.002392169
0.042248853
-0.023879917
-0.033251427
0.0034209818
-0.0157109
0.00089160155
-0.029698238
-0.019293008
0.04162443
-0.0055652657
-0.03637877
-0.010137215
0.025737751
-0.0020995922
0.006418608
-0.032227855
-0.043311488
0.06940716
0.002889323
-0.04510709
0.0009397282
-0.011684573
-0.033952743
-0.037096
0.010460912
-0.0017382184
-0.046715517
-0.020700848
-0.015021944
0.032236136
0.01720395
0.016881337
0.00597251
-0.0115617635
0.00041513515
0.02013644
0.028878625
-0.021098657
-0.005476789
-0.0028857563
0.0019033552
-0.030847413
-0.027531663
0.014780741
-0.0007511861
0.025728786
-0.017836811
0.009570466
-0.041213445
0.0030819562
0.013099999
-0.006743632
0.018743914
0.017792989
0.02334828
0.024259988
-0.02237096
-0.0392846
0.023764016
-0.0068695764
-0.011823839
-0.02072608
-0.0052900133
0.043227505
0.022799512
-0.03414708
-0.0139899375
-0.04273375
-0.045328304
-0.0063698282
0.016456284
0.024829045
