0.010361016,-0.0042139455,-0.01574372,0.015092399,-0.025039695
-0.04959997,0.040138952,0.023199672,-0.0051404634,-0.010457416
0.031117178,-0.0148354145,-0.02853576,0.015482953,0.0027861695
0.020286912,-0.06649917,0.01766135,0.010715242,0.023456719
-0.038341247,-0.02921485,-0.000963817,-0.060477193,0.0071272613
-0.053072866,-0.07674365,0.0015914929,0.021075806,0.040838502
-0.03404563,-0.044357624,-0.04246214,-0.036328178,-0.032363083
-0.0123909535,0.0020386893,-0.046742987,-0.048806507,-0.057057623
0.031101393,0.0381759,-0.014046341,-0.044439796,-0.026706558
0.03409217,-0.006285938,-0.033996183,0.06373185,0.016872993
0.00015998214,-0.016425068,-0.054089572,0.0039331485,-0.006124215
0.025568005,-0.0010975722,0.019533778,-0.02159497,-0.0033712056
-0.024843188,-0.03552859,-0.0071783466,-0.043884303,-0.043778624
0.0050138747,-0.008713816,-0.032080233,0.033553958,-0.016645085
0.055446737,0.02914586,0.0098416405,-0.03628752,0.03580912
0.036277935,-0.048028912,0.008307261,0.06409878,0.016446698
0.048624795,0.029132865,-0.048741713,-0.009726014,-0.037368692
0.039512422,-0.017129239,0.029007057,-0.05220088,-0.051187523
-0.0021950721,-0.044784192,0.014708431,0.018845573,-0.021261808
-0.0049530086,0.04054923,0.028063824,0.013343364,0.009244217
0.014837695,0.019495644,-0.04116568,0.0068207355,-0.020754505
0.03642691,0.0020582036,0.0010432468,0.027890952,-0.019740004
-0.04568129,0.021883955,0.058632363,0.05954835,0.03073563
-0.03900013,-0.034123395,-0.008650841,-0.013586526,0.06334236
0.009536466,0.0019478519,-0.017380929,0.026127707,-0.02673905
-0.036551323,0.04243039,-0.0041163177,0.025231848,0.029014364
-0.023540378,-0.0680543,-0.024861194,-0.02319959,0.01479755
0.011474727,-0.06021608,-0.084099814,-0.019661622,0.0048153824
-0.013371923,0.029770931,-0.00935577,-0.03678195,-0.004749399
0.032058496,0.021187264,0.022753278,0.025414566,-0.01826632
-0.065077536,-0.04649518,0.008644904,0.013496582,-0.002449158
-0.018032815,0.0404609,-0.040171623,-0.0631945,-0.015889147
0.010875353,0.03703852,0.041498102,0.013489003,-0.053237442
-0.060343944,0.013808573,0.043552864,0.023630684,-0.058411695
-0.025966441,0.004847904,0.03838304,-0.022730388,-0.02092843
0.028586842,-0.020040127,-0.08075358,-0.033465907,-0.043843865
-0.017845672,0.025447315,-0.008957388,-0.001317759,-0.054481182
-0.043205176,-0.005684075,0.008974651,0.010600804,-0.0043246415
-0.028452335,-0.024039095,-0.015962267,0.05389655,0.0025514038
-0.015016556,0.019370634,-0.06961578,-0.02156144,-0.010309285
0.0016696142,-0.012303488,-0.03148673,-0.0086383335,0.032127164
0.007258823,-0.033715133,-0.05295873,0.033462718,0.01674086
-0.023674125,0.043485895,-0.01587111,0.019909358,-0.036664486
0.008985631,0.056784797,0.019312028,-0.012174939,0.0041061933
0.05181314,-0.02246213,0.013938704,0.018456664,0.028027248
-0.041920315,-0.061286274,-0.07757702,0.02306118,-0.04072023
0.005268118,-0.007480387,-0.10662885,-0.031693198,0.011045214
0.006756068,0.010567875,0.051036745,0.013685245,-0.009392908
0.013930658,-0.014566724,0.04105618,0.03866544,-0.02159045
-0.025758116,-0.031002143,-0.047188614,-0.02664801,0.010954242
0.026153427,0.03632151,0.0047377427,-0.0071074236,-0.005643945
0.0146603035,-0.047882754,-0.058156963,0.0104464935,-0.072181925
-0.046636496,-0.0016405508,-0.055865776,0.022326501,-0.002353124
-0.026196672,0.020334626,-0.06948009,-0.069034085,0.02026645
0.0006913824,0.029281922,-0.018162623,-0.024289886,-0.00055594434
0.034009088,0.01891219,-0.022134295,-0.08074041,-0.07402408
-0.06816837,-0.03487851,0.06525728,0.047198955,-0.0090836575
-0.044302654,-0.019325124,0.015917728,0.027651496,0.053657833
-0.0027471893,0.018260352,-0.012772303,-0.021391965,0.023223998
-0.03987181,-0.0271131,-0.0036027394,-0.05160495,-0.0042827222
-0.023578776,0.08148881,0.035606027,0.05445226,0.025429985
-0.007432087,-0.04006044,0.029151822,0.002368145,0.014904813
0.020297017,-0.09071934,-0.0608048,0.027515568,-0.023788907
0.016568959,-0.06868453,-0.036247913,-0.017045941,-0.028666941
0.011484601,-0.014048649,-0.052398603,-0.046355255,-0.014303505
0.017039698,0.0036461297,0.040908776,-0.04286575,-0.005421625
-0.01577617,-0.025181992,0.06572742,0.060384437,0.012684382
-0.04367657,-0.010357246,0.027583485,0.04118412,0.038180776
0.004244742,-0.069503926,-0.04899172,-0.02702911,-0.01507755
0.030774582,-0.024684856,-0.011019044,-0.072332315,-0.058316886
-0.10889847,-0.04124337,0.026383292,0.022766791,-0.023072487
-0.011304939,-0.091246516,-0.05259564,0.015017509,0.021195795
0.030099936,0.027779477,-0.08758288,-0.042290907,0.0096316775
-0.008199387,0.029698467,-0.04695991,-0.059199795,-0.058817293
-0.02164941,-0.032354392,0.025694514,-0.07699475,-0.039519053
-0.0044433135,0.021608774,0.0087194685,-0.0056249863,-0.021220887
0.030537475,0.08524855,-0.009873052,-0.041756466,0.0066968044
-0.04933853,0.004380391,0.061591964,-0.013902171,-0.08255892
-0.018307168,-0.00027470823,0.028142989,0.059017997,0.042326845
-0.025124105,0.052266117,-0.02194372,0.039663248,0.044384934
-0.022993479,0.012058164,-0.043977723,-0.026274653,0.0125783505
-0.045222167,0.02409579,0.063152514,0.030028623,0.00289211
-0.009088289,-0.04652295,0.010588765,0.031832945,0.010058088
-0.00876062,-0.043928742,0.012026659,0.034576766,0.06813385
0.0028181567,-0.024739023,-0.015878832,-0.06157372,0.031736393
-0.014431883,-0.0781036,-0.03482876,0.022358581,0.0058101686
-0.06374363,-0.025977146,-0.013305398,-0.094172105,-0.0010079361
-0.0014613002,-0.053261302,-0.042056296,-0.029142747,-0.006195625
-0.032025468,0.012339582,0.018885821,0.03564289,0.0056849876
0.010083776,-0.022009322,0.031986665,-0.030133206,0.0032792995
0.0891524,0.017686525,-0.047634475,-0.1105727,-0.036990285
0.064338,0.147855,0.09788577,-0.0377141,-0.091336675
-0.067831665,-0.01523376,0.16694367,0.07875994,0.04157011
-0.020665763,-0.067797735,-0.02791906,0.129758,0.09850399
-0.086655594,-0.015578955,-0.01589157,-0.056566313,0.06010955
-0.000810726,-0.036031105,-0.024487743,-0.02001142,-0.04937362
-0.017517684,0.023742106,0.062140323,-0.004456661,-0.0649283
-0.010079991,-0.042674765,0.0014057957,0.043020368,0.031722814
-0.037441906,-0.0076720472,0.018981582,0.058001675,0.036547855
-0.01061724,-0.04600892,0.016562736,-0.0071401987,0.054069344
