0.06607753,-0.030531721,-0.032700613,-0.040730476,0.013702116
-0.008194245,-0.07077287,0.008463165,0.028986115,0.0064373133
-0.086662635,-0.009424322,-0.01397672,-0.004928302,-0.036890656
-0.054727644,-0.07834578,-0.0318068,-0.008474319,-0.016283203
-0.018977629,-0.03423847,-0.02943984,-0.042440988,-0.011284071
-0.022336388,-0.029132038,-0.03777845,-0.024336603,-0.022646718
-0.0017805644,0.01882966,-0.012815534,0.012813725,0.002898405
0.043435864,0.0479943,0.012320644,0.012836341,0.02252335
-0.0018061938,0.0007866434,0.002580396,0.022186141,-0.060071018
0.04775982,0.04351822,-0.018998193,0.024236206,-0.017287498
-0.0041224146,0.02167138,0.052284423,0.00025990183,0.08691722
-0.048251383,-0.036282826,0.100572295,0.054720182,-0.012389014
-0.04878264,0.053460453,0.0890218,-0.012819444,-0.02021172
0.0030565136,0.059180506,0.081240624,-0.011155244,-0.032043338
-0.0020831667,-0.020529073,0.016832665,-0.012956139,-0.013050899
-0.030721026,-0.039989647,-0.039501395,0.03388259,0.009508292
-0.044819172,-0.09442258,-0.006309328,0.048135016,-0.017536951
-0.038992614,-0.011505027,0.011216276,-0.0129007865,0.065487176
-0.045628913,-0.06313298,0.03139294,0.005147902,0.0038421988
0.0603442,0.04526709,0.021470053,0.052397918,0.019747892
-0.03397138,0.049442235,0.040822946,-0.0077664154,-0.020757305
0.019633532,0.019388292,0.039166234,-0.046507414,0.0034046231
-0.023181634,0.07610075,0.060521465,0.02997513,0.0089555485
0.02831859,0.08442544,0.08217981,-0.008297078,0.024524705
-0.053978045,0.007662607,0.063506946,-0.015308032,0.01644452
-0.065657705,-0.06671985,-0.02472581,0.03207667,-0.0014779944
-0.042808983,-0.078486815,0.02473924,0.07526174,-0.024378642
-0.08796907,-0.09633607,-0.02316178,0.06929502,0.099500015
-0.045727305,-0.07696377,0.029975025,0.081957914,0.002530376
-0.04027894,-0.022067217,0.06877706,0.06614694,0.00875289
-0.034364738,0.012186446,-0.008372578,0.00082278764,-0.02600606
-0.014693424,0.012981082,-0.052241765,-0.026318368,-0.0085115805
0.006293864,0.022962678,-0.021997388,-0.032505397,-0.0152410045
0.0046414877,-0.034059223,-0.030943852,-0.0443561,-0.057320848
-0.002411339,-0.031516604,-0.015420549,-0.03738735,0.003657006
-0.025069535,-0.00023391822,0.0036451821,0.0012711331,0.008250542
-0.046837643,-0.02422799,-0.045360297,0.045742474,0.059717536
-0.08068142,-0.040287152,0.048073042,-0.013244572,-0.0311307
0.009415492,-0.020050516,0.051583197,-0.001402725,-0.03254281
-0.035463717,-0.002996249,-0.027818514,0.013197915,0.012331045
0.018751288,0.036651224,0.021889115,-0.022337511,-0.04585366
-0.0103750145,0.008737487,0.015538659,-0.0033031888,-0.007801402
0.052807838,-0.034406852,-0.032606374,-0.02076398,-0.041710608
0.025968239,-0.017357975,-0.047987718,-0.0016242398,-0.021754367
0.0027798074,-0.034768153,-0.01930869,0.030387625,-0.013107084
0.016785553,-0.013170978,-0.03569178,-0.081003614,0.0007235673
0.06463705,0.07365333,-0.01749979,0.0021626882,0.0029732666
0.04237292,0.05477462,0.036548883,-0.029070769,-0.025767596
0.0733267,0.02460973,0.04841523,0.016903251,-0.034022678
0.04185922,-0.0049956157,0.023829281,0.0053702747,0.0033543485
-0.05608488,0.05485325,0.14631848,0.061806515,0.013732187
-0.052096203,0.06421153,-0.048591603,-0.007989598,0.04730458
-0.031090647,-0.07513094,-0.054021925,0.020372096,0.027277721
-0.055770304,-0.055474695,-0.012688886,0.077158146,0.04086833
-0.075709455,-0.01488777,0.012383588,0.012616055,-0.014417119
0.0040154215,0.0066695833,0.036843367,-0.0135985445,-0.033897385
-0.05241627,-0.009546163,0.02221273,0.006259268,0.049624376
-0.024892027,-0.025540898,-0.07146468,0.042820454,0.053404935
-0.00060337916,0.00030655356,-0.048113566,0.03361923,0.011549658
-0.014380874,0.010031142,-0.0334043,0.018486412,0.027175693
0.014936659,-0.030735431,-0.018477682,-0.012690599,0.018354725
-0.07453438,-0.11065572,-0.015878528,0.044517446,-0.013602257
-0.06421745,-0.0200334,-0.03586947,0.024715899,-0.014054099
-0.05063232,-0.034587353,-0.009898864,-0.015514841,0.025496544
0.017367024,-0.046024416,-0.02943236,-0.03639895,0.052191045
0.011721075,0.03428605,-0.08973571,-0.01537584,0.011590556
-0.021974087,-0.06805488,-0.0373504,0.06456836,0.036081888
-0.033660874,-0.11002904,-0.025643969,0.07070533,-0.028350059
-0.06886083,-0.04958612,-0.022244902,-0.051078096,0.023107532
-0.09427654,-0.114034936,-0.07927822,-0.082587995,0.01804659
0.054766428,-0.0020707487,-0.015233509,0.0029589625,-0.031768866
0.049192272,0.043722242,-0.0023324715,-0.021219531,-0.036769856
0.09123055,0.04195494,-0.05841722,0.0018468903,-0.020298027
0.10172643,0.008613948,0.0014759677,-0.010660704,-0.04035117
0.06197605,0.004761848,0.010351728,-0.05040737,-0.0013357985
5.1181923e-05,-0.09365982,-0.0031985252,0.054591496,0.038808003
-0.05891847,-0.09369333,-0.08829749,-0.0610917,0.05268369
-0.0649876,-0.0036011206,-0.0067915707,0.03395845,0.061331533
-0.05760304,-0.045634408,-0.0026426553,0.06031894,-0.0018234393
-0.03711709,0.0024659592,0.032554038,-0.00041952793,0.002790988
-0.024108175,-0.028257715,0.016680699,-0.05169514,0.0060332753
-0.058896944,0.034911044,0.0355997,0.027720451,-0.0018316015
-0.011820595,0.06261003,0.0062591354,-0.0073741623,0.014195294
-0.026380602,0.06431175,0.05525702,0.050255947,-0.01414354
0.001472465,-0.045893345,-0.0068440503,0.047844157,-0.0052881152
0.0009516438,0.051041573,0.050530292,0.012077294,-0.046918716
0.022643724,0.051935874,0.016463345,-0.06647624,-0.038768966
0.018815344,0.049393427,-0.06507529,-0.031574268,0.010703344
-0.020816786,0.017003324,-0.024078196,-0.059923824,-0.08168461
0.036014486,0.0015883584,-0.055561285,0.003090487,-0.0363365
-0.05863449,-0.07957607,0.01973655,-0.052711874,-0.052041136
-0.038124282,-0.096272625,-0.037055667,-0.050138038,0.04199568
-0.051808238,-0.03507136,0.045926433,-0.007983894,0.012849033
0.032771006,0.059234113,0.067969635,0.016886834,0.042590313
-0.03317405,0.03217571,0.034324616,0.068408854,0.042992465
0.009182503,0.0067449515,-0.014095522,-0.02366063,-4.4850967e-06
-0.00716988,0.041982986,-0.008508728,0.031832725,-0.06246349
0.0035018998,0.11477987,0.09207933,-0.023744665,-0.0150946025
0.06160121,0.13303952,0.027796961,0.045029093,-0.0004792858
0.048775233,0.034806214,-0.00802034,-0.022056067,-0.039827667
