-0.043582987,-0.034998406,-0.07597983,-0.031720184,0.011055984
0.008301476,-0.023943499,-0.06043931,0.0058630696,0.03841165
-0.0013295682,-0.07109685,-0.016615534,0.028701324,0.058751386
-0.0050930125,0.0010819255,0.00023892679,0.041217063,0.03351272
0.009309756,0.047908172,-0.0045003896,0.023986142,0.030899625
-0.005300055,-0.00028504292,-0.053565383,-0.06328831,-0.018468468
0.07080056,0.031301398,-0.07057019,-0.052791312,0.014853631
0.092159785,0.03736596,-0.024345325,-0.0363934,-0.036663618
-0.009067643,0.065488204,-0.042171102,-0.035912655,-0.020296272
-0.014104573,0.04879735,0.031757586,-0.01785899,-0.013006608
-0.08913158,-0.021802649,0.019444065,0.00042243258,0.0027810684
-0.057342254,0.0037017285,0.048222907,0.049705215,-0.0055110245
-0.062193494,0.025454568,0.077333115,0.03497672,-0.007878498
-0.045228012,0.026403017,0.021953162,0.04142031,0.0085316785
0.03716845,-0.04161685,-0.07962743,-0.031085692,-0.01280064
-0.018107537,-0.0022239625,-0.06517501,-0.015900431,-0.03586069
-0.019280994,-0.058774237,-0.040637653,-0.03188906,-0.02354523
0.05882494,-0.0072785756,-0.010584716,-0.027074665,0.0024051692
-0.036919605,0.044917345,0.036109757,-0.030617867,-0.04576464
0.017081663,0.01729605,-0.0039605824,-0.022426728,-0.027818086
-0.008156177,-0.013643776,-0.021632021,0.07299762,-0.029707083
-0.028395731,-0.05188,-0.0050590765,0.06932385,0.008462576
-0.034275055,-0.014968154,0.006846947,0.018795589,-0.0005930428
-0.03940301,0.03296563,-0.003360464,0.0027863933,-0.0030307383
-0.03307773,-0.033791915,-0.054253552,0.032594394,8.755588e-05
-0.06903923,-0.025340142,0.00491745,-0.04009856,-0.037090566
-0.03733729,-0.08145236,-0.009582638,-0.041927695,0.019277511
-0.012238091,-0.010862259,0.0024039526,-0.03232239,0.0121824145
-0.0019999205,0.025563788,-0.026396524,0.015580913,0.019717151
0.034799207,-0.03247458,-0.008106577,-0.050520793,-0.03752936
-0.011942082,0.08235618,0.13888593,0.01001938,-0.0573218
-0.002322774,0.11476701,0.025760133,0.036064193,-0.042380825
0.0020304436,0.035530098,0.024247522,-0.015627043,-0.018523093
0.0151661625,-0.077112935,0.01727718,-0.037034854,-0.024056993
-0.06993039,-0.02969514,-0.00821805,0.025788829,-0.012945005
-0.0012038613,0.019479757,-0.012673857,-0.08285467,-0.054397915
-0.029310916,-0.04889235,-0.04462072,-0.03288362,0.011332948
-0.012989781,-0.06878345,-0.08356414,0.0054536615,-0.026406694
-0.036583204,-0.040671516,-0.023093123,0.037031423,0.0076479614
-0.0023583402,-0.019194093,-0.02378141,-0.025278142,-0.005281928
0.021579541,-0.04947845,-0.0037751559,-0.043289836,0.016342094
0.06928516,0.021390986,-0.034997452,0.026415704,0.015244869
0.03667477,0.008509322,0.017005973,-0.039388534,-0.015383916
0.0555636,0.034742586,-0.0002563974,0.025385851,-0.032766197
-0.021095207,0.054080367,0.026627397,0.011514706,0.0145712765
0.074330755,0.0942862,0.036491666,-0.06597586,-0.05471806
0.07815221,0.059926778,-0.03932154,-0.012943756,-0.017434198
0.027495867,0.072747946,-0.002620095,-0.062759414,0.018486103
0.020514833,0.092829846,0.04982596,0.06010746,-0.0067671416
-0.07022544,0.07250649,0.12276365,0.06520483,-8.76293e-05
-0.04423446,0.036222883,0.0088819945,-0.031594317,-0.100174226
-0.022570195,-0.022446822,-0.0731026,-0.096101254,-0.051601596
0.014586505,-0.00810943,-0.056033142,-0.066974536,-0.039820183
-0.028712716,-0.029497124,-0.035565633,-0.057610266,-0.041275084
-0.071013734,-0.040589686,-0.058180474,-0.07121784,-0.012958558
0.007859387,-0.0043213503,-0.05767342,-0.0664795,-0.0024561612
0.036341086,-0.018188754,-0.07093614,-0.07008218,-0.049104847
-0.08614717,-0.03726016,-0.10172396,-0.05397972,-0.03316503
-0.026184587,-0.060450595,-0.06665887,-0.032675363,0.0066569056
-0.012593148,-0.067544095,-0.0060349824,-0.015773023,0.04368751
-0.010482098,-0.06340701,-0.015673777,0.04988907,0.051842704
-0.025317201,-0.05649929,-0.021781813,0.031327274,-0.009419546
0.0027117128,-0.047887545,0.024355136,0.04769431,0.08951786
0.04086311,0.038658712,0.004127946,0.0349805,0.022123773
0.061899792,0.07206379,0.024792697,0.012507287,0.03607543
0.009723453,-0.033332165,-0.08064713,-0.08343793,0.005913786
-0.02949974,-0.08560636,-0.1106935,-0.024447562,0.078882605
-0.021977734,-0.09430354,-0.06640485,0.026191827,0.07070638
-0.027122911,-0.025222909,0.014099996,0.05377094,0.039210364
0.02143282,0.08067861,-0.014766473,0.03227054,-0.010870209
0.027482342,0.0158976,0.0251333,-0.03453837,0.0052742115
0.09937058,0.08911937,0.034578625,0.008407968,-0.0515963
0.05485071,0.058286004,-0.029284472,-0.057113267,0.014153651
0.039875563,0.07624277,0.022018416,-0.007162238,-0.02918782
-0.07436398,0.040432815,-0.006562914,0.016195787,0.059768878
-0.020511867,-0.026735092,-0.03496886,-0.0442274,0.01427434
0.03744974,0.010336278,-0.004895552,-0.0349895,-0.031750407
-0.026594115,0.0036604435,-0.056663003,-0.06462357,-0.0899518
-0.011929343,-0.045784462,0.03013926,-0.03873452,-0.05685645
-0.081300095,-0.021582136,0.016797163,-0.04552374,-0.020118495
-0.09570659,-0.033085376,0.066999234,0.0176916,-0.03161017
-0.067338504,-0.007316519,0.0872721,0.02787438,-0.034394983
-0.028452458,0.008797156,0.023685958,0.026392274,0.008502466
0.044220366,-0.058188878,0.0029443777,0.0380297,0.048961334
0.012985334,-0.04653977,0.016048092,0.0143418275,-0.015840335
-0.039755374,0.010892669,0.11401541,0.13929069,0.03370222
-0.07734989,0.087818295,0.14135121,0.09432655,-0.06906921
0.043512907,0.0127562275,0.07094598,-0.049380817,0.0066853645
0.001619927,0.0056634503,0.011534186,-0.055385444,0.011701716
0.03604597,-0.035018608,0.009554907,0.010734442,0.013010652
-0.11252726,-0.0397043,-0.0050905296,-0.010392476,-0.03303713
-0.09173947,-0.09427285,-0.07976974,-0.07602868,-0.06821888
-0.08361193,-0.09954617,-0.094909,-0.056753196,-0.039854527
-0.06516051,-0.049038474,-0.042824134,0.038793907,0.045704763
0.006639842,-0.069450855,-0.041483853,0.0019889798,0.018346969
-0.058216725,-0.06759539,0.029242635,0.033660933,-0.0032918116
-0.04349613,0.00086766336,0.025568288,-0.022879072,-0.0071854237
-0.050433792,-0.094896995,-0.009295844,-0.031711534,-0.04780551
-0.054377634,-0.065186515,0.06477624,-0.01715415,0.003247412
-0.017323662,-0.0523697,0.02388953,0.04052916,0.029607456
