0.035516217,0.03346374,0.017897286,0.06232791,0.013394626
0.011453179,-0.014147897,0.028596228,0.017806493,-0.0058403313
0.024771253,0.028383775,0.0014816625,-0.03929382,-0.029586796
-0.034260508,-0.06442594,-0.028858125,-0.05163382,0.010182324
-0.08049445,-0.07600241,-0.020915028,-0.0052690883,0.0255862
0.04591607,-0.025440693,-0.03796894,0.0061034807,-0.0020490475
-0.021722766,-0.040331136,-0.045322545,-0.024019724,-0.0034898752
-0.013684997,-0.0072648157,-0.11729915,0.025842335,-0.010912128
-0.0010989577,-0.01312842,-0.0494271,0.00096196396,0.0050437995
0.011985175,0.0016652494,-0.037630662,0.07046647,0.06906187
-0.022156974,-0.025589023,-0.02107405,-0.009597484,0.072645605
-0.046434525,0.032772265,-0.038725954,0.063623615,0.017880904
-0.041793045,-0.02359271,0.02716275,-0.03138338,0.039017145
-0.04452868,0.010490866,0.018851165,0.02931958,-0.0055791587
-0.05998552,0.058910243,0.08563856,0.05075663,-0.0020880518
0.02474657,-0.049095746,-0.033532295,0.008325862,-0.05762873
-0.0035703545,-0.028496908,-0.06701464,-0.05879302,-0.051183715
-0.0288071,-0.08795482,-0.09208183,-0.04447084,-0.0341829
-0.015518021,-0.076945335,-0.07215548,0.060796525,0.05707264
-0.07032047,-0.029249206,0.056339305,0.0739095,0.08162734
-0.0009511275,-0.018681489,0.019691141,-0.049415506,-0.008223144
-0.031267036,-0.003420387,-0.015519173,-0.027791793,-0.011981183
-0.01055746,-0.046778288,-0.05253012,0.0401667,0.034862094
0.013474341,0.002118591,0.045271784,0.042418636,-0.018314544
0.014581171,-0.0022824302,0.076692395,0.08665458,0.0036387977
0.0362866,-0.024062976,-0.016153524,-0.047627516,-0.049784634
0.026617792,-0.026978755,-0.02541546,-0.066741765,0.0009786048
0.0072392207,-0.07312282,-0.03240125,-0.005776295,0.0028272297
-0.035973337,-0.06674126,-0.027047638,0.04948826,0.074716724
-0.09574511,-0.01888717,0.05246813,0.095116265,0.03718266
0.0059595252,-0.00024590222,-0.042918753,-0.036895636,0.017725985
-0.026057025,0.04458604,0.06865883,0.032070063,-0.061954804
0.0040408275,0.049677256,0.081199996,-0.050956,-0.025304481
0.033151694,0.09044602,0.032974042,-0.05212391,-0.13258268
0.063082024,-0.036494765,-0.06654345,-0.085856974,-0.109811984
0.0059581986,-0.01551355,-0.004364531,0.0034972737,0.029461835
-0.029193144,-0.025988588,0.03654952,0.07334933,0.04936117
0.019654233,0.045492195,0.077692024,-0.012551089,-0.025812585
0.0423806,-0.007409569,-0.039522212,-0.031786233,-0.0072264257
-0.031667326,0.019809255,-0.009399046,0.020083403,0.0052816076
0.0173529,-0.020331938,0.009735178,0.044262152,0.045545146
-0.0022789226,-0.038525492,-0.030577611,0.030104486,-0.009767266
-0.010578384,-0.04882914,0.03813079,-0.024960864,0.021464355
-0.037302025,0.006907897,0.008922001,0.013644727,0.019175941
0.042137742,0.007886872,-0.058841415,0.009254337,0.0355262
-0.022220299,0.00079867494,-0.05233305,0.012808297,0.045634683
-0.024888888,0.043246906,0.040707707,-0.016053008,-0.036615226
0.0045584114,0.03826773,-0.052999794,-0.03420037,0.005708736
0.031033823,0.0084434105,-0.036082648,-0.041580215,-0.023774013
0.010198819,0.03117216,-0.054245915,-0.0565405,-0.045279536
-0.031881876,-0.04492846,0.02495896,-0.0025834325,0.061072897
-0.028279828,-0.037323907,0.01511636,0.043485846,0.06953438
-0.020336134,0.029483402,0.048339847,0.058242332,0.008254795
0.016814535,0.047471743,-0.003954958,-0.028135004,-0.0029594447
0.036374565,-0.084375344,-0.06475972,-0.061627828,0.019285444
0.03191669,0.013987488,-0.006852194,0.049355745,0.039171856
0.0027517634,-0.033453606,0.06743106,0.02990721,0.07491212
-0.019447265,0.048403412,0.043683365,0.00361179,0.04791348
-0.0163858,0.036006656,0.0072871074,-0.07953604,-0.03496509
0.049700946,-0.0064650546,-0.026276484,-0.042514257,0.005308977
-0.0079756705,0.035513155,0.040869538,0.017551733,0.0023349284
0.035949785,-0.004064982,-0.03863639,-0.062348783,0.019172972
-0.054728396,-0.060522877,-0.0652037,-0.090342246,-0.011832746
-0.02524477,-0.13127765,-0.062086254,-0.012855945,-0.015851589
-0.1096958,-0.12165198,-0.06714188,0.028981527,-0.0120563535
0.02748666,0.014078747,0.067723334,0.053243075,0.014664218
0.043035608,0.0075533497,0.010154105,0.019603118,-0.04784125
0.0931798,0.040120166,-0.027128384,-0.13414395,-0.039623782
-0.036900003,-0.11123694,-0.074706666,-0.044158928,-0.040817343
-0.16690034,-0.14371042,-0.102983646,-0.036205944,-0.028131515
0.021552198,-0.012250637,0.006044974,0.0076195,-0.0075148796
0.028937241,0.011336739,0.003156784,-0.05328803,-0.026522163
0.043744694,0.019371532,-0.09631247,-0.027061038,-0.04211811
-0.009884084,0.012590302,-0.10891547,-0.042595383,-0.07194531
0.027014473,0.023262465,-0.05073382,-0.055069443,-0.038279157
0.006195433,-0.007069142,-0.070025206,-0.039853282,-0.060430516
-0.033030584,-0.016069282,-0.030858317,-0.0025668512,0.04668629
-0.04172679,-0.077522434,-0.0335977,0.08190808,0.08336394
-0.059250027,-0.0669094,-0.037251953,0.01257485,0.13289937
0.0055688773,-0.016676018,-0.029121082,0.03585974,0.012286482
0.06273978,0.06864973,-0.044712357,0.042884216,-0.029731192
0.036080837,0.022985047,0.003175794,0.02090527,0.057430603
-0.032305505,-0.08741639,-0.069843344,-0.05117279,-0.004153244
-0.058381654,-0.008007737,-0.028935064,-0.025732312,-0.023430953
-0.026313208,-0.046545915,-0.013997838,0.058443002,-0.019795755
0.007833678,-0.036829896,-0.015076052,0.013455867,0.014597265
-0.03786445,-0.017827535,-0.062139817,0.042437993,0.01671117
-0.013806963,0.0056938743,-0.012138266,0.0039013908,-0.05005598
0.0065889675,0.010600465,0.04696491,0.00057657086,-0.02839257
0.06278216,0.080994956,-0.011372307,-0.036661185,-0.12975466
-0.03166628,-0.047201533,-0.040078618,-0.020576425,-0.005156915
0.032996204,-0.040886953,0.003315799,0.04171333,0.10679934
-0.015780617,-0.034026746,0.021939049,0.079397775,0.097619526
0.01214953,-0.08540694,-0.07942858,0.045747153,0.07582894
-0.08231672,-0.04159449,0.0176444,-0.003061201,-0.017801622
0.040479455,0.016431322,-0.03456621,0.027947672,-0.03182813
0.0034706958,-0.0033025218,0.04219131,-0.0066926787,0.031752046
-0.02214454,-0.043227766,0.03907047,0.0034172507,-0.013179231
-0.043214515,0.005629147,0.036643546,-0.009591537,0.008585131
-0.016975613,0.0752528,0.12511702,0.008735644,0.023018071
