0.0072284197,-0.022690117,-0.06168555,-0.08656607,-0.028386269
0.017775316,-0.0326121,-0.04890474,-0.026508177,0.076101825
0.046185795,0.046986252,-0.019133797,0.082305044,0.055533383
0.060239896,0.06600252,0.010893021,0.06886616,-0.021146374
0.02036534,0.0007038692,0.01373025,-0.006769537,-0.026662435
0.0062169908,0.027361924,-0.011159831,-0.03849527,-0.021936825
-0.01580142,0.061402462,0.01525742,-0.062143635,-0.010895194
-0.04328629,0.043039296,-0.049233686,-0.0351237,0.026779458
-0.049047984,-0.04033679,0.0014386539,0.010282827,0.02403643
-0.0632937,0.020935684,-0.032360677,-0.060963206,0.04347417
-0.020674504,-0.05245744,-0.0029922093,0.0065442715,0.050824273
0.03289053,-0.031977005,-0.019301405,0.011900031,0.017909704
0.0076208687,-0.068644345,-0.04461534,-0.038637277,0.034598272
-0.013886829,-0.09033732,-0.030671297,-0.0043544057,0.003966168
0.049307536,0.007894708,-0.032916036,-0.06422792,-0.04313583
-0.0128938155,-0.0012866702,-0.036647167,-0.007552773,-0.0017177775
0.014562947,-0.0050837384,-0.007606452,-0.030110026,-0.035223145
0.044338968,0.021122357,-0.0012253198,0.037795376,-0.0454945
-0.035216548,-0.019802734,0.031669963,-0.02190156,-0.062408794
-0.043764777,-0.011204695,-0.039303944,-0.033738915,0.017414842
-0.002571857,-0.004561745,-0.03889934,-0.053260975,0.03413815
-0.0046876697,-0.061770607,0.023042057,0.015678981,-0.008327778
0.04191213,-0.03050744,0.007474651,-0.012657008,-0.058591004
0.034855936,-0.05857891,-0.010000328,-0.063485496,0.009400376
-0.0031123967,-0.005257144,-0.032481316,-0.05025366,-0.0006811452
0.0090155685,-0.032816105,0.0076018,-0.018241161,0.015008318
0.043945063,0.021921823,-0.010001561,-0.003293923,-0.0320851
0.068149775,0.07348201,0.08501245,0.06242425,-0.018933466
-0.007199644,0.030357204,0.054967243,-0.038024206,-0.030339167
-0.05269073,-0.026281402,-0.030482078,-0.04742397,0.023371827
-0.07892285,0.03439412,-0.0018998339,0.057746653,-0.01497879
-0.022848014,-0.013208313,0.006610064,-0.0010768627,0.006070243
-0.059690043,-0.02405062,-0.031627383,-0.02259694,0.012659646
-0.05863014,-0.038992636,-0.016994255,-3.0146306e-05,-0.021104837
-0.0065915002,0.0063899336,-0.0146857565,-0.020000068,-0.009904545
-0.0047722855,-0.0128580555,0.027062451,-0.049022127,-0.0022480623
0.009846871,-0.015361627,-0.05060642,-0.06715764,-0.031774998
-0.005731393,-0.0012902912,0.0054291706,0.0057277265,0.028392391
-0.017882401,0.017440993,-0.034409285,0.013926179,0.010379871
0.053774834,0.07459495,0.03518666,-0.0148388455,0.0055388277
0.014842789,0.044947952,-0.016909426,-0.0014370839,-0.050954957
-0.032980315,0.02277357,-0.018087946,-0.010999825,0.00504905
0.030858524,-0.0019101006,-0.0029810667,0.01572403,0.0026698853
-0.046358023,0.031113647,-0.031578615,0.019264987,0.045677695
-0.014411349,-0.002702698,-0.048960667,0.0054805386,-0.041476756
0.0026589585,0.041021533,-0.039825186,-0.068015695,-0.03288908
-0.00017084152,-0.03293703,0.017675666,-0.049536366,-0.051454537
-0.05310586,-0.0066761845,-0.059743673,0.011834265,0.021110596
-0.020434346,-0.044552077,-0.021506313,-0.0539336,0.0025368573
-0.021410994,0.04889673,-0.034661666,0.011669632,0.014584453
-0.059192486,-0.045083202,-0.0038337307,0.00797802,-0.03738213
0.027150303,-0.029251816,0.036666248,0.004272676,-0.06387587
0.012117061,0.0188703,0.020479124,-0.02472063,-0.05640566
0.0011179605,0.01921165,-0.009388313,0.03626167,-3.499898e-05
-0.022060256,-0.00908297,0.05015973,0.057389513,0.029541166
-0.00021829114,-0.039086007,0.015292678,-0.03830701,-0.04185077
-0.015643068,-0.07081975,-0.051514626,0.0067075347,-0.08299063
0.010648897,-0.008674029,0.0058495486,-0.029352488,0.012924964
-0.020169288,-0.027273683,-0.040891096,-0.015959023,-0.012787761
0.019382419,-0.02845432,0.043976642,0.039077014,0.01231279
-0.030815117,-0.013444567,-0.06503458,-0.006937679,-0.014061936
-0.0045895693,0.044991706,0.034957618,0.0722166,-0.010491519
0.029654533,0.06281078,0.07112445,0.06944069,0.0245243
0.08597864,0.051879033,0.07424525,0.0441951,-0.044774078
0.0180326,0.014699316,0.012000796,-0.04044438,-0.008777851
-0.04109954,-0.0072124605,-0.030785525,-0.08246145,-0.033529453
0.0053519825,0.03332009,0.000714567,0.03621738,0.046432078
0.01823921,0.010269104,0.0021854953,0.10332934,0.120045945
0.0155986,0.06791486,0.06915685,0.061333623,0.06815708
0.033329107,0.09159162,0.058535006,-0.04205766,-0.022389716
0.0644477,0.016184771,0.009011881,-0.0042565414,0.0038907626
0.051955085,0.027937306,0.0027518545,-0.03297615,-0.018754423
-0.0047626863,-0.04930864,-0.054342426,-0.005557282,-0.00090501347
-0.071560286,-0.012195547,-0.042960502,0.000491083,0.0025376596
-0.0037138406,-0.038042746,-0.0019942382,0.029070055,0.04713166
0.05702505,-0.03336191,-0.053265188,-0.04913109,-0.016163278
-0.0040655765,-0.027073512,0.060009494,-0.038209446,-0.065831244
0.011335473,-0.034284115,-0.05436904,-0.027599575,-0.07440188
0.026513662,0.010220931,-0.0416264,-0.055171385,-0.02465974
0.005452884,-4.129737e-05,-0.0636511,-0.08112885,0.0325686
-0.01415095,-0.017396798,-0.0005288711,-0.016554685,-0.013616291
-0.0032597815,-0.005709557,-0.01961027,0.01422158,-0.019049803
0.03958071,0.017045835,0.027057352,-0.003873422,-0.036406107
0.025927141,-0.037595402,-0.030600348,-0.01845048,-0.019439615
-0.025216982,0.0097686285,-0.00934882,-0.0059992243,-0.055652894
-0.04189156,0.016336646,0.011294753,0.039285023,0.03682667
-0.026725791,-0.012728936,-0.0044803075,0.011890237,-0.0032127404
-0.04624095,-0.04662546,0.015611386,0.027034033,-0.021241017
0.00021792756,-0.053653963,-0.043979153,-0.04504967,-0.0559951
0.03664125,-0.023718368,0.00092823984,0.0023053514,0.019940395
0.029759329,0.011811965,-0.012671876,-0.0626904,-0.006057748
-0.019770242,0.009521998,-0.048157964,-0.056521975,-0.021140045
0.011636717,-0.04025282,-0.077939495,-0.04536003,-0.02199158
-0.028637704,-0.01576685,-0.03461841,0.0034832144,0.005974402
0.0045694606,0.005831601,0.03723856,-0.023431176,-0.033465046
0.005286982,-0.00959634,-0.05091929,0.011054611,0.015696976
-0.056316208,-0.039446145,0.017182052,-0.033189803,-0.038139675
-0.06325976,-0.031605843,-0.06638298,-0.021215325,-0.06644314
-0.049401022,0.017807387,-0.027014567,-0.037335735,-0.06414538
0.042064704,0.010446172,-0.011584709,-0.06783548,-0.010742816
