-0.01903631,-0.012541126,0.0027805064,-0.04180741,-0.024224503
-0.024153601,0.039914876,0.00789529,0.0012646072,0.023653882
0.03817073,0.0069159227,-0.05495588,0.017380709,-0.047226924
-0.031466655,-0.038941875,-0.091304585,-0.03853818,0.0017936795
-0.050894026,-0.012453127,0.04211459,0.015572253,-0.00078112015
-0.00070387986,0.06080916,-0.03521599,0.03914042,0.016563619
-0.013201002,-0.022775158,-0.01786272,-0.016769271,-0.02185805
-0.051003814,0.006953835,-0.072941594,-0.06267439,-0.06868394
-0.002781476,-0.0051109754,0.06604314,-0.011474745,-0.035250902
0.06737579,-0.0052968394,0.04329571,-0.000801554,-0.04595121
-0.026837498,0.043889895,-0.017077923,-0.008214014,0.04203821
-0.04496667,-0.03976826,0.025180327,0.045535557,-0.047872342
0.0493558,-0.003554327,0.02782184,-0.035280682,-0.0074506574
0.03783659,0.013996549,-0.022441395,0.035471365,0.093223445
0.014686808,0.0012894399,-0.038457993,-0.01769213,-0.036055088
0.021470828,-0.012523039,0.054756552,0.043461554,0.017762417
0.021262623,-0.052601207,-0.045074776,-0.045178723,-0.0060163005
-5.696706e-05,-0.025168056,-0.026606398,-0.04383758,-0.04667596
0.04563043,0.04305009,0.072656125,0.015488381,0.008748494
0.032688323,-0.018835645,0.014447273,0.014045665,-0.006725987
-0.0119651845,-0.05801298,0.005801216,-0.00862009,0.05044069
-0.013487287,-0.07352864,-0.015833162,-0.01823299,0.019994145
0.030605422,-0.0015535757,-0.002239995,0.030096408,-0.015865806
0.028578361,-0.025034467,0.025678035,-0.005251399,-0.034583416
0.020598372,-0.043636817,0.010203761,-0.039014693,0.020691037
0.034940258,0.011217406,0.02165851,-0.0015213779,-0.006503351
0.0035796918,0.007164914,0.059754733,-0.04472272,-0.0327882
-0.0137848845,-0.06253221,-0.02029116,0.006970825,-0.00041633387
-0.059139732,0.042497106,0.091068015,0.10479746,0.022487214
0.07114354,0.021508656,-0.0030733251,0.008503825,-0.008996469
-0.015527764,-0.021084888,-0.070662126,-0.03222967,-0.08324169
-0.0068140407,0.045366436,-0.020896615,0.045949575,0.04048965
-0.018844936,-0.026129657,0.04139735,0.041719057,0.07996816
-0.019130452,0.030965652,0.023977345,-0.04989599,0.008058501
-0.04922803,-0.06843642,-0.061841603,-0.006006063,0.028244236
0.021873713,0.05697274,0.0057712905,-0.039803915,-0.025587423
0.013609969,-0.012755917,0.076751724,0.07683399,0.063704364
0.06839046,0.11424479,0.07795746,0.009477645,-0.033905845
0.009967515,0.032637253,0.018565083,-0.013135138,-0.02779068
0.0062749633,0.04816186,-0.033692848,-0.024005441,-0.060625777
-0.0073761386,0.014611297,-0.036771167,-0.026732152,-0.04883117
-0.026063694,0.008094455,-0.042961128,-0.0066647297,-0.05323695
0.031402152,-0.029450592,-0.022001436,-0.019429041,-0.024324924
0.016413005,-0.027225742,-0.043354873,-0.007699237,-0.053854313
-0.005610701,0.035883572,-0.0050984076,-0.045594856,0.0268842
-0.005860618,-0.047569517,-0.06633868,-0.015868992,-0.0043141083
-0.04424453,-0.035058048,0.0040255506,0.043464683,-0.011088585
0.004930232,0.0050654695,-0.037161678,0.0023640215,-0.07078159
0.036649838,-0.08422713,-0.052608557,-0.03325189,-0.105661735
-0.006150656,0.014746734,0.031740665,0.019665191,-0.059910327
-0.03352887,-0.02255671,-0.018054849,0.002537175,-0.0009927594
0.044349458,-0.016548416,-0.051065765,-0.0029733225,0.023896795
-0.009067248,0.037943844,0.10595108,0.1130706,0.057729177
-0.048004918,0.09452508,0.10490232,0.03104159,-0.03140572
-0.060478095,-0.050627593,-0.07618709,0.03608009,0.012813375
-0.05166841,-0.001622206,-0.02658721,0.028027097,-0.03961688
-0.029090421,-0.017084237,0.02575413,0.078125134,0.020347359
-0.0023558645,0.03188587,0.07172601,0.06768782,0.05408884
0.013448761,0.031370904,-0.023438811,-0.025891222,-0.02469306
-0.04256021,-0.061763573,-0.011132651,0.03859945,0.01423326
0.011752539,-0.014371498,-0.011089577,0.04669156,0.06112829
0.0030145913,-0.003467398,-0.038807232,-0.038891215,0.04207594
-0.06396688,-0.031074703,-0.048175827,-0.045162976,0.02153324
-0.05197327,-0.05732447,-0.042028457,-0.0015303377,0.016614033
0.02915881,0.036905993,-0.013300111,0.075162634,0.10779124
-0.030450739,-0.01975299,-0.10975251,-0.013857174,0.025428794
0.062496725,0.016112113,0.0022738038,0.010914555,0.06812667
0.024433877,0.047626298,-0.021903427,-0.00761942,0.010002002
-0.00027864415,-0.08177695,-0.05898395,-0.054728426,0.011745987
-0.034928963,0.031268753,0.06809663,0.08367704,0.030690767
0.0017427535,-0.019753223,0.02702625,-0.030571705,-0.035970904
0.005050498,-0.026071114,-0.036646806,0.0017385823,-0.043498214
0.0070012757,-0.04692846,-0.065911844,-0.027237285,0.0014837082
-0.043482617,-0.0065415036,-0.056242928,-0.086497106,-0.049394418
-0.012761798,-0.038170233,0.019050011,-0.059015945,-0.041451443
0.0035444815,0.04756887,0.034715842,0.062329695,0.023518084
-0.039496887,-0.050932165,-0.012536105,-0.08011075,-0.043714873
-0.052512698,-0.0057727396,0.060533013,0.062587835,0.004538227
0.015880143,0.10466395,0.09190616,0.09014396,0.0075678304
0.07032439,0.030646631,-0.0048935055,-0.057810806,-0.082457684
-0.055373423,-0.05645776,-0.018149756,0.04190533,0.057529636
0.018888189,-0.025235178,0.014547648,-0.0071716285,-0.0017443851
0.0061117937,-0.086279474,-0.04289149,-0.036720872,0.008478109
-0.028197661,-0.084133804,-0.042446792,-0.057769742,0.002787831
0.018247558,0.01732888,-0.0028683583,-0.022312036,0.0450844
-0.07530329,-0.00042639,-0.027281445,-0.03277192,-0.033641394
0.0017991691,-0.07564452,-0.0449163,0.06090031,-0.0039705364
0.025511006,-0.051759012,-0.015267013,0.022366276,0.008673453
-0.0045683384,0.009241287,-0.06594329,-0.048645116,-0.02176864
-0.07018694,-0.036745816,-0.05275743,-0.015188265,-0.01453097
-0.04496333,-0.0012597743,0.03808292,0.03733092,0.017566277
-0.027417617,0.019119592,-0.025546214,0.037894797,0.12079442
0.020386815,-0.015310585,0.07498385,0.10507246,-0.02911857
0.02363313,-0.0331579,-0.03227131,-0.057015087,-0.052985363
-0.0035363247,-0.029899377,0.03119165,0.03534618,-0.032337587
-0.03163003,0.013497317,0.014906923,0.008595202,-0.0017038189
0.017345484,0.012173345,0.01392045,0.03822331,0.032688722
0.014847834,-0.04153149,-0.016404608,0.037940428,0.0066633904
0.026359772,-0.05518639,-0.041316237,-0.019242747,-0.029619664
-0.029946877,-0.019774143,0.013975284,-0.019851279,0.00046593646
