-0.16051787,-0.13342768,-0.18075769,-0.1466241,0.21738748
-0.1778358,-0.14721201,-0.1381953,-0.20583391,-0.075808115
-0.16519567,-0.12978616,-0.17894594,-0.17902943,-0.22703615
-0.15646692,-0.15199023,-0.14557192,-0.18148917,-0.22314242
-0.16086808,-0.16049227,-0.13872595,-0.17259388,-0.19582528
-0.13007174,-0.12559898,-0.15823653,-0.24981181,-0.22420138
-0.12637898,-0.16408774,-0.16333589,-0.19562337,-0.19624124
-0.13397199,-0.16251422,-0.18359399,-0.19189866,-0.22605558
-0.12900266,-0.14975251,-0.2126013,-0.19963674,-0.1756371
-0.14604947,-0.15892848,-0.19011782,-0.19502752,0.12697881
-0.11294981,-0.15860824,-0.19515558,-0.17285167,-0.13093811
-0.11237695,-0.16253366,-0.15242895,-0.16323169,-0.11078926
-0.1695966,-0.11214265,-0.17267273,-0.176256,-0.14720352
-0.13103664,-0.16201355,-0.15893772,-0.2113445,-0.22734442
-0.15114278,-0.10562783,-0.13983433,-0.17224798,-0.09076495
-0.19414558,-0.15506756,-0.15741791,-0.21395037,-0.12283157
-0.1890495,-0.1446649,-0.1602233,-0.16289444,-0.13000928
-0.12507944,-0.110474125,-0.12957442,-0.17568763,-0.1998872
-0.14507593,-0.18670906,-0.16416952,-0.16779877,-0.18262462
-0.15272544,-0.15848686,-0.18834014,-0.18683892,-0.130257
-0.043262124,-0.104240894,-0.15788685,-0.17931962,-0.16214722
-0.016352298,-0.108696505,-0.1610835,-0.13429856,-0.184421
-0.087299116,-0.13773718,-0.24707301,-0.22183828,-0.15169497
-0.16276644,-0.16679645,-0.21196644,-0.2116509,-0.13953891
-0.12229826,-0.20953502,-0.19347055,-0.19019747,-0.19900165
-0.08917293,-0.14489405,-0.17036852,-0.20324674,-0.16563092
-0.098440155,-0.116476424,-0.15078987,-0.15173139,-0.1427674
-0.14368932,-0.18533966,-0.201669,-0.15791932,-0.1464792
-0.09984196,-0.15464045,-0.19206809,-0.12972382,-0.22145867
-0.08809085,-0.18520144,-0.17811576,-0.15078457,-0.16346999
0.22555995,0.18968746,0.14588131,-0.16156279,-0.008363088
0.2271857,0.21597119,-0.18258268,-0.16489945,-0.20874357
0.14632206,0.1549434,-0.20191136,-0.21908115,-0.22673355
0.21109833,0.17389753,-0.15925524,-0.005736954,-0.2070673
0.14545585,0.14690796,-0.15747276,-0.17151219,-0.19032142
-0.14735223,-0.1791215,-0.16440858,-0.16138636,0.14732933
-0.130455,-0.17677736,-0.23722737,-0.20620674,0.11384627
-0.17826341,-0.16431797,-0.24574047,-0.19266117,0.10879606
-0.10213652,-0.11560537,-0.16400899,-0.24522124,-0.11173637
-0.111059286,-0.13657135,-0.20974219,-0.18860953,0.13909747
-0.15890582,-0.25406265,-0.23802271,-0.18846671,-0.1572574
-0.16500975,-0.16238451,-0.14865284,-0.18204425,-0.18414654
-0.17515515,-0.18016219,-0.22614522,-0.1964257,-0.1961161
-0.16067745,-0.09713566,-0.2471035,-0.18259677,-0.20956673
-0.18932088,-0.18832602,-0.17028406,-0.16530924,-0.15816605
-0.06612892,-0.06804215,0.14491093,-0.13170072,-0.1626737
-0.165625,-0.10568797,-0.124742106,-0.19896261,-0.20627351
-0.08493481,-0.120665915,-0.16778484,-0.23935561,-0.10898495
-0.12761366,-0.1821408,-0.1753872,-0.17953332,-0.16071728
-0.18525572,-0.16417222,-0.109179966,-0.18312928,-0.20988926
-0.14988214,-0.1847533,-0.1975547,-0.12484283,-0.12901807
-0.13696106,-0.16861936,-0.19819336,-0.14090233,-0.14928102
-0.15417063,-0.14387962,-0.24555652,-0.2389331,-0.14485379
-0.13183479,-0.23322336,-0.114099406,-0.25389776,-0.15919438
-0.13201517,-0.18844306,-0.17478871,-0.17899323,-0.21305022
-0.15935092,0.14742586,-0.021137228,-0.16564888,0.0043307696
0.21422851,0.009304195,0.18142487,0.15042354,0.038869567
-0.17429696,0.20045796,-0.20940855,-0.15028416,0.03633331
0.20267868,-0.13622598,-0.19400924,-0.20578948,0.18971156
-0.15431719,-0.20078112,-0.18751252,-0.17425579,0.16737154
-0.14398775,-0.14161475,-0.15285347,-0.17177936,-0.1822658
-0.13050626,-0.1600339,-0.17931817,-0.17983398,-0.19219379
-0.13223894,-0.19976486,-0.19820607,-0.18439364,-0.1776131
-0.17610537,-0.19753937,-0.14047986,-0.22187181,-0.17015213
-0.18628794,-0.1741252,-0.111854434,-0.21016696,-0.20393515
-0.04332284,0.02730744,0.00706405,-0.0049477764,0.00080778904
-0.020662816,-0.03471889,-0.02238257,0.014031009,0.037773654
-0.031143079,0.02057469,-0.021738129,0.033718914,0.005457082
-0.04063279,-0.038577594,0.010759777,0.02497748,0.013200269
0.012306786,-0.007020025,-0.02231417,0.007713588,-0.035451755
-0.18568388,-0.20012225,-0.17310506,-0.17011909,-0.19836724
-0.20304823,-0.21241406,-0.15620586,-0.23204587,-0.17593391
-0.17043583,-0.1986288,-0.17411901,-0.20482866,-0.18405855
-0.21101978,-0.16088338,-0.13459218,-0.18022917,-0.2032185
-0.16862339,-0.21570861,-0.11292355,-0.24167629,-0.21609008
-0.19452788,-0.12428444,-0.22629043,-0.24890055,0.11449091
-0.13399492,-0.11527833,-0.17631797,-0.24111222,0.16396247
-0.15481682,-0.14195126,-0.23070787,-0.1559951,-0.14027137
-0.13693795,-0.114675604,-0.25204986,-0.23509067,-0.2037775
-0.13046286,-0.24202865,-0.2035035,-0.21869308,-0.1932176
-0.1218713,-0.15401223,-0.2262883,-0.18829753,-0.17483096
-0.10428711,-0.12511916,-0.2007622,-0.16982025,-0.15327139
-0.15928316,-0.11435009,-0.18266647,-0.18771727,-0.21397574
-0.117366664,-0.13347316,-0.1655985,-0.16480869,-0.21351686
-0.10593297,-0.12959284,-0.21060872,-0.16626208,-0.19345708
-0.15560353,-0.14346083,-0.18069339,-0.1756518,0.17741305
-0.15968093,-0.13588567,-0.1899733,-0.20792334,-0.18350112
-0.10239395,-0.19766584,-0.15539071,-0.19676642,-0.19851719
-0.11022898,-0.23709671,-0.21010093,-0.22703864,-0.12808645
-0.103055425,-0.18873052,-0.20235485,-0.28694713,0.111101255
-0.10489833,-0.15700832,-0.14993565,-0.21256137,-0.12725697
-0.1148355,-0.10724584,-0.16101049,-0.13509606,-0.17824486
-0.12111629,-0.1231654,-0.23159206,-0.18231508,-0.15772106
-0.13834341,-0.18701689,-0.17401001,-0.17546725,-0.14828813
-0.16801924,-0.15436974,-0.19324541,-0.17675297,-0.14043283
-0.1531633,-0.16126913,-0.1941626,-0.16680203,-0.23403016
-0.14305848,-0.16703273,-0.13822198,-0.17214729,-0.19557586
-0.18731512,-0.19438303,-0.16665818,-0.22760348,-0.20170765
-0.19940357,-0.19310601,-0.15159637,-0.23983675,-0.18175213
-0.14227264,-0.18121797,-0.12546517,-0.21772209,-0.21248165
