-0.17487358,-0.19642596,-0.20639376,-0.16678278,-0.18349592
-0.15584114,-0.17003034,-0.16126902,-0.18625824,-0.16889279
-0.17795783,-0.22486247,-0.15857092,-0.119880654,-0.1772967
-0.16989198,-0.21908638,-0.16953428,-0.1219656,-0.089819536
-0.15808935,-0.14105426,-0.20270559,-0.13285308,-0.13434379
-0.14867511,-0.14802855,-0.11726095,-0.13531268,-0.09708736
-0.18436134,-0.19705151,-0.17931816,-0.14447488,-0.1514614
-0.1393882,-0.17623961,-0.17878163,-0.098334104,-0.13362105
-0.18592477,-0.14339146,-0.119207084,-0.12987983,0.027569387
-0.18233816,-0.1348119,-0.17897283,-0.14659323,0.02846263
-0.1327143,-0.18067673,-0.1454819,-0.16721532,-0.12724791
-0.1440492,-0.16268255,-0.14348607,-0.19069669,-0.12495436
-0.1309904,-0.113571495,-0.17418443,-0.16519961,-0.1613548
-0.14796737,-0.17624925,-0.18392183,-0.16583025,-0.08525564
-0.13386993,-0.18651961,-0.1735822,-0.17594036,-0.11564925
-0.17465836,-0.19567862,-0.191382,-0.16703117,-0.16296703
-0.1472014,-0.1494231,-0.17742243,-0.19966084,-0.15279445
-0.19514818,-0.13522941,-0.18162066,-0.15804976,-0.18592389
-0.20328246,-0.23905367,-0.16659245,-0.1630979,-0.099398054
-0.13355611,-0.115142465,-0.14323643,-0.155877,-0.104580596
-0.048251595,-0.07622826,-0.1790918,-0.17183167,-0.16223457
-0.1269086,-0.039614327,-0.215937,-0.19165878,-0.22666992
-0.09457589,-0.07038414,-0.16357565,-0.18536782,-0.17949471
-0.03834899,-0.08353004,-0.1736545,-0.24214673,-0.22346465
-0.13267542,-0.15471284,-0.18339121,-0.21216266,-0.22602676
-0.15857176,-0.18311699,-0.14133012,-0.16029365,-0.12768449
-0.124306455,-0.12074493,-0.15147965,-0.14526112,-0.181926
-0.12683554,-0.15548655,-0.120156206,-0.1467241,-0.14873241
-0.13487525,-0.111263454,-0.11868483,-0.160243,-0.13790935
-0.17564015,-0.14800371,-0.21166413,-0.17855254,-0.17661698
0.20027731,0.16860668,0.20851046,0.16881034,0.17623839
0.2211967,0.14647433,0.19668798,-0.0384772,0.20686686
0.15031727,0.14413783,-0.19894172,0.035767235,0.21022756
0.2164013,-0.19805557,0.039504487,-0.020391606,0.18450475
0.14655273,-0.18539394,0.19788097,0.14470775,0.22524887
-0.13700294,-0.099714145,-0.16473754,-0.13956405,-0.15482819
-0.10574506,-0.16697973,-0.11638209,-0.17348085,-0.10648195
-0.18192005,-0.16477099,-0.16266909,-0.14812389,-0.1371493
-0.13193972,-0.10048917,-0.11540697,-0.16191003,-0.08807221
-0.14963864,-0.16523537,-0.12212775,-0.14647499,-0.08695863
-0.20740987,-0.12403752,-0.14588057,-0.1793871,-0.1368016
-0.17039087,-0.15716006,-0.23310353,-0.21029483,-0.16500404
-0.11514665,-0.18377076,-0.11698374,-0.21366696,-0.2212197
-0.14281593,-0.20985459,-0.23607233,-0.16661368,-0.19157226
-0.16506013,-0.121485725,-0.20922986,-0.21231908,-0.17320383
-0.15769826,-0.11514383,-0.16079095,-0.098207854,-0.14811794
-0.15338123,-0.16474552,-0.19360043,-0.12645967,-0.16500793
-0.11152208,-0.13020183,-0.15494959,-0.14415099,-0.22094047
-0.13133177,-0.13070984,-0.17470247,-0.2315155,-0.1628146
-0.19731487,-0.17956527,-0.23734935,-0.11505838,-0.113091804
-0.20180857,-0.1236154,-0.15221998,-0.1819284,-0.11818685
-0.2056794,-0.18008192,-0.19367461,-0.1747289,-0.1394888
-0.1610092,-0.1500194,-0.20094603,-0.17718582,-0.1338082
-0.12178392,-0.13366885,-0.110030755,-0.15045388,-0.099201664
-0.19434242,-0.12845427,-0.15127096,-0.13486695,-0.12952696
-0.21275747,-0.19017646,-0.17793058,-0.023749389,0.19226393
-0.18141997,-0.16930017,-0.21534671,0.012594751,-0.021864463
-0.20750017,0.15561484,-0.21414457,-0.034135297,-0.14036359
0.21030271,-0.2047726,0.18340267,-0.023035184,-0.1318501
0.2010135,-0.15590759,0.13723819,-0.021997055,-0.18294398
-0.2094546,-0.1994799,-0.16009876,-0.20200978,-0.14113985
-0.17585102,-0.17709434,-0.18704823,-0.18601476,-0.19057386
-0.20374136,-0.14516276,-0.17764054,-0.11693012,-0.14933008
-0.17365065,-0.15015261,-0.20818524,-0.17777152,-0.12349355
-0.18288077,-0.14565611,-0.17464584,-0.1175293,-0.14858347
0.004644319,-0.037773173,-0.015455132,0.0022423142,0.020433478
0.008677331,-0.009709739,0.0003019326,0.038443737,0.029831987
0.0152597595,-0.032229632,-0.01503714,0.028551955,0.040257107
-0.021142052,0.019002322,-0.010471898,0.028369548,-0.0067197774
-0.035549328,-0.044267323,-0.0016755967,0.013184094,-0.02636299
-0.117524266,-0.17023616,-0.16144015,-0.13960466,-0.19290799
-0.16534548,-0.17470616,-0.1512152,-0.19027208,-0.20872088
-0.12710346,-0.2500563,-0.1450927,-0.15880953,-0.21211179
-0.14889443,-0.20009187,-0.26619384,-0.13581334,-0.19129619
-0.19626477,-0.20024472,-0.23271503,-0.1190608,-0.17344657
-0.13818307,-0.1359789,-0.13655941,-0.11773382,-0.17272504
-0.21144122,-0.15062019,-0.12663771,-0.12283618,-0.1301189
-0.13616544,-0.13943616,-0.13258275,-0.16665599,-0.115353584
-0.20177941,-0.18728228,-0.174303,-0.17418319,-0.1405236
-0.20513737,-0.11171628,-0.1274343,-0.17698462,-0.099772714
-0.10301878,-0.12789237,-0.12847398,-0.15994707,-0.19372657
-0.16501382,-0.13638297,-0.15624797,-0.13545883,-0.21538699
-0.12391809,-0.14252172,-0.16024481,-0.17998084,-0.2026153
-0.11814044,-0.12378203,-0.19418527,-0.16721207,-0.15649205
-0.15771219,-0.1300251,-0.18053634,-0.15851177,-0.19688019
-0.19233768,-0.1434855,-0.16712932,-0.1403747,-0.12039633
-0.17463732,-0.13041137,-0.1675209,-0.14128815,-0.05907006
-0.1260687,-0.09974954,-0.10654582,-0.17607342,-0.05140902
-0.18078572,-0.11147275,-0.1548824,-0.04037091,0.18791208
-0.15872335,-0.11097114,-0.13494667,-0.09149888,0.021790493
-0.14256008,-0.16070968,-0.15636036,-0.18438014,-0.2109172
-0.06990204,-0.1297359,-0.16067192,-0.14214288,-0.18739307
-0.13092265,-0.1160872,-0.19998513,-0.1400623,-0.18064876
-0.110110715,-0.1562709,-0.12988319,-0.21829599,-0.20828949
-0.15824355,-0.16096306,-0.1751759,-0.23698418,-0.23896205
-0.13978614,-0.14471234,-0.16029586,-0.17472158,-0.16084936
-0.15590316,-0.17051022,-0.19158879,-0.121800415,-0.13633043
-0.18626812,-0.17057319,-0.19403447,-0.180595,-0.11463455
-0.13460739,-0.14525287,-0.16337352,-0.15835845,-0.13467096
-0.18208495,-0.20573504,-0.124043226,-0.14173803,-0.122644596
