-0.14438097,-0.20724039,-0.11829875,-0.19707468,-0.19215772
-0.1493007,-0.16639036,-0.18129936,-0.13817377,-0.1846334
-0.20319988,-0.21848036,-0.18712752,-0.19794261,-0.12090726
-0.19594845,-0.1667766,-0.18638664,-0.17254777,-0.1306319
-0.16734326,-0.15266618,-0.1514072,-0.1974945,-0.13400882
-0.18940012,-0.13798343,-0.110599145,-0.23091231,-0.18071231
-0.20495307,-0.16854753,-0.160307,-0.17985578,-0.16898535
-0.1806071,-0.11878684,-0.22107229,-0.12071218,-0.15050194
-0.14606412,-0.12797053,-0.2535723,-0.23249164,-0.18051456
-0.117883876,-0.13567999,-0.22828029,-0.24004117,-0.18303461
-0.20069154,-0.18019602,-0.19029078,-0.24112767,-0.13854128
-0.24626474,-0.16054355,-0.13823244,-0.19516629,-0.14861666
-0.14066334,-0.14153448,-0.13361698,-0.1085715,-0.13666858
-0.12164473,-0.115723684,-0.1811697,-0.16690488,-0.1816033
-0.14060086,-0.16845569,-0.13468602,-0.18393062,-0.22273256
-0.14728639,-0.16477782,-0.18754275,-0.14064416,-0.15908507
-0.17035192,-0.20505615,-0.17362033,-0.15534076,-0.18776402
-0.15913992,-0.194671,-0.18137963,-0.12489575,-0.1367246
-0.17605698,-0.20714173,-0.17330691,-0.1651641,-0.20124654
-0.14011832,-0.15016852,-0.12568086,-0.20326713,-0.2442921
-0.15579134,-0.16818564,-0.20443597,-0.15269198,-0.16839676
-0.22452725,-0.12023578,-0.22421353,-0.23521455,-0.24584948
-0.18073587,-0.1346601,-0.20816372,-0.17129041,-0.23656532
-0.15150097,-0.19273773,-0.22897713,-0.20200323,-0.20469053
-0.24373718,-0.2498612,-0.17339365,-0.21845381,-0.1602515
-0.21136384,-0.20006876,-0.19417155,-0.13193204,-0.18650176
-0.1572882,-0.18446887,-0.23209904,-0.14091778,-0.15381514
-0.13384412,-0.15333144,-0.250558,-0.15650265,-0.1320749
-0.1469019,-0.13887678,-0.14148389,-0.18559644,-0.20384645
-0.16479896,-0.17135215,-0.11859051,-0.24565832,-0.2556159
-0.1736271,0.15910377,-0.22618662,-0.22381693,0.19867398
-0.21576476,0.22722287,0.18585372,-0.20662853,0.16015442
0.17393218,0.22668159,-0.2161854,-0.22907004,-0.17427686
0.20282263,0.14975213,-0.20772405,-0.14887992,-0.20879477
0.2064212,0.1661962,-0.22713354,-0.23066355,-0.15354425
-0.133575,-0.12964608,-0.19009684,-0.12541462,-0.112761565
-0.17861362,-0.17162113,-0.190833,-0.13478847,-0.13317859
-0.18342699,-0.12247841,-0.13202995,-0.123805925,-0.1530896
-0.1085536,-0.20218292,-0.21627077,-0.14405341,-0.16017045
-0.15197209,-0.104778044,-0.19065699,-0.21082954,-0.20469944
-0.13408634,-0.2415219,-0.17165723,-0.16778389,-0.20532224
-0.19295925,-0.23416813,-0.19015767,-0.13968696,-0.18814774
-0.2517908,-0.19036375,-0.16704978,-0.1816481,-0.25296876
-0.17274618,-0.10708486,-0.21888033,-0.13997807,-0.20809932
-0.16703555,-0.14223166,-0.13790764,-0.16161796,-0.20658675
-0.17556255,-0.149309,-0.15609786,-0.14043199,-0.13756809
-0.18395227,-0.1170411,-0.12786631,-0.11194774,-0.11031766
-0.13604562,-0.12149321,-0.12062244,-0.17878829,-0.16851665
-0.18888448,-0.1440966,-0.12368987,-0.18893135,-0.17557208
-0.22720328,-0.17887339,-0.15588194,-0.13201952,-0.14016503
-0.12943338,-0.25041467,-0.1416855,-0.11944136,-0.25268626
-0.19895561,-0.14963531,-0.18398833,-0.15045562,-0.23912832
-0.1625641,-0.1979381,-0.12783158,-0.18748078,-0.25770408
-0.18438183,-0.21323068,-0.11586127,-0.20483236,-0.22125095
-0.19203198,-0.13207592,-0.15085925,-0.22507904,-0.2241384
-0.16715524,-0.14737828,-0.20060356,-0.010801734,0.021090724
-0.2043414,-0.17479718,0.036219385,0.03122769,-0.20958133
-0.19469967,-0.1665188,-0.14546445,-0.19167252,-0.040609516
-0.1753764,-0.14566316,-0.19670911,-0.2148793,0.0030798404
-0.16768679,-0.20996663,0.1809609,-0.14534973,0.0013462084
-0.24582717,-0.1774809,-0.1915201,-0.21902633,-0.17697838
-0.16134311,-0.17621824,-0.19336991,-0.117580526,-0.14632364
-0.14268069,-0.14066976,-0.14897504,-0.17264414,-0.17073567
-0.18228991,-0.2018539,-0.20092587,-0.17629369,-0.11589689
-0.19950292,-0.19234493,-0.20345399,-0.25026166,-0.18706536
-0.035374098,-0.03200032,-0.026160298,0.011989259,-0.013979563
-0.029777976,0.036969047,0.0068578073,-0.032647688,-0.016697457
0.02753506,0.01623602,-0.028492006,-0.022721875,-0.017541684
0.017082136,-0.035864413,0.041806057,0.004369416,0.017767781
0.0131872175,0.034812037,-0.014622399,-0.016898315,-0.029170603
-0.11335156,-0.18074404,-0.17340317,-0.11595867,-0.16137503
-0.1656098,-0.25216913,-0.14106749,-0.14517564,-0.17412153
-0.11653347,-0.15044877,-0.17953058,-0.19724007,-0.18660443
-0.23784934,-0.18417819,-0.1467158,-0.21638077,-0.118304655
-0.24716899,-0.13803717,-0.20448187,-0.16461635,-0.11775594
-0.17723313,-0.17248617,-0.18467867,-0.17146264,-0.20149848
-0.1817983,-0.13312934,-0.23522276,-0.16854025,-0.23622802
-0.17819668,-0.10952881,-0.18347114,-0.18275826,-0.18534335
-0.13077343,-0.11183775,-0.20857841,-0.14116478,-0.18364288
-0.12696345,-0.15474622,-0.22222419,-0.18170634,-0.16618666
-0.13112012,-0.120575495,-0.15182927,-0.20768093,-0.1389228
-0.14362216,-0.14485097,-0.21184483,-0.14645074,-0.14272347
-0.19577985,-0.1876656,-0.13393809,-0.18769552,-0.21283582
-0.12687166,-0.18462749,-0.17058335,-0.20338914,-0.13076231
-0.16804285,-0.23774312,-0.18394713,-0.19398226,-0.14494096
-0.17886928,-0.1873298,-0.24997413,-0.18494958,-0.16067216
-0.14073156,-0.11749702,-0.22416309,-0.17766698,-0.109065555
-0.17410909,-0.24034743,-0.11496046,-0.15239166,-0.16889901
-0.13759598,-0.23415944,-0.14389776,-0.24090557,-0.15381536
-0.11457251,-0.20069732,-0.21201424,-0.17248227,-0.18203464
-0.13033049,-0.13964126,-0.18640894,-0.20937976,-0.19497873
-0.18197303,-0.1424086,-0.12583336,-0.12584952,-0.1314426
-0.14263424,-0.11993491,-0.15194526,-0.1412839,-0.19566788
-0.105807215,-0.12809782,-0.15346707,-0.18934236,-0.23313618
-0.15339783,-0.17662703,-0.18435724,-0.25137216,-0.2219491
-0.23724744,-0.12821205,-0.17604811,-0.18578099,-0.14585604
-0.14477214,-0.15183653,-0.15294085,-0.12613755,-0.15044306
-0.16131102,-0.21150415,-0.17724335,-0.13126718,-0.14371218
-0.12181204,-0.15615822,-0.15199758,-0.16911344,-0.22750044
-0.14360677,-0.12423959,-0.17424175,-0.17522676,-0.22812976
