-0.036451776,-0.030076986,0.03016121,0.00021633111,0.040173262
0.019508466,0.022334134,0.04560124,0.0059980815,-0.0028357292
-0.037087686,0.002082576,-0.008878999,0.0021288465,0.0028170242
-0.0031694858,-0.02138986,0.03817844,-0.01784862,-0.009874153
-0.057359144,0.030978758,-0.018254852,-0.07755388,-0.050910637
-0.03481595,-0.02785531,-0.030265113,-0.020016454,0.023256054
-0.024154613,-0.012865562,-0.010593021,0.051058754,-0.0121290125
0.008769903,-0.044478543,0.014664852,0.07193109,-0.048235636
-0.006403076,-0.012197449,0.036451068,0.022268344,-0.04256008
-0.021015083,-0.018278485,0.0015071151,0.041435625,-0.0042237537
0.010205058,-0.004830516,-0.03830139,-0.020341922,0.0017163266
0.04188221,0.029931737,-0.027788615,0.021746079,0.050054256
-0.010589592,0.017009063,0.032709572,0.00767076,0.05139019
0.00080783066,0.046932645,0.007212297,-0.06403287,-0.016184665
-0.027849087,-0.018488526,-0.036340445,0.039431997,0.074335545
-0.046346243,0.020407466,0.015483428,-0.06261398,-0.059539434
-0.028337741,-0.015033947,-0.027878908,-0.069327354,-0.0229813
-0.026347546,-0.018375166,0.0037698147,-0.02680673,-0.06721901
0.010868368,0.009948437,0.01412565,-0.026393937,-0.014445479
-0.015350856,-0.004645761,-0.04049162,-0.01188413,0.023103258
0.03588857,-0.022832777,0.027042763,0.002776223,0.0058904127
0.013005259,0.03850432,0.012447409,-0.02956657,-0.015471785
-0.004506695,-0.026040321,-0.00272189,-0.019718729,0.0016899717
-0.015430518,-0.006461296,-0.01841922,-0.043570723,0.0289921
0.02032403,0.02483074,0.015757566,0.010939527,0.04129881
0.030775387,0.019653084,-0.051277515,-0.00162154,-0.041058555
-0.05748863,-0.026664201,-0.042081147,-0.03348443,-0.055332758
-0.04008969,-0.013231294,-0.046571914,-0.055355366,-0.04144177
-0.020335315,-0.018244764,-0.05875097,-0.048056785,-0.020398306
0.036381733,-0.017779222,-0.07968956,-0.07965551,-0.026257409
-0.05057576,-0.05968004,-0.05792564,-0.035364214,0.033414003
-0.046653986,-0.014135385,-0.029069448,-0.050536737,0.020311002
-0.007914558,0.020382032,-0.03119184,0.0200761,0.030974798
-0.005585793,0.014209167,-0.0217566,0.045858767,0.0227467
0.02909834,-0.038527396,0.0006986591,0.032682966,0.022010712
-0.0011468948,0.0047070277,-0.06658656,-0.040217776,-0.055252414
-0.0150474915,-0.050922345,-0.05809279,-0.011942922,0.019353177
0.044550017,-0.014383708,-0.037873916,-0.0055479305,0.023910148
0.03265348,-0.040572785,-0.028220978,0.007798504,-0.033594184
-0.035970982,-0.06979548,-0.030411813,0.030292902,-0.045525845
-0.026080858,0.014858439,0.03484116,0.050256692,0.045753952
0.023962274,-0.014113587,0.014402157,0.01480211,0.05995184
-0.004158667,-0.039317913,0.015886784,0.016399754,0.005052082
0.0023350776,0.021552913,0.018736748,0.0036801398,-0.041012775
-0.017873932,-0.041603655,-0.006727546,0.05340836,-0.035690255
-0.00025667332,-0.03436681,-0.027550982,0.066455856,0.003357899
-0.012353892,0.020019246,-0.017112087,0.0016221305,0.05917865
0.011801983,-0.011596598,0.029088393,0.08287807,-0.03329589
-0.060565766,-0.033083,0.03536659,0.11117243,-0.041544642
-0.0012141006,-0.022427157,0.06701581,0.083800144,0.015623875
-0.03817608,-0.030163785,-0.025579747,-0.05287329,0.0025177517
-0.042560343,0.004467509,-0.00028884216,-0.026837291,0.041954234
-0.037415925,-0.013938566,-0.095076025,-0.019008232,0.0081802355
-0.00073902885,-0.044838924,-0.08485369,-0.047185242,-0.061333995
-0.01867872,-0.04547543,-0.08363125,-0.06278525,-0.061236665
-0.04303029,-0.025230123,-0.04574107,-0.004510905,0.003052864
-0.0002451712,0.0030697894,-0.053661652,-0.03429792,0.021263711
-0.03192442,-0.003375069,-0.033313073,0.028230779,0.04429373
0.034054637,-0.0065514967,-0.03584238,0.03266576,0.0158273
0.00649988,-0.058230028,0.03321937,0.05833501,-0.045270056
-0.021683143,0.02769304,0.007817154,0.010752636,0.031748436
-0.014757598,9.043201e-05,0.05185963,-0.03414961,-0.005738476
0.02408836,0.023660824,0.028814802,-0.06597697,-0.06594871
-0.0491406,0.044936348,-0.020826718,-0.09938822,-0.030305995
-0.034871858,0.04117973,0.016090594,-0.09255727,-0.07772261
0.013944879,-0.0029405637,0.05443652,0.048533615,0.050357103
0.02036866,-0.030391486,0.038830128,0.10630999,0.03576824
-0.02408967,0.027781619,0.03644188,-0.042810258,-0.037735622
-0.048278663,0.026370898,-0.029308418,-0.01969155,-0.02229474
-0.0013655917,-0.06741466,-0.06898941,-0.065067165,-0.037103985
0.022575617,-0.03071554,-0.023296522,-0.0007902685,-0.009269276
0.017599331,-0.03851236,0.008954715,0.071293004,-0.027322287
-0.022405203,0.0066567347,0.011117104,0.12484505,-0.0013195673
-0.01554119,-0.04493695,0.028473204,0.048993893,-0.017892012
0.0032918837,0.010011169,0.06378137,0.0455478,-0.080819294
-0.025878415,-0.06265988,-0.06166319,-0.031039575,-0.07395549
-0.022184204,0.010308418,-0.04263432,-0.014524665,-0.09131237
-0.00657517,-0.0018031908,-0.021243585,-0.05304939,-0.06982486
0.041724477,0.03314592,-0.06090413,-0.06377034,0.0109529365
0.05123097,-0.004629795,0.010512417,-0.00086070143,0.060819786
-0.000104770465,3.9645805e-05,0.028785666,0.020344071,0.026100554
-0.0043001017,0.025134448,0.017237319,-0.046114452,-0.026641458
0.030126464,-0.00561354,0.044591196,-0.03125955,-0.00028893136
0.031212656,0.023632549,-0.006040851,-0.018072065,-0.008690226
-0.009335134,-0.015631696,0.03468461,-0.036148906,0.02109985
0.042246994,0.02863736,0.045475047,-0.016780661,0.06597549
-0.0044955937,0.011911904,-0.04882589,0.017860174,0.07010458
0.029576475,0.048303764,-0.009848605,0.05588184,0.07482451
-0.006235428,-0.010789462,0.02413224,0.0432161,0.006106856
0.033413332,-0.0032703688,-0.008641108,0.026312595,0.0063808574
0.02676305,-0.008827156,-0.06272276,-0.091768764,-0.07062939
0.0038798442,-0.011977601,-0.0754209,-0.013504819,0.038831573
-0.012662819,0.012946578,-0.047482118,-0.050471097,0.007878057
0.044919606,-0.01231419,0.0064502074,-0.041562907,0.030322645
-0.038221113,-0.037883338,-0.062362265,-0.026226887,0.044222098
0.050354347,-0.012700484,-0.06341248,-0.05392753,-0.03202024
0.03277155,-0.00875728,0.0104095,0.0041276496,0.05517683
0.011725546,-0.005171097,-0.01536321,-0.059612352,0.03685618
-0.032313164,-0.013213482,0.02115993,0.014009725,0.087512344
0.04512855,0.043650262,0.0034727384,0.08572652,0.07327362
