-0.2233889,-0.2911231,-0.2657454,-0.23230192,-0.048733678
-0.1918567,-0.22424124,-0.21195808,-0.3066464,-0.098860614
-0.22370401,-0.24172816,-0.090473026,-0.068482846,-0.09692854
-0.14726102,-0.05694597,-0.069487914,-0.21945457,-0.24550825
-0.27790704,-0.051502895,-0.10467777,-0.12029179,-0.27995303
-0.2257156,-0.22137052,-0.14879125,-0.18528244,0.2232554
-0.16013747,-0.17098205,-0.27910736,-0.056239992,-0.04335932
-0.23464191,-0.14107552,-0.016307848,-0.18343069,-0.23229043
-0.108157344,-0.04036696,-0.04201783,-0.16780712,-0.2106865
-0.18714719,-0.22261421,0.16398966,-0.096694425,-0.043192368
-0.22071837,-0.1721139,-0.18724109,-0.19012953,-0.1759772
-0.22040258,-0.16709282,-0.15575011,-0.23034237,-0.16544315
-0.19274342,-0.17944233,0.1780482,-0.17659454,-0.16253181
-0.20303242,-0.22693612,0.17918941,0.21779093,-0.22943042
-0.23329416,-0.18857239,0.16663589,-0.18094666,-0.16922592
-0.29549438,-0.30502534,-0.26947722,-0.003403696,-0.49829742
-0.23918273,-0.21615262,-0.056346774,-0.18630792,-0.26547626
-0.20691828,-0.24735558,-0.28168166,-0.19645596,-0.24005221
-0.30399323,-0.24071904,-0.12108186,-0.22850284,-0.2671684
-0.05109331,-0.24008629,-0.214561,-0.19758847,-0.26667055
0.20457679,0.19585814,0.16729926,-0.22224057,-0.23176312
0.0016081318,0.13469289,-0.18814282,-0.1538614,-0.17842549
0.19479488,-0.21532325,0.1552299,-0.22611284,-0.19033843
-0.1924658,-0.21613614,-0.15884055,-0.19171229,-0.17236488
-0.20155309,-0.20429845,-0.21068844,-0.19775224,-0.19958809
-0.21221039,-0.14700449,-0.15286301,-0.14577422,-0.14656873
-0.2802001,-0.23798034,-0.10501008,-0.22435611,-0.20125869
-0.30064338,-0.28929752,-0.11026095,-0.22579329,-0.18247281
-0.19394998,-0.22756784,-0.15072778,-0.24134181,-0.22541524
-0.2675213,-0.2032907,-0.14333016,-0.21847288,-0.23908332
-0.15640114,0.1928307,-0.22879636,-0.20121172,-0.17624474
-0.2216575,-0.14732066,-0.21372694,-0.20530012,-0.1679839
-0.2299374,0.21496853,-0.18846884,-0.18184614,0.14864582
-0.22626396,0.15491146,0.1429916,-0.14641689,-0.20255043
-0.17776825,0.19194114,0.16575369,-0.22251692,-0.22368489
-0.17207158,-0.19735722,-0.16616192,0.21843247,0.18420726
-0.18347657,-0.19404894,-0.22166522,0.22078466,0.15288125
0.18270276,0.23176223,0.17244978,0.19767956,-0.15802822
0.1561317,0.15377404,0.16965269,-0.21442842,0.14790781
-0.16081005,0.16922821,0.22650029,0.23089895,0.18928088
-0.15082957,-0.1982183,-0.16200869,-0.19018242,-0.21765123
-0.2581042,-0.2161485,-0.17578624,-0.18870066,-0.15235895
-0.17626005,-0.19777316,-0.19336703,-0.158751,-0.21155496
-0.14352062,-0.19050573,0.19652483,0.22893748,-0.22708707
-0.2032011,-0.15122306,-0.15057097,0.20320018,-0.20138392
-0.21808247,-0.15483497,-0.17708254,-0.15311337,0.21497446
-0.22251664,-0.21057214,-0.18393041,-0.22865382,-0.18372324
-0.2742539,-0.20403792,-0.20319432,-0.2293405,0.1578281
-0.15095603,-0.21147558,-0.19599155,0.18142103,0.22329147
0.20986201,0.16879262,0.18981522,-0.20771232,-0.18392728
-0.21025611,0.16178687,-0.19972509,-0.22128569,-0.00799844
-0.2507026,-0.25902963,-0.13914248,-0.12767969,-0.25999033
-0.07712349,-0.13816229,-0.24608041,-0.22060236,-0.27546856
-0.23296726,-0.08645209,-0.07249177,0.06559788,0.1730821
-0.19506691,-0.19296777,-0.18858199,-0.23196194,-0.13907513
0.03736698,0.012567748,0.030857144,0.012966058,-0.037381325
0.018075887,-0.0034486158,0.03188753,0.017034976,0.0077384366
0.0187367,0.029068297,0.0140731465,0.038377672,0.04283871
-0.035342347,-0.030889617,-0.03394907,-0.034991927,0.023541206
0.029579427,0.002838108,-0.19595356,-0.040054027,-0.043116324
-0.17645474,-0.17684512,-0.19248553,-0.23581971,-0.24973615
-0.21584259,-0.23114295,-0.22317606,-0.26874146,-0.09343119
-0.29611096,-0.07635984,-0.21511422,-0.06992186,-0.28624013
-0.2932778,-0.06649638,-0.037029017,-0.24527273,-0.21241812
-0.26772714,-0.21970999,-0.060744166,-0.08335598,-0.10285463
-0.022974527,0.018126016,0.032734457,0.028528843,-0.01057559
-0.0043202885,-0.026440505,0.013783502,0.034019697,-0.0026671202
-0.030182311,0.043511152,0.01803104,0.0156526,0.03924957
-0.012764544,-0.0024914464,0.009671328,0.034978356,0.02070497
-0.0056926357,0.03462714,0.0014500016,-0.0197173,0.0016148849
-0.14692487,-0.22808571,-0.17049237,-0.26259986,0.15973261
-0.2267154,-0.15803991,-0.17998995,0.1576908,0.17078029
-0.15712695,-0.14478536,-0.18568651,-0.17578767,-0.20396933
-0.18950826,-0.1749066,0.14878696,0.22866762,-0.06796648
-0.15190355,-0.18129317,0.17719132,-0.15425198,-0.2890135
-0.29565075,-0.2616035,-0.25042114,-0.24848965,-0.0436958
-0.17734939,-0.19414628,-0.21433946,-0.22773963,0.17805451
-0.16698767,-0.20791252,0.1674786,-0.1960828,-0.06105236
0.21249391,-0.0147163635,-0.26977533,-0.23051316,-0.23692116
0.12547004,-0.038712617,-0.07914255,-0.2615658,-0.18715954
-0.22534867,-0.25411674,-0.20942585,-0.22968432,-0.18342632
-0.2280588,-0.263323,-0.22469309,-0.2275958,-0.1929362
-0.12481998,-0.22032823,-0.21895511,-0.21541078,-0.1687705
-0.12229343,-0.24701501,-0.2114134,-0.18387318,-0.6363942
-0.023633663,-0.2580423,-0.21777385,-0.18496437,-0.6524501
-0.17585753,-0.15479471,0.17112198,-0.14649783,-0.22504571
-0.16424538,-0.21197817,-0.28203115,-0.064788334,-0.06802994
-0.25762296,-0.08602809,-0.2660381,-0.29344338,-0.18928161
-0.25665992,0.06641655,-0.17732711,-0.20187117,-0.16471522
-0.21658006,0.20112482,-0.160434,-0.06496255,-0.08952498
-0.22349304,-0.14710093,0.22507189,-0.15026326,0.19936948
-0.2241171,-0.15687157,-0.254279,-0.030968452,-0.2264476
-0.23859458,-0.06737698,0.021609828,-0.15649953,-0.19481109
-0.25204498,-0.19115908,0.23020627,-0.16242005,-0.14342389
-0.2288813,-0.22558999,-0.17379785,-0.19977912,-0.22867467
-0.18058755,-0.20485666,-0.19635479,-0.15816805,-0.19389935
-0.14841317,-0.21148577,0.18082234,-0.17468202,-0.14607887
-0.17816421,0.14411056,-0.09318801,-0.27702713,-0.14755814
-0.21654151,0.22978628,0.15567206,-0.14942183,-0.22694996
-0.22873308,-0.1491382,-0.16864862,0.21603157,0.024122838
