-0.02294448,-0.042087156,0.0041689314,0.0032637527,-0.024584396
-0.06903473,-0.065692,0.013397814,0.0041304016,-0.03570788
-0.032762524,0.004599564,-0.06752877,0.0056422027,0.013712481
0.008705552,-0.0067080082,-0.014183254,0.04228329,0.059443235
-0.0033752478,0.038222574,0.038675636,0.016279647,0.038234346
0.042335752,-0.009093617,-0.06948939,0.015215205,0.01187759
-0.023128614,0.033094816,-0.029754203,-0.009361532,-0.0030440516
0.05030567,0.00019856714,-0.0040101474,8.038155e-05,-0.058739595
0.054665376,0.004681523,-0.009885556,-0.06767294,0.000997006
0.019176768,-0.015027896,-0.068381935,0.0015194764,-0.08575128
0.015458343,-0.034799263,0.009645823,0.0064354637,0.05445733
-0.013238956,-0.020719765,0.07939296,0.06360711,0.03679905
-0.012915572,-2.3152275e-05,0.014164265,-0.022248402,0.018306423
-0.00836797,-0.018569808,0.0017509875,0.0096535105,-0.004499858
-0.06641123,-0.079103656,-0.053906363,-0.057787523,-0.0103305
-0.058444854,-0.007936411,-0.052062508,-0.014106747,-0.058217607
0.0023428546,-0.0127499895,0.043386605,-0.013809974,0.020684477
0.0773314,0.08272784,0.066331215,0.0347852,0.017892765
0.051156722,0.105558716,0.050628755,-0.018344713,-0.026676696
-0.015338174,-0.0519236,-0.06876935,-0.032691926,-0.038877696
-0.000880445,-0.023498897,0.054679073,0.02824164,0.03180639
-0.01623242,0.020368317,0.04445941,0.041557208,-0.038440965
0.03231877,0.04970956,-0.015465301,0.01699954,-0.014492348
0.019124737,0.023124848,0.014208795,-0.009322679,0.018300777
0.027381413,0.027251009,0.025029209,-0.016277533,-0.0051630624
-0.067396976,-0.08239815,-0.0029786152,-0.05832506,0.0012997354
-0.041866142,-0.06508232,0.004562452,0.013921302,0.016907996
-0.030362694,0.060880896,0.00041126192,0.059739415,0.038957834
0.04175594,0.059310723,0.023145072,-0.012127728,-0.0031042064
0.03329333,-0.028690308,-0.03563746,0.014621301,0.029874537
0.03254148,0.008977069,0.023443928,0.02046925,0.0056430153
-0.014471963,0.07061604,0.03248297,0.03767132,-0.0037621285
-0.020950725,-0.015415458,0.023556586,-0.036346793,-0.056382593
0.0024141304,-0.049209505,-0.03894231,-0.050421506,-0.047066838
0.026826154,-0.0102867205,0.015175828,-0.027484082,0.00913262
-0.006199137,0.009288575,0.020512655,-0.037481084,0.05077629
0.024940139,0.056970872,0.03230271,0.07667049,0.05501101
-0.058826726,-0.04809349,0.03646585,-0.02339862,-0.0108768875
-0.0142827695,-0.022457393,-0.016805792,-0.02939199,-0.037560556
0.0046797707,-0.021461956,0.0014541805,0.027328372,-0.046975125
-0.013661371,0.017746164,-0.038082093,-0.045968737,-0.03196105
0.007847348,-0.0024871293,0.0040922486,-0.050441764,-0.026673613
-0.0238675,-0.05203501,-0.049763277,-0.03312518,0.001369377
0.026949434,-0.005697244,-0.006033137,-0.012720503,-0.0042345356
-0.025422871,-0.024598712,0.012874679,-0.045420017,-0.014962533
0.024214746,0.008996963,0.014433543,-0.02742787,-0.010375998
0.026254814,0.05182791,-0.06714495,0.00016462141,-0.022178678
-0.040053543,-0.016452866,-0.025302343,-0.011078204,-0.08938256
-0.027852552,-0.037895996,-0.050026372,0.0059174136,-0.052740995
0.016555954,0.009794223,-0.037606172,0.015079132,-0.04851951
-0.00019631351,0.02122425,0.016536668,0.07500895,0.05820095
0.015852546,0.033595927,-0.010290461,0.02381564,0.07749943
-0.027040165,-0.062417403,0.03589294,0.045422755,-0.022006113
-0.0534587,-0.07808059,-0.017621074,-0.030050332,-0.035159066
-0.0012074285,0.012839897,0.0052655083,0.033333782,-0.05605073
0.031207357,0.046679556,-0.041767247,-0.0027794628,0.022627372
0.024841469,0.07106847,0.048291367,0.0076062856,0.03081624
-0.06480232,-0.062715106,-0.03494636,0.003376524,0.014862377
-0.010071481,-0.09023432,-0.052359037,-0.02913878,-0.01858478
-0.025126154,-0.03295664,-0.016492777,-0.025035061,0.007431487
-0.018405689,-0.06118437,-0.01159504,-0.059103213,0.008336041
-0.025320454,-0.017856393,-0.017289791,-0.03879768,-0.035469793
-0.030576833,-0.007840316,0.02133273,0.02495167,0.058818527
-0.006522541,0.04161199,0.0047994745,0.05490663,0.033451058
0.059625447,-0.011483101,0.043098014,-0.019263506,0.042515047
-0.048538316,-0.066787034,-0.07790757,-0.012022646,0.014809687
-0.018036287,-0.059220154,-0.025868816,-0.048702843,-0.003296827
-0.089842364,-0.051438477,-0.06355082,-0.08341614,0.02304967
-0.02522649,0.042997032,0.053939242,0.056538288,0.024523938
0.08435981,0.018882064,0.07838398,0.008904041,0.024626505
0.08226979,0.04185053,-0.014280023,0.009014288,0.031113211
0.06738055,0.0286503,-0.0729179,-0.028741205,-0.053314507
-0.0014494251,-0.0467031,-0.053006664,-0.038968153,-0.061737545
-0.040057387,-0.037363365,-0.029569667,0.006011463,-0.037031833
-0.015247646,-0.057129864,-0.019224802,-0.04141683,-0.06560893
-0.0023319072,0.024180084,-0.040501226,-0.022007605,-0.004009395
0.008348529,0.03214624,-0.017009987,0.05354115,0.05617265
0.10801513,0.076159276,0.103967175,0.046847504,0.023562321
-0.043308966,0.030217966,-0.0051435134,-0.064642616,-0.01934165
-0.023277067,-0.068673976,-0.053252444,-0.03885663,-0.064321786
-0.03893992,0.019464975,-0.025720555,0.024419338,0.039170843
-0.0431282,-0.0027418262,-0.015164384,-0.0478058,-0.01396078
-0.031404868,-0.014029902,-0.0025349618,-0.0037975514,0.02020272
-0.010334805,-0.020711195,-0.047427785,-0.01268984,0.003172869
-0.037207507,0.013603828,0.03208777,0.02972463,0.04851256
0.022380026,0.054443385,0.010367957,0.018697828,0.029889397
-0.037405174,0.028243635,0.010913734,0.046136547,-0.039972246
-0.030435322,-0.0065796017,-0.07070509,-0.03867405,-0.04829787
-0.06608316,-0.013662139,-0.0309507,-0.029333381,-0.036904987
-0.02015301,-0.061281137,-0.054794744,0.016515391,-0.043146737
-0.04599976,-0.031428836,-0.050712828,-0.038426146,-0.011598153
0.052249946,-0.0012458491,-0.014612578,0.0050090994,0.014664113
-0.002810992,0.040426806,0.049565505,0.022884477,-0.060778625
-0.027838083,0.018279575,-0.054531686,-0.05682815,-0.07513189
-0.0014219771,0.06939738,0.014404594,0.017241418,-0.038328547
-0.00035215,0.036288183,0.00051581406,-0.016554713,-0.010966944
-0.0052081705,0.079858385,0.021369958,0.03873085,-0.037449833
-0.016140366,-0.0059214407,-0.048992608,-0.004529014,-0.055063177
0.03949966,-0.041061852,-0.02069913,-0.05225428,-0.0218073
0.01649728,0.0066001317,-0.020923108,0.04640392,-0.003497997
