0.03641742,-0.015634665,0.075258255,0.05446227,-0.11497617
0.044862818,0.011135336,0.008911738,0.097535186,0.06362691
0.048072793,-0.10542029,-0.048011687,0.137564,0.057457935
-0.025543876,-0.034926295,-0.01989,0.037527785,0.11993426
-0.009928618,-0.09249715,-0.14442776,0.021769432,0.08570269
-0.024161415,0.0031620571,0.008677806,0.024863422,-0.031168211
0.025764758,-0.058957264,-0.00948851,0.098197795,0.044021364
0.0069805556,-0.061806154,-0.084485136,0.11335106,0.012263801
-0.013280517,-0.10350252,-0.01229109,0.18878305,0.10945303
0.011972958,-0.074467845,-0.13200687,0.062179964,0.12532863
0.040112346,-0.011701328,-0.004406435,-0.001569629,0.044666354
0.050211973,-0.046115406,-0.012994598,0.05002922,0.05904572
-0.027341455,-0.082311116,-0.1167455,0.06044564,0.048931696
-0.0333449,-0.06916591,-0.090345904,-0.14114334,-0.01699334
-0.06224143,-0.026071189,-0.1270319,-0.11009355,-0.024817264
0.016862186,-0.0028467518,0.03035202,-0.0067377607,-0.007164569
0.011138624,-0.007910847,-0.039191656,0.00437053,0.031965885
0.007555981,-0.0015898019,0.030016193,-0.031910226,-0.06362307
-0.0310414,-0.05374477,0.009847737,-0.09554206,-0.08135614
0.022724468,-0.07780751,0.02829167,-0.043602277,-0.08383593
-0.037901938,-0.0030665619,-0.0043229014,-0.013574926,-0.037458654
-0.028444504,-0.054315157,-0.0009474153,0.0046604285,-0.07032792
-0.030008605,0.007800645,0.016159762,-0.01678288,-0.0017809802
-0.0017627418,-0.010867813,-0.041742716,-0.07594076,-0.058483407
0.012244585,0.03950157,0.046934947,0.009645032,-0.023187444
0.030023944,0.011458592,-0.059912413,-0.003670387,-0.007001208
0.021326631,-0.01200844,-0.013587684,-0.025302855,0.0025477274
0.009306108,-0.020040145,-0.060150404,-0.021332817,-0.037972223
0.022345362,-0.019306647,-0.06636033,-0.10781504,-0.042934533
0.042894978,0.025520476,-0.035314944,-0.0769823,-0.035723675
-0.00471124,-0.040734358,0.025205972,0.0061555984,0.030710861
0.01396906,-0.02493362,0.008310892,-0.0013754093,0.03329961
0.012101207,0.02782234,-0.02818461,0.008216244,-0.0016372786
-0.040947434,-0.044255458,-0.04455683,0.046508465,0.019127376
-0.0096757235,0.012476182,0.0023668397,0.018773714,-0.0127532035
0.04664721,0.005027439,-0.0026313805,0.04957932,-0.06696752
-0.028295826,0.0031388982,0.055971198,0.018904248,-0.002234257
-0.007803436,-0.018405233,0.040466234,0.117013045,0.045079302
-0.043410536,-0.08853156,-0.0003219125,0.12692058,0.023353722
0.032835998,-0.015160299,-0.009046683,0.0011168838,0.01792884
-0.032878004,-0.026852673,0.023742067,-0.010234733,-0.007869535
-0.04562399,0.0073583424,0.015893139,-0.045077052,0.01329796
0.019579938,-0.03670343,-0.046881795,-0.0128854755,-0.056809627
-0.02939742,0.010659347,-0.020049138,-0.007443035,-0.0056499117
0.03297762,0.04249377,0.038750004,-0.029961532,-0.008043493
0.017560836,0.015084214,-0.029733395,0.012895927,-0.011620395
0.015026669,0.022388369,-0.014152263,-0.10793774,-0.07264407
0.030583022,0.0055832174,-0.068587296,-0.045798358,-0.05479138
-0.016561335,-0.026192574,-0.107096024,-0.06954726,-0.10086043
0.0492752,-0.04088174,-0.0001839291,-0.056067158,-0.003021514
-0.018155491,0.01545152,0.010501934,-0.049670648,-0.04585876
-0.0013914399,-0.04740962,-0.04784445,0.001749643,-0.017495342
0.02738746,-0.037736557,-0.058476765,-0.024656544,-0.08839326
-0.026142236,-0.02267176,-0.07773448,-0.1068312,0.0031758589
0.021175688,-0.0025559573,-0.031255838,-0.12035999,-0.069628015
-0.02174792,0.042783685,-0.01887111,-0.029390074,-0.015694488
0.004278016,0.01809491,0.03294332,0.03232107,0.0045933914
0.04074723,0.023816576,0.023944391,-0.038299363,0.0036583825
-0.009518938,-0.042520486,-0.021950316,0.034381,0.01620938
0.04130968,0.030482993,-0.00019620323,0.04063511,0.009390469
0.01007134,-0.044525694,0.004179183,0.043342233,0.022250015
-0.0067254063,-0.11677353,0.000107854255,0.077598125,-0.01498054
0.0169022,-0.07932384,-0.07496989,0.018702611,0.06824877
0.042600486,-0.06620765,-0.13627696,0.07538643,0.3008197
0.009725629,-0.064829536,-0.08976668,-0.06752526,0.17042594
-0.02548133,0.00081863505,0.040700577,0.017796945,-0.009359529
0.027551027,0.026376797,-0.040312227,-0.004987246,-0.035207935
-0.009639376,-0.0053874133,-0.017889954,-0.016344866,0.024190534
-0.0013310675,-0.04449678,0.0076799234,-0.04398019,-0.030679805
0.027329173,0.034212813,-0.015866159,-0.027155526,0.020237977
-0.045495607,0.035911106,0.01672416,0.0579677,0.051466387
0.015649322,-0.034772675,-0.044517383,0.041248668,0.11182085
0.0011311934,-0.0045623994,-0.07947243,0.04689142,0.08946727
-0.039346684,0.016781272,-0.049217615,-0.07467843,0.018247752
0.024147084,0.03357778,-0.016672792,-0.006764355,0.043587282
-0.022688223,-0.0068110493,0.048987217,-0.012499294,-0.036837995
-0.04337702,-0.008672229,0.030728357,0.0014245944,-0.014374702
-0.04920577,-0.012552965,0.064559944,0.097853385,-0.025992716
0.010372076,-0.009710997,0.061950658,0.16588205,-0.014296055
0.030382473,-0.03140978,-0.0040121833,0.17917831,-0.003615283
-0.0004553066,0.046306495,-0.0022751112,0.018045237,-0.012768353
-0.063979305,0.005216803,0.088614695,0.019362113,-0.055363156
-0.04913351,-0.056134608,0.06746447,-0.016542405,-0.13444339
-0.052906614,-0.097920336,0.06654309,0.007458942,-0.12547648
-0.015335938,-0.043771435,0.033558264,0.010794553,-0.08904905
-0.02212828,-0.041585475,-0.023261664,0.036630366,-0.021899393
-0.023944141,-0.020940933,0.0012659837,0.06891842,-0.0031497634
0.022858564,-0.061256148,-0.035339434,-0.037244655,0.008823435
-0.028219124,-0.028535765,-0.10493077,-0.017812787,0.088872544
-0.013527912,-0.0046628793,-0.07597843,-0.0061932784,0.05295991
-0.014289,0.0065407255,-0.0011148035,0.010289763,0.032238223
-0.06438727,-0.044182174,-0.0170399,-0.03021754,-0.08714676
-0.006926518,-0.06125131,0.005860556,-0.049728274,-0.06080216
-0.005093199,-0.10846395,-0.075576544,-0.027951825,-0.12104984
0.008610492,-0.044382177,-0.052653212,-0.034088448,-0.06994321
0.041615564,0.052939445,-0.034205332,0.058104787,0.03396684
0.027136093,-0.06284733,-0.051556632,0.048144266,0.038468756
-0.015443746,-0.07940397,-0.03768592,-0.0537126,0.017914629
0.00011902474,-0.051782865,-0.06668827,-0.12481187,0.07135087
-0.033499975,-0.05803437,-0.12919922,-0.13677071,0.0077827023
