0.03156014
0.045563247
0.041909944
0.004078232
-0.04498874
-0.030365458
-0.06653691
0.033591922
-0.013086635
0.005972457
-0.007831948
-0.011755623
0.0041100895
-0.023210453
-0.038953047
-0.009410894
0.016574416
0.0058510522
-0.030627292
-0.011948344
0.0025480036
-0.07004299
-0.004536404
0.05491142
0.007213647
-0.06994276
-0.017871913
0.023276959
0.010654451
0.009748207
-0.05967302
-0.005631527
-0.03020803
-0.002668656
-0.01170454
-0.024352727
-0.035570398
0.044739738
-0.029151093
-0.024185812
-0.08628079
-0.037470583
-0.026648445
-0.040296193
0.029171918
-0.05482754
-0.05005567
0.0014455555
0.013011029
0.00023733627
