-0.18515378,-0.2461418,-0.19426101,-0.18322974,-0.12307357
-0.21952353,-0.19031212,-0.18794157,-0.14068806,-0.13665816
-0.15850915,-0.14079486,-0.1166065,-0.10558007,-0.15462643
-0.13179857,-0.13162027,-0.12444944,-0.12664665,-0.12718172
-0.17463656,-0.21291132,-0.22726738,-0.10526911,-0.15929666
-0.18598264,-0.19358592,-0.18950081,-0.19454663,-0.14632449
-0.15647297,-0.09849423,-0.19430134,-0.10874071,-0.12721878
-0.09867262,-0.13009706,-0.21991144,-0.13485384,-0.17526482
-0.115713894,-0.23726934,-0.1805285,-0.12651908,-0.18671627
-0.22041021,-0.21467316,-0.15817732,-0.1302728,-0.16553353
-0.10398747,-0.14943278,-0.12007152,-0.22595753,-0.1680378
-0.17097361,-0.18274617,-0.14415756,-0.1651814,-0.15982431
-0.1454042,-0.12872206,-0.21036753,-0.13524625,-0.101258636
-0.13398018,-0.11374752,-0.21754105,-0.15085553,-0.17791799
-0.16574374,-0.2227796,-0.19507656,-0.15116894,-0.24430184
-0.15749247,-0.10259884,-0.1616074,-0.17461069,-0.121633835
-0.21901578,-0.15263662,-0.17919618,-0.17610377,-0.13259488
-0.114877455,-0.16461587,-0.21943134,-0.1268068,-0.10156395
-0.15238419,-0.24851935,-0.17386962,-0.18160544,-0.16498058
-0.23575383,-0.18464217,-0.11637144,-0.10048861,-0.13891318
-0.17159663,-0.11047818,-0.17240693,-0.19207296,-0.129368
-0.2392508,-0.15205039,-0.09976923,-0.19883172,-0.24914682
-0.16277759,-0.17587072,-0.11002508,-0.18053381,-0.121660754
-0.100506485,-0.18847534,-0.2464378,-0.1649322,-0.19069792
-0.18064465,-0.17539328,-0.23909988,-0.17059787,-0.123830296
-0.11188433,-0.16728282,-0.16448392,-0.1521492,-0.15795913
-0.15428807,-0.14738168,-0.1005448,-0.18579207,-0.19565739
-0.16028282,-0.23440032,-0.19327705,-0.11621015,-0.16497315
-0.16560751,-0.20916176,-0.17674935,-0.16672349,-0.13805386
-0.18106224,-0.21401273,-0.11398351,-0.14240864,-0.21498196
0.19806702,0.22396348,-0.16935548,-0.20449589,0.16699933
0.23010695,0.22262964,-0.15649265,-0.21443687,0.14391355
0.15601829,0.2036319,-0.14516868,0.16804299,0.14326313
0.15803663,0.20461628,0.2186455,-0.19637151,0.18882252
0.15504418,0.16718517,0.15786797,0.2167361,0.1788307
-0.22364017,-0.21043102,-0.18526936,-0.23010784,-0.14791785
-0.12300735,-0.21046583,-0.12780531,-0.17241004,-0.14358386
-0.16367365,-0.10083163,-0.18691353,-0.16383976,-0.15967372
-0.12248355,-0.22501846,-0.17066166,-0.14462642,-0.15572639
-0.09869906,-0.11470767,-0.17044584,-0.17949654,-0.15367845
-0.17617065,-0.10157884,-0.1798786,-0.24168125,-0.17491043
-0.183697,-0.1645431,-0.1281623,-0.2450435,-0.24042581
-0.22035441,-0.1772473,-0.114557326,-0.17635132,-0.15658772
-0.24877714,-0.1640103,-0.19828777,-0.16856329,-0.15075584
-0.19157454,-0.15755035,-0.10649431,-0.1522867,-0.100307286
-0.18486953,-0.17620234,-0.13870257,-0.15186864,-0.1880977
-0.17776029,-0.20012905,-0.19677107,-0.10365385,-0.16471836
-0.21563242,-0.13749838,-0.14744078,-0.23160154,-0.12705238
-0.1973398,-0.16678548,-0.14399794,-0.2018758,-0.1464976
-0.12741107,-0.18311003,-0.2119826,-0.108329475,-0.13861005
-0.14728439,-0.15456396,-0.21195427,-0.14767836,-0.22677225
-0.17404637,-0.1459899,-0.09784532,-0.10865033,-0.20289814
-0.123038165,-0.1951115,-0.16528255,-0.12611462,-0.1845764
-0.2080202,-0.17845958,-0.18718752,-0.22625893,-0.12942661
-0.18499863,-0.10704524,-0.1727369,-0.18363033,-0.15995474
-0.16990367,0.13842562,-0.18476576,-0.032713827,-0.20754513
-0.16013737,-0.15185234,0.17938343,0.03102284,-0.010717614
-0.1679241,-0.14072913,-0.13666955,-0.16090892,-0.21188529
-0.16289727,-0.14148635,0.18813428,-0.21776015,-0.18832108
-0.19662635,-0.22606221,-0.17440574,-0.14480607,-0.2023268
-0.23206614,-0.22469388,-0.2101603,-0.17843287,-0.18639281
-0.16181815,-0.1495086,-0.1297858,-0.16702543,-0.15433447
-0.16602562,-0.15232475,-0.11904166,-0.16118756,-0.14842728
-0.23426151,-0.12997131,-0.17091665,-0.1319126,-0.18669124
-0.1876047,-0.12611623,-0.17618035,-0.21067901,-0.1690251
-0.021356555,0.02071954,-0.025536727,0.025248384,0.022602994
0.040097,-0.016735036,-0.039663203,0.028948922,-0.010522902
-0.017604833,-0.021193067,0.04158946,-0.034796845,0.009713285
0.008887678,-0.017435376,0.02544348,0.025874492,0.03008533
0.012050515,0.011881873,0.012666658,-0.0142559055,-0.035733074
-0.20637564,-0.2008369,-0.1143331,-0.19745763,-0.20448963
-0.22140086,-0.16794826,-0.1028956,-0.16131358,-0.14526021
-0.16425447,-0.17815034,-0.24908687,-0.24102804,-0.15649107
-0.10682696,-0.18314384,-0.21860014,-0.1872045,-0.12134202
-0.14003682,-0.15225966,-0.14019333,-0.16997804,-0.11975517
-0.17902096,-0.134881,-0.17380296,-0.17882468,-0.18429554
-0.15980348,-0.24358575,-0.1896632,-0.24541919,-0.13175668
-0.17836662,-0.119655184,-0.23593609,-0.24531303,-0.16046073
-0.1274145,-0.22416592,-0.12574407,-0.14077191,-0.16652922
-0.14479099,-0.17679857,-0.16953088,-0.10318136,-0.12974098
-0.118823946,-0.15065151,-0.10893664,-0.17545114,-0.16029581
-0.114278406,-0.22899537,-0.10492415,-0.15836328,-0.2474633
-0.16284233,-0.16871807,-0.123727046,-0.18055333,-0.13278142
-0.21587478,-0.09922274,-0.13171512,-0.20860668,-0.24971153
-0.22160259,-0.108759575,-0.17634021,-0.20039383,-0.17716238
-0.2090364,-0.2153502,-0.21101792,-0.14361954,-0.15505311
-0.1584775,-0.18344876,-0.13588704,-0.16403311,-0.1191597
-0.09820609,-0.1805354,-0.122540966,-0.14999019,-0.17202367
-0.22203985,-0.18402924,-0.10081887,-0.14695239,-0.16598672
-0.19185576,-0.21130955,-0.116101,-0.16187514,-0.11109958
-0.11029586,-0.118602425,-0.13536215,-0.15757953,-0.10927942
-0.1490763,-0.1569775,-0.106917195,-0.15228972,-0.12110163
-0.122490026,-0.15906054,-0.11218261,-0.1448778,-0.11838559
-0.17182694,-0.190391,-0.10556852,-0.16160138,-0.09960598
-0.23336937,-0.1284783,-0.12740201,-0.14168698,-0.1266733
-0.19374965,-0.16217831,-0.24185577,-0.17444852,-0.14288276
-0.14137131,-0.14685403,-0.14338474,-0.17958729,-0.18340495
-0.15786968,-0.18133287,-0.18239647,-0.15598454,-0.16312861
-0.13675255,-0.19672668,-0.118936606,-0.14015332,-0.12703201
-0.19505635,-0.16628286,-0.12852807,-0.12554854,-0.14095803
