-0.06250329,-0.026422609,-0.0116486605,-0.026549596,0.0026760586
-0.028308656,-0.01473118,-0.030863468,0.022088287,-0.05776908
0.022096189,0.0059535275,0.012744026,0.052093614,-0.029049259
0.026928471,0.034546815,0.028276712,0.0533038,-0.0025608083
0.065001905,0.054668777,-0.0005116022,0.030059105,0.03389156
0.04257997,-0.035205584,-0.03192405,-0.03937385,-0.015613124
-0.006927053,-0.012417866,-0.024445163,-0.03784856,-0.01197703
0.019736774,-0.0240248,-0.028324382,-0.04482645,0.03330761
-0.058202833,-0.07221456,-0.0032813973,0.0054744394,0.0012520014
0.023380894,0.017240925,-0.04569784,-0.027908595,-0.042386036
-0.03497632,0.011609536,-0.0041758474,0.079641566,0.011405274
0.0035396656,-0.011541693,0.065856665,0.006556983,-0.02464813
-0.0065351827,-0.015088243,0.03011614,-0.06251502,0.021684926
-0.04562157,-0.05047087,-0.101960436,0.0057194107,-0.03752537
0.0017011947,-0.052816946,-0.017329155,0.03749307,-0.060787197
-0.018356297,0.0013373405,0.0002202067,-0.026358945,0.034867447
0.030220808,0.0396981,0.012789534,0.04653003,0.004552536
0.07143483,0.029250836,0.046873126,0.005565201,-0.00034618017
0.025228314,-0.024483105,0.008092678,-0.044247806,-0.017158374
-0.028946431,-0.008047361,-0.0322514,0.026698325,0.029480856
-0.033021178,-0.028656455,0.0023273819,0.0028263913,0.021731228
0.010023755,-0.020518923,-0.05185902,-0.029768234,0.00936245
-0.05366936,0.035059873,-0.011333754,-0.035757355,-0.008646274
-0.03206946,-0.030539686,0.0135239065,-0.013399745,-0.021403896
0.0052510453,0.009337226,0.03093006,0.014282036,0.043731425
-0.0070895385,-0.0014229001,0.04039895,0.010145271,0.0071709706
0.02470666,0.046166155,0.025559273,0.03623811,0.03090414
0.035256594,0.044711046,0.039238304,0.049434945,0.05538573
-0.023781905,0.010876375,-0.019548677,-0.031039918,0.0053727124
-0.041513152,0.011118315,0.024742506,0.047784377,-0.017056767
-0.0037354673,0.026762767,0.09042714,0.016256055,0.064473
-0.023093082,-0.029215451,0.014804455,0.053711783,0.048930015
-0.0074171014,-0.014742632,0.0054139965,-0.031893056,-0.02306446
-0.0013101139,-0.027202357,-0.0058967643,-0.016941706,-0.02745837
0.055668775,-0.011519867,0.013441971,0.009680546,0.011144883
0.0049278503,-0.012633323,0.03795262,0.05370831,0.03345084
0.0071631344,-0.007565952,-0.052692402,0.0020437154,-0.0063333884
-0.05371138,-0.00028429236,-0.019200066,-0.06396733,-0.033680763
-0.0016584998,0.038903672,0.020166904,-0.0010081165,-0.063322715
0.04283414,0.04690652,-0.01746913,-0.01243523,-0.02766029
0.035600748,0.012651952,-0.058466773,0.014282023,0.04282237
-0.03260112,0.022243228,-0.029435324,-0.0007541548,0.019292781
-0.017918676,-0.041236322,-0.024297714,-0.050153572,-0.04122317
0.028629743,-0.019763008,-0.043005377,0.003445918,-0.02965187
0.016262501,-0.043613214,-0.0146478275,-0.010427672,-0.014242937
0.024126772,0.04392219,-0.033338815,-0.049730368,-0.016040212
-0.025395308,-0.0021261957,-0.06337128,-0.05650183,0.008884549
-0.009181598,-0.050743386,-0.04122047,-0.034733944,-0.048922975
-0.012358814,-0.044778354,-0.019420113,-0.051920272,-0.001515013
0.032202475,0.006482619,-0.027088752,-0.01331034,0.004320869
0.023709737,-0.012031671,-0.010438585,-0.0050076707,0.021097654
-0.0017029587,0.049692973,0.0052941963,-0.021437112,-0.03374173
-0.054752503,-0.096578754,-0.031390715,-0.017613657,0.012467677
-0.06803638,-0.010722078,0.055891074,0.021131266,-0.05412912
-0.02118396,0.019586967,0.023442121,0.026491513,-0.05528956
0.007848584,0.0457287,0.03591454,-0.034043204,0.02994994
0.034113683,-0.015092397,0.0043105064,-0.05463592,-0.0019294111
-0.024353413,-0.06513118,-0.031514544,-0.075791776,-0.06427226
-0.054563925,-0.011274085,0.02233912,-0.014124926,-0.061102644
-0.010763734,0.010994084,-0.04263008,0.0033433095,0.015073924
-0.085931204,-0.042642727,-0.030979231,0.032581642,0.026438707
-0.06134088,0.024681881,0.033338036,0.036454435,-0.03214264
0.017742638,0.03357076,0.038295012,0.008493176,0.030610992
0.08742549,0.008643353,0.008892251,0.030511558,0.036667123
-0.0066232732,0.03881369,0.07088303,0.058960672,0.03415215
-0.06821409,-0.030741008,-0.029686874,-0.05110397,-0.023773303
-0.07784393,-0.03651858,-0.03247693,0.040151868,-0.024112616
0.009853669,0.03881612,0.024215141,0.00762926,0.0052662687
0.101948656,0.06714436,0.02856645,0.010128406,0.00967088
0.0967011,0.08115024,0.046780653,0.040882133,0.08956323
-0.017252043,0.03744734,0.04084223,-0.010447578,0.053903107
-0.0014394383,0.0041319244,0.014166261,0.021211656,0.01436784
-0.058647305,-0.04061358,-0.018117096,-0.04504143,0.041969717
0.017672658,0.025039323,-0.06206054,-0.028511526,-0.005343692
0.025200207,-0.009623656,-0.0004891815,-0.009018497,-0.015009979
0.032120124,-0.04479847,0.030629074,0.017424908,0.011188252
0.04268559,0.040222738,0.06542952,-0.01922014,-0.04760038
0.010315466,0.02550255,0.0044589504,-0.0063143168,0.015139858
-0.07228006,-0.0069018234,-0.037211698,0.0015938906,-0.00991635
-0.056429137,-0.055166923,-0.0156183895,-0.04955931,-0.053250637
-0.0032612018,-0.023430636,-0.0038671056,0.033007804,-0.039651316
-0.058720388,-0.035564117,-0.040682517,0.011442463,-0.03915722
-0.05128385,-0.018729072,0.010144038,0.0011908436,-0.03653247
-0.0011415576,-0.0072045955,0.05973895,-0.014052149,0.0005436939
0.03077319,0.043798957,0.006679798,-0.019565718,-0.014889771
0.037417427,0.068947144,0.08188176,0.09989887,0.02026505
0.044634514,-0.024635712,-0.017239599,-0.025919845,0.03503772
-0.05827134,-0.08061388,-0.030872162,0.021321025,-0.03594585
-0.030449927,-0.010961928,0.011400768,-0.012800385,0.0035922853
0.0015998808,0.057304114,0.052319646,-0.023945143,-0.05313629
-0.04401655,-0.084028885,-0.002109995,0.00330549,0.032140017
0.0043531186,-0.02851585,-0.027172575,-0.049468156,-0.025701797
-0.014737086,-0.058208738,-0.0416348,-0.07919049,-0.112795286
-0.06257739,-0.012683508,0.016428007,0.0046724007,-0.08450172
-0.0048201457,0.03674273,0.010969613,0.05995262,-0.025944708
0.0049596773,0.019387461,-0.045464963,0.016601304,-0.0066754795
-0.04457971,-0.022367584,-0.057717975,-0.07953027,-0.01833443
-0.02395736,-0.047223262,-0.06958046,-0.005110214,-0.025596825
-0.043817975,-0.030418443,0.016883265,-0.065174825,-0.07169527
-0.08302337,0.00863344,0.04075762,-0.0034426665,0.037121296
