-0.027628286,-0.033472925,-0.01859253,-0.038907137,-0.03938263
0.049937658,0.011247086,-0.03609026,0.0029736431,0.03114521
0.040838756,0.061764434,-0.048869703,-0.044512376,0.064829774
-0.033816755,-0.061742824,-0.03492593,-0.0127375405,-0.0047136247
0.029413987,-0.024945293,-0.0008411747,0.022694102,-0.05531941
0.015728679,-0.011874322,0.044326447,-0.012020173,0.02559387
-0.052418254,0.04416583,0.08356931,-0.029485302,0.01967889
-0.0054830485,-0.03812853,0.04817603,-0.06029259,0.018547336
-0.033642527,0.0010784928,-0.020083243,-0.081428386,-0.024336278
-0.033838816,-0.03976104,-0.01920862,-0.03490522,-0.0008376659
0.014843865,-0.05612692,-0.0049532033,0.014495186,0.026054507
0.021053502,-0.0039890995,-0.008977414,0.0765154,0.04145468
0.008463685,-0.05582698,-0.046857566,0.07198113,0.013346243
0.008149459,-0.019095797,0.08040355,0.08537336,0.02926152
0.0044255727,0.04765054,0.03600397,0.03792914,0.006535759
0.011434233,-0.02978279,-0.036226455,-0.048625883,-0.005318766
0.007308511,-0.05489001,-0.00808289,-0.05872227,-0.0015266812
0.01826101,-0.009769314,-0.07182563,-0.065733485,-0.010735168
-0.026714263,0.0035648036,-0.06618392,-0.07086545,0.0045977486
-0.048490014,-0.046996493,0.018157868,-0.009503281,-0.056029473
0.007489145,-0.022775754,-0.010802597,0.09520815,0.00736295
-0.00897005,-0.0419413,-0.04052377,0.019964457,0.060697682
-0.0350767,-0.024622958,-0.038612355,0.071844086,-0.02309618
-0.04220326,0.01250925,0.03296806,0.013072513,-0.02965022
-0.02278191,0.024915712,0.025371745,-0.034448892,0.016595589
0.0019332562,0.0029098517,-0.05895045,-0.013396505,-0.010200417
-0.027993161,0.021331424,-0.018591572,-0.03523701,-0.009600068
-0.03700313,-0.035950754,-0.101102024,0.027913496,0.037690695
0.02602862,-0.011071493,-0.047144666,-0.061585706,-0.0182963
-0.025150007,-0.054213207,-0.046641767,-0.013676006,-0.026653178
-0.026365453,0.029369015,0.0024896997,0.0068784803,-0.020977635
0.032650616,-0.0084746955,0.006403058,0.052401647,-0.0026711652
-0.01628957,0.003055174,0.01948885,0.03431518,-0.023811165
0.012686012,0.0032642276,0.01668085,-0.016401958,-0.055598494
0.012178007,0.039501715,0.043956544,0.045320418,-0.0011400084
-0.022103218,-0.027439376,-0.023610331,-0.015543563,-0.03271843
-0.021042274,-0.054441374,-0.048465636,-0.030119877,-0.034078673
0.061448134,-0.040892687,-0.053329695,-0.07144481,-0.018226653
0.029934837,-0.081266105,-0.06093734,0.0479484,0.05012075
-0.060838316,0.011997569,0.07730481,0.06026251,0.0048208283
-0.011888745,0.0055090934,-0.028127722,0.008909687,0.032460164
-0.02724745,0.009739213,-0.0057174494,-0.008188499,0.04392183
-0.039489746,-0.01603449,0.0081824735,-0.019907335,0.027542816
-0.018743427,-0.0008949436,-0.010165162,0.019618375,0.04295372
-0.05364606,0.028047314,0.00973108,-0.048551656,-0.029105682
-0.08176607,-0.04575938,0.102946036,-0.006988455,-0.022297656
-0.048546292,-0.025980812,0.04843117,-0.03451211,-0.050197665
-0.063979894,0.0060421303,0.08033081,-0.042001054,-0.048989546
-0.058905955,0.019201538,0.081523225,-0.019364387,-0.034093484
-0.02516428,0.044783223,0.01694666,-0.047546905,-0.029870804
-0.016936798,0.03501085,-0.07884839,-0.010408741,-0.031209895
-0.0001463364,-0.072458304,-0.03591606,-0.060300708,-0.04017501
-0.039074175,0.00014862526,0.034849886,-0.020297123,-0.027389517
0.080487184,0.028265221,-0.07164039,-0.033552036,0.032181256
0.061176285,-0.018366508,-0.08877989,-0.054330744,0.028011609
-0.019200625,-0.07607615,-0.015597614,-0.004356757,-0.015467462
-0.018175721,-0.037442476,0.04071158,-6.1169696e-05,-0.05738841
-0.0012164565,-0.00441569,0.014088092,-0.0215305,-0.079222366
0.013774438,0.014561943,0.075226866,0.0041124113,0.0052551054
0.0003573857,0.05950039,0.06846626,-0.05775071,0.037661765
0.013948183,-0.023404527,-0.027237989,-0.003147028,0.047450967
0.04374632,-0.0066619683,-0.026427573,0.034374937,0.04945203
0.0494675,0.0016869898,-0.06468805,0.0038317991,0.0018635748
-0.018641725,-0.04313371,-0.025274739,0.024109606,-0.025850695
-0.01794754,0.011274721,-0.01887564,0.00076543895,-0.0020816585
-0.00043527264,-0.017985428,-0.0022239774,-0.009874165,0.006352458
0.032232594,0.01372944,0.011278798,-0.08382469,-0.00707911
0.02366666,0.072275095,-0.06240173,-0.029871702,0.082057044
0.0037133254,-0.07143863,-0.050730698,0.04461902,0.033805087
0.01811799,-0.050985247,-0.03913152,-0.01604571,-0.016073667
-0.07453913,0.00043299852,0.08150513,-0.025518201,-0.034383923
-0.08847267,0.06414026,0.10691333,0.05621511,0.009406466
-0.057677403,-0.006143987,0.10164433,0.022939363,-0.0258621
-0.010435686,0.03392368,0.09042148,0.008043111,0.032629173
0.020735996,0.016667617,0.033218887,-0.011095291,-0.014451111
-0.0081837,-0.06164648,0.023881592,-0.056100834,-0.06918859
-0.0043349043,-0.07894483,-0.059621476,-0.11673277,-0.034728825
-0.0095200185,-0.034484737,-0.069960706,-0.017207291,-0.011798208
-0.04415659,-0.047851555,-0.011971692,-0.014632495,-0.05651924
-0.033767372,-0.050109845,-0.03423346,-0.01921258,-0.0199991
0.018064262,-0.07184733,0.027450358,0.08217061,0.036814947
-0.022138681,-0.008718909,0.0030776768,0.020895274,0.048731245
0.016863821,-0.010556839,0.00068560604,0.04070407,-0.022483993
0.034816083,0.019666553,0.0035120386,-0.018721549,-0.040331766
0.037214063,0.07281767,-0.013485425,0.01772536,-0.035682224
0.017602645,0.00070633925,0.06533633,0.07015803,0.082331575
0.031725004,-0.039662503,0.05361627,0.13771634,0.055622052
-0.03337391,-0.032371566,0.022455374,0.00040543356,0.025615184
-0.0022724776,0.046906758,0.017473444,0.016311917,-0.0004001501
0.058389988,0.090779945,0.046662983,-0.028889768,-0.008131353
0.015617573,-0.050022084,-0.0076875985,0.051328897,-0.0060908897
-0.051636104,-0.12167907,-0.052278552,-0.046658978,-0.023514211
0.007648886,-0.07922574,-0.09563846,-0.024052111,-0.064103454
0.04028511,-0.015174469,-0.09142329,0.013799727,-0.014067865
-0.023997987,-0.020370895,0.016831663,0.01470343,-0.004849309
0.01592055,-0.057507295,-0.025904281,0.049990296,-0.02774196
0.00315341,-0.07622463,-0.010727251,-0.0049699927,0.040370896
-0.030903319,-0.03820231,-0.041379746,0.05181546,-0.05214061
-0.022074463,-0.098765984,-0.027342126,0.008282042,0.0053520924
-0.037042495,0.049237113,0.073601305,-0.009184621,0.015527474
