-0.032381605,-0.026600488,-0.0059716804,-0.06565739,0.0061825844
-0.030145545,-0.0117027955,-0.050288852,-0.0106221065,-0.0054726386
0.03680838,0.036975708,-0.020819865,0.019108068,-0.014928343
0.025381632,0.051225975,0.060957473,-0.031786174,0.03571436
0.022831576,0.0036110866,0.05160694,0.07620536,0.054510277
0.064052574,-0.0070018703,-0.069784984,0.003171296,-0.034225367
0.07770969,0.011320657,-0.035271812,0.028878493,0.011362563
-0.009823631,-0.0041694427,0.046589736,0.0054835565,0.039592855
-0.0037684466,-0.04081951,0.036613308,0.055605825,0.028394857
-0.03365754,-0.026384212,-0.010724188,-0.005401653,-0.044892598
-0.0058489745,0.044516027,0.032341268,0.03846235,0.052011132
-0.02558868,-0.048683602,0.0105151,0.00012923803,0.023842301
-0.0555527,-0.034491196,0.026520565,-0.009890953,-0.0100781815
-0.044103805,-0.07180694,-0.08817231,-0.08234151,0.0022448632
-0.06086194,-0.035200674,-0.0524098,-0.03175567,-0.035226233
0.019414326,-0.0013529976,-0.0030662837,-0.013049563,-0.0070526316
0.060669113,0.08372793,0.059783276,-0.034922037,-0.043834995
0.038843893,0.03284136,-0.0063400273,0.07010589,0.07334629
-0.0113739045,-0.00044386735,-0.02096052,-0.004819861,0.07487222
-0.00083838345,-0.052447673,-0.0015472394,0.010309088,-0.025603367
0.017891737,-0.040129375,0.021453334,0.00031197906,0.03132315
-0.05006972,-0.04820296,-0.04191214,-0.02467432,0.025030281
0.0002591607,0.031562373,-0.029283011,-0.028898327,-0.015442464
0.013452669,-0.018948117,0.018782558,0.021168793,-0.015298313
0.0075080553,0.04215233,0.042301387,0.025474539,-0.018266536
-0.038995836,-0.037026208,-0.0332812,-0.060677193,0.013448513
0.0017696895,-0.018816024,-0.058560234,0.02702731,0.037634835
0.046819992,0.004404674,-0.013499093,0.0036423055,-0.04884407
-0.012122301,0.012329068,0.0040136343,0.08673445,0.046147693
-0.05555162,0.008421856,-0.053527545,0.00828042,0.036371015
-0.020680483,0.03472022,-0.011527248,0.029701086,0.046441015
-0.003819658,-0.05275265,0.02342426,-0.032470312,0.048410695
-0.017028516,-0.056208745,-0.020861544,0.0049869237,0.014503135
0.016832218,-0.050173778,0.010136116,-0.04104385,-0.05553931
-0.014550681,0.04143026,0.035344467,-0.040073946,-0.013286181
-0.052936703,-0.058209896,-0.060025945,0.003530686,-0.014357091
-0.016771195,-0.020578776,-0.03512664,-0.032735094,0.04262968
0.024757573,-0.022419104,-0.018056614,0.024443034,-0.01948883
-0.028946098,-0.042319946,0.00030091382,-0.0731654,-0.01019962
0.0206219,0.03304285,0.047913224,0.017575966,0.020973533
0.034301855,0.0061560343,-0.046075262,-0.032683752,-0.053757925
0.040268343,-0.003775501,-0.02564449,-0.015549313,-0.054558393
0.037584227,-0.00058114494,0.031929713,0.0045429165,-0.051757
-0.01535177,-0.042466413,-0.008253515,0.00091182033,-0.015465208
0.03177319,-0.015959743,-0.028373139,0.022237519,0.024368076
0.012770945,0.034229882,-0.025472328,-0.048415013,-0.042700868
-0.0005890502,-0.011315119,0.054899283,0.042010408,-0.007893666
-0.03862294,-0.013587845,-0.03748108,0.046396907,-0.05073738
-0.05884819,-0.037374567,-0.08607023,-0.0866312,-0.03512486
0.041302513,0.025927886,0.0044018994,-0.012029293,-0.049181
-0.030123103,-0.00012017735,0.017930495,0.057634518,0.035717294
-0.06059235,-0.013294689,-0.07755764,-0.010367073,-0.05947823
0.021540184,-0.07469454,-0.059179634,-0.02746341,0.001155151
0.012204658,-0.060613707,-0.041505326,-0.07243866,-0.014807804
-0.000795177,-0.03345559,-0.03208033,-0.002034889,-0.017765326
-0.05058431,-0.05198313,-0.049938478,0.012414452,-0.004071343
0.00018159521,0.009020819,0.01351282,0.014547888,0.037069924
0.018265696,-0.067297086,-0.0862224,-0.066195376,-0.049474794
0.031755686,0.028071696,0.020138765,-0.10050595,-0.09730192
-0.002582402,0.0024303563,0.025547236,0.029918939,-0.026321283
-0.07968195,-0.07405693,-0.012167822,0.0103135705,0.010794222
0.00096031744,-0.019153226,0.020346416,0.021410093,0.022319628
0.08141507,0.036949836,0.057984296,-0.02437336,-0.045621436
0.010345287,0.050075777,0.06131235,0.0702321,0.052085552
-0.034201864,-0.032034267,0.04981009,0.06137674,0.033646863
-0.03916548,-0.0773288,-0.021428902,-0.08247064,-0.020423602
-0.078243144,-0.099392705,-0.023127967,-0.028512513,1.8345949e-05
-0.006479622,-0.04870545,-0.05254953,-0.023983475,-0.06010644
0.092713065,0.07266184,0.049439922,-0.019072164,-0.056400254
0.07374174,0.088729754,0.092782326,0.12552977,0.14192672
0.06448795,-0.006762764,0.014534827,-0.006117811,-0.018857395
-0.021069681,-0.037004832,0.04581794,0.042509265,-0.046226997
-0.0382062,-0.009989486,0.0060898596,-0.029520579,-0.031056743
-0.07025422,-0.039606232,0.024437813,-0.05896324,-0.05096113
-0.034190744,0.01883077,0.029450437,-0.08160137,-0.085538924
0.04243809,0.0277451,-0.02438942,0.051934194,0.021619031
0.064996265,0.050800174,0.023647804,0.047618605,0.0068891393
0.0046996744,-0.016980886,-0.0021020921,0.057737075,0.05652074
-0.0023242803,-0.059750974,-0.064320095,-0.058409587,-0.0192199
0.03353165,-0.040643796,-0.074902445,-0.07080322,-0.009770534
-0.03332129,-0.037216976,0.025684962,0.011935792,0.017471924
-0.038104013,-0.0367401,-0.027409442,-0.008633227,-0.032122828
-0.022792988,-0.039813884,-0.029245138,-0.003566524,0.039827105
0.008692329,0.038956042,-0.029726677,0.009238335,0.00023018867
-0.005813206,0.04000154,0.08549385,0.0799797,-0.018515425
-0.024600143,0.038405407,0.039425414,0.051462196,-0.00060016406
-0.061287917,-0.020242829,-0.06080158,0.009368414,-0.026568547
-0.012323027,-0.055230886,-0.07526411,-0.075027585,-0.05276718
0.005132316,-0.007645295,-0.011392753,-0.012181566,-0.058148824
-0.0245012,0.035022575,0.0369877,-0.0014757739,-0.00024273622
-0.042970452,0.015540573,-0.03483651,-0.022917617,0.0018133677
0.014924665,-0.037882198,0.019913413,0.019098286,0.011753995
-0.04891991,-0.017238213,0.015364204,0.064129576,-0.008402756
0.010162935,0.041763075,-0.017958773,-0.020881055,-0.0068563893
0.04988091,0.09671195,0.084298834,0.056633264,-0.021221261
-0.0057550417,0.011838693,0.0060379663,-0.0030139296,-0.01032188
-0.0014843986,-0.033399604,-0.03855717,0.03963391,0.058289
-0.034093726,-0.022708323,-0.0011064091,-0.0007526524,-0.050971016
-0.0485316,-0.03321735,-0.01150168,-0.0024669545,-0.03727663
0.02154053,0.020229328,-0.011346511,0.02852948,-0.0054882467
