0.051634923,1.7025632e-06,-0.031133778,0.009554473,-0.011654878
-0.017892605,0.017285114,-0.012936157,0.022623973,0.0004457579
-0.0039099287,-0.036560018,0.05005374,0.0028492876,0.027410667
-0.041030563,0.0564398,0.039392345,0.0010950922,0.02960031
0.0036489326,-0.001149706,-0.021897433,-0.04025789,-0.026744572
-0.035081077,-0.0049217776,-0.04103118,0.003117952,-0.0010078858
-0.0005244342,0.056058943,-0.01749982,0.03544876,0.03328469
0.01898275,0.030999733,-0.032833092,-0.02495312,0.020846222
-0.07916454,-0.030487256,0.00889507,-0.018238008,-0.019801317
-0.01841757,-0.043419927,-0.017253883,-0.028254697,0.007948745
-0.042289834,0.0014903842,-0.008705122,0.0051754373,-0.0154143395
0.02453462,0.0018645208,-0.008004202,0.011566332,0.018667959
-0.031311814,-0.025922209,0.123623654,-0.007870244,-0.055890884
0.0270655,0.062242962,0.06481248,-0.04084704,-0.011618013
0.0906134,0.06384273,0.003034218,-0.012837498,-0.0043947194
-0.021579497,-0.02937546,-0.008766691,-0.06290477,0.0021995276
0.015553288,-0.050780136,0.00068082765,0.013030012,-0.045993328
-0.043234415,-0.020326113,-0.012850988,0.014653737,-0.027824301
-0.019749394,-0.02445282,-0.024485178,0.010202224,-0.03907613
0.0026714588,0.023646552,0.0017667376,0.019956626,-0.04389361
0.015923653,0.021356434,0.011665772,-0.02946253,0.041052714
0.010785321,0.028364262,0.06874942,0.0025277615,-0.020957706
-0.007694705,0.021118917,0.059132606,-0.02097708,-0.048842162
-0.028944481,-0.029325288,0.013109531,-0.05879203,-0.022080442
0.027769217,0.020583669,-0.013324211,-0.01515279,-0.0012195831
0.043503616,-0.034169775,-0.014100361,-0.059590667,-0.03145334
0.014339746,0.009037818,-0.02546818,-0.011481526,-0.015451179
-0.02135048,-0.014846171,0.018769829,-0.018542157,-0.008537677
-0.0065745707,-0.0075693172,-0.029598242,-0.034006838,0.0056526987
0.029383155,0.02839704,-0.036292303,-0.03322342,0.015116081
0.0066751167,-0.0075103724,0.04276327,0.047556885,0.043526806
-0.040846728,0.018740216,0.016424455,0.008680558,0.055795696
0.0047798203,0.05828896,0.0086632725,0.0009006742,0.067985296
0.027219785,0.04365564,0.031769536,0.06227182,0.06053612
-0.03490297,0.016683858,-0.013655182,0.06284122,0.057443187
-0.0240653,-0.042778023,-0.07948867,-0.028209891,-0.07306023
0.011697956,0.009462355,-0.06585371,-0.015032727,0.027476232
-0.03564292,-0.064030066,-0.066961445,-0.03527676,-0.0055758255
-0.05075321,-0.0617016,-0.05881062,0.020884588,-0.044039655
-0.014932523,0.0014675382,0.0039409986,-0.07204083,0.016141683
0.033674102,-0.013112667,0.0038259118,0.04521912,0.02389004
0.029552482,0.0011208322,0.032539163,0.041990545,-0.0139139285
0.02994038,0.015442697,-0.034399167,0.024115717,0.009043551
-0.031612944,0.01645977,-0.03468381,0.0060747326,0.02990392
0.010164736,-0.001434158,0.035945702,-0.030605534,0.033782423
0.021187963,0.06294421,-0.053916935,-0.019484488,0.03426555
-0.0007899001,0.012902701,-0.058063976,0.018433847,0.030131584
-0.031791072,-0.03184308,-0.03299499,-0.011574386,0.06973579
-0.06460701,-0.0037364743,-0.018614607,0.017913949,0.03318548
-0.055593155,0.021385364,-0.02279155,0.029919539,-0.032100264
-0.048603985,-0.050501164,-0.052225992,-0.017511372,-0.09238145
-0.028308747,0.06497948,-0.027918397,-0.0484409,-0.06541769
0.056244154,0.020083053,-0.0036074894,-0.0133547755,0.00039217682
0.05217425,0.03289421,-0.010734819,-0.038612463,-0.052268054
0.0020443753,-0.06337498,-0.021677332,-0.011125169,-0.047578365
0.03507307,-0.023108304,-0.056034338,-0.06851751,-0.004285005
-0.04481254,-0.020211708,-0.016812652,-0.048437625,-0.045474604
0.006594229,0.03029218,-0.03607027,-0.022999853,0.00879357
0.027196527,-0.058036096,-0.004504742,-0.05350189,-0.020545907
0.02521545,-0.054083943,-0.003610098,0.017483564,-0.03750842
0.010652497,-0.011249722,0.025090026,0.048368752,0.004333265
-0.036967363,-0.044814184,0.01312417,0.04410934,0.029172715
-0.02342536,0.026345842,0.06320262,0.011075325,-0.032275543
-0.052061122,0.020643001,0.02461018,0.011616293,0.034601904
0.062577434,0.049539685,0.003209748,0.008775317,-0.013054999
0.026107473,-0.0416771,-0.014895647,0.036476113,-0.0009807891
-0.0033088354,0.0042771385,-0.05641217,-0.008950645,0.030959295
-0.0018539602,-0.066388294,0.0087934155,0.031079069,0.045299258
-0.078113586,0.051956035,0.052290015,0.023008773,-0.0041374424
-0.04783067,0.09636301,0.011278598,0.0072127855,0.027483612
-0.00209523,0.06431301,0.010918768,0.009137516,-0.009802417
0.049691506,0.01910637,-0.00023780881,0.035480138,0.023619536
0.06373594,0.027893132,0.030135095,0.06686119,0.024160553
0.0111566065,0.02697107,-0.03508951,0.008138677,0.039341014
-0.05892509,0.028213697,0.058999237,0.0035634977,0.024781646
-0.052655973,-0.031339273,-0.01774032,-0.03398795,-0.026462313
0.0136762075,-0.030225292,-0.023611028,-0.037211675,-0.041521747
-0.021031028,0.009454437,0.0097155245,-0.028196013,0.0012644277
0.006841634,-0.05830567,-0.06392052,-0.053010996,-0.021833768
0.035442904,-0.06564295,-0.0761079,-0.06671365,-0.011828748
-0.047436204,-0.006211476,0.05362964,-0.0021007678,-0.012940551
-0.00537756,-0.0132137295,0.100300305,-0.0093385,0.0021673187
0.0228831,0.057554536,0.036610425,0.026301526,0.02351331
0.05137715,0.033812523,-0.016807472,0.012430327,-0.03375089
0.040694784,-0.045993965,-0.0026177585,0.04248279,-0.03831654
-0.015765417,-0.04318138,0.065427944,0.034635715,0.00513544
0.013637872,0.047389667,0.11613007,-0.027452715,-0.017748801
0.01152388,0.034573097,0.06103512,-0.053821735,0.046160966
0.0898746,0.036863245,-0.007257798,0.0323745,-0.028118426
0.098807216,-0.00438973,-0.054215956,0.0104744695,-0.03278389
0.024757726,-0.013098105,-0.046872582,-0.042798713,-0.070293725
0.007957271,-0.042959385,-0.06521626,-0.059235677,-0.036850456
-0.03779252,-0.050690114,-0.0673584,-0.06908269,-0.017769286
-0.08453545,-0.089218736,-0.04256352,0.0100934785,-0.018319882
-0.019890076,0.009647554,-0.08093279,-0.0035009456,-0.07064462
-0.059715718,-0.01910292,0.010509918,-0.038248308,0.007859751
-0.020953637,-0.03139243,0.015929041,0.0051887203,0.0018935926
-0.011894812,-0.04126131,-0.010181316,0.015753979,0.041090287
-0.054174088,-0.03366664,0.007729435,-0.04239088,0.029131021
0.0036957453,-0.011628618,-0.05783543,-0.045684237,0.0026998941
