-0.036981326,-0.0020280054,-0.045012422,-0.051036697,0.035300836
-0.058701143,-0.015252963,0.033765618,0.058057763,0.020372298
-0.020009836,-0.061984904,0.01813355,-0.04245125,0.0220524
0.021209912,-0.055754337,-0.020940015,-0.052846223,0.020874541
-0.008393193,-0.03802203,0.015260016,-0.0066475454,0.011552376
-0.030961338,0.0065057497,-0.041114718,0.024137784,-0.017593224
0.08828092,-0.03331184,0.022607584,-0.021165676,-0.0022989165
0.103384174,0.08731461,-0.032440998,-0.0027287907,-0.027523642
0.012610492,0.05741614,-0.010414246,0.02705787,-0.03339694
0.035889894,-0.023076493,-0.016150793,0.043900266,-0.010190464
0.020613348,0.06751737,-0.017040169,-0.047213864,0.06146332
0.017295491,-0.032608714,0.018976554,-0.0035164147,0.0009236101
-0.001087153,0.002817983,0.062431607,0.006871759,0.0110787805
-0.060773116,-0.004866267,0.07957392,-0.019992558,0.007739776
-0.021862207,0.03497847,0.026653292,0.007819946,-0.0007533881
-0.015070007,-0.045055978,-0.013896152,0.046253446,0.06304998
0.033658803,-0.03166859,0.014842522,-0.027431006,-0.0047481386
-0.02782167,0.0021575552,0.016792646,-0.036552493,0.016948171
-0.070573665,0.009606474,0.0238553,-0.03651808,0.0034491292
-0.018879287,0.024151681,-0.032085095,0.023732731,-0.030420622
0.04928332,0.0074947416,0.018111465,0.014687363,-0.03509474
-0.02837215,0.03775153,0.04624865,-0.06750837,0.012153631
-0.00833058,0.07613278,0.028241089,-0.031351816,-0.019850945
0.025282769,0.0035976127,0.07404313,-0.02701044,-0.018458027
0.024869306,-0.0047137216,0.03712781,0.028524095,0.042082246
0.013050781,0.0319936,0.019520044,0.033867348,0.026677622
-0.072212175,-0.049587373,0.048793424,0.057455815,0.028784351
-0.0075551434,-0.082563505,-0.06431984,-0.0019528248,0.022515036
-0.048553057,-0.008455544,-0.018409688,0.049443424,0.055508323
-0.024633946,0.038748212,0.04176164,-0.027374279,0.0055494257
0.01563382,-0.02420381,-0.05885979,-0.029650552,-0.036980055
-0.041120697,-0.116581455,-0.035630118,-0.016648335,-0.05748983
-0.054105904,-0.05466052,-0.010958696,-0.03647359,0.0040624677
-0.027199943,-0.026284637,0.0012077604,-0.037728142,-0.012867733
-0.055718135,0.03885425,-0.032530054,-0.023335181,-0.02491035
-0.06506657,0.0023370364,0.03531709,0.037006505,0.052473105
0.01026469,-0.06770519,-0.03321709,-0.020225752,0.055038765
-0.067690104,0.009962311,-0.017074859,0.024362432,0.054419823
-0.05224843,-0.042854033,-0.037774973,0.023177713,0.024073703
0.024939965,-0.007512896,-0.0017238783,0.025349552,-0.039628968
0.004473602,-0.013354524,0.015836032,0.04488894,0.025220174
-0.0077372473,0.04547212,0.040408343,-0.006189548,0.033265233
0.06908509,0.0008934224,0.01217835,-0.03151408,-0.0017129285
0.05056065,0.026760131,0.03661192,0.0009784403,-0.03657602
-0.01074075,0.0133478725,-0.0355528,-0.021591768,-0.033079464
0.013767122,-0.025711773,-0.011658116,-0.022022415,-0.024755126
0.13385816,0.024679273,-0.018686878,0.0057761627,0.012897189
0.08802438,0.06671688,-0.04331675,0.009735785,-0.02939571
0.050828435,0.029463878,-0.017773407,0.0029349886,-0.04369919
-0.003024664,0.01850634,-0.010811732,0.025240874,-0.045489386
0.011155933,0.02771703,0.01593559,0.07546972,0.05679766
-0.07843814,-0.09091044,0.008654992,-0.0010791419,-0.008437971
-0.12388831,-0.039105628,0.022671744,0.016972968,0.060297552
0.037839152,-0.012179809,-0.014759011,0.07790248,-0.010247086
0.015352705,0.008620748,-0.0017723658,-0.013499664,0.0026233664
0.0023707997,-0.027940175,-0.005006926,-0.031038675,-1.2246216e-05
-0.047374845,0.011908012,0.033020854,-0.020676043,-0.009286239
-0.0073448797,0.014193583,0.037317574,-0.019891994,0.050284844
0.021272704,0.06113941,-0.060081284,0.043775126,0.023986975
-0.0040851203,0.0023205813,0.00052329537,0.028886434,-0.022743579
-0.00219457,0.0006680881,-0.01620414,-0.035952847,-0.043838028
-0.0675105,0.011380698,-0.0271249,-0.025209846,0.0038957498
-0.05532738,-0.0110304905,0.03327892,-0.051331922,0.029436132
-0.017796218,-0.02499417,-0.0023180367,0.003814445,-0.0017343686
0.011650544,-0.0011854062,-0.03659055,-0.007234966,-0.01312978
-0.059970856,-0.03546322,-0.036930945,-0.039321102,-0.045903955
-0.062822744,-0.048109274,0.041157655,0.06760796,0.031578492
-0.08417666,-0.1317391,-0.04658695,-0.009536868,-0.031970315
0.03657349,-0.031550124,-0.051497042,-0.009846853,-0.03669549
0.034112632,-0.03762612,-0.032278184,-0.002064083,0.0023059626
0.01117942,0.02223256,-0.045827925,-0.040430628,-0.0053150123
0.02447915,0.018400382,-0.026214316,0.008427068,-0.0437209
0.07118632,0.02216624,-0.04875098,-0.04388871,-0.05992346
0.104016885,-0.0042796596,-0.017845135,-0.042858236,0.003334848
0.040201385,-0.01087089,-0.041384015,-0.035537418,0.0027956117
0.00858607,-0.020003268,-0.022101877,-0.0031162289,-0.011725599
0.037332494,0.019398121,-0.07523478,0.022656785,0.02766882
-0.027882423,0.052715592,-0.004308517,0.012993387,0.035942484
-0.09038692,-0.000795652,-0.005064602,0.033739496,-0.00059930386
-0.016043201,0.030956099,0.046234548,0.011912492,0.006569728
0.026573092,0.050919015,0.0045076204,-0.045769446,-0.024306215
-0.028123131,0.057359986,0.031469643,-0.010687888,0.025848398
-0.009074231,0.03658711,-0.009882904,-0.04879595,0.008176912
0.004746649,0.0022802749,-0.029808458,-0.017840272,0.008521311
-0.032679457,-0.008607301,-0.004385256,0.013566321,0.059145518
-0.013477441,0.036686048,-0.008145705,-0.049924187,-0.03976466
-0.078130566,-0.051972743,-0.0012879482,-0.031525273,-0.016967937
-0.03650929,-0.037994973,-0.049158238,0.009296555,0.019698327
-0.05732152,0.047656737,-0.05389548,-0.041970044,-0.0299562
0.014475768,-0.0206919,-0.007257977,-0.03388896,-0.002940681
0.018568918,-0.08466571,-0.02298952,0.0060043973,0.056337208
0.08477749,0.095368594,-0.043639768,-0.049795005,0.006610638
-0.0721933,0.08824011,0.074398994,0.019177034,0.045260172
-0.046205763,0.038978834,-0.008790784,0.039629124,0.0524244
0.012427072,0.00264215,0.07091553,0.067845464,0.04783306
0.014485177,0.020903172,-0.08313284,-0.0016296344,-0.005977826
0.08038023,0.043570057,-0.052774113,0.009487094,-0.03372312
-0.058077432,0.11800003,0.050827205,-0.050733022,0.004257032
-0.024926238,0.03731242,0.029558487,-0.00844527,-0.006409647
-0.0010151125,0.032197956,0.018209765,0.01913501,-0.011705321
