-0.03996448,0.014468962,-0.029986769,0.025942177,0.039234668
0.021140264,0.048478715,0.037837397,0.037814658,-0.0005028942
-0.03866017,0.0014096904,0.06522033,0.0652201,-0.04844361
-0.016192706,-0.027298486,0.013639149,0.035782494,-0.06456355
-0.023877237,-0.025220973,0.008002203,-0.05643341,0.004155394
0.00579504,-0.013169297,-0.01048079,-0.031567615,-0.020446686
4.770104e-05,0.05620759,0.028293133,-0.04425573,0.008978554
-0.0035334944,0.02075052,-0.032624807,-0.033188898,-0.03637901
0.006370099,-0.040817074,0.014793888,-0.032134715,-0.007661467
-0.0151594095,-0.023639018,-0.05100225,-0.033175558,-0.046397515
0.043458857,0.022059582,-0.012724825,-0.0014820474,-0.007961709
-0.035078797,0.0018259257,-0.010759063,0.029141748,-0.01970621
0.027821545,0.008630887,0.010390478,0.026025718,-0.045719314
-0.023297247,-0.009154246,0.01078185,0.01365083,0.0111909
0.019750686,-0.031149168,-0.021705413,-0.019820375,0.10007464
-0.01981871,0.01317834,0.022262119,0.034185223,0.021864679
0.03153962,-0.03506503,-0.0023548454,-0.055236295,-0.007890886
0.043561354,-0.00088357524,-0.068349175,-0.0037794695,-0.02443397
0.00073750614,0.017993309,-0.06805403,-0.04462225,-0.030789446
-0.043697607,-0.024416734,-0.04419171,-0.009242666,0.018997395
0.008916716,0.013597797,-0.030047582,0.030610556,-0.002433708
0.052436765,-0.012003306,-0.017676571,0.039801694,-0.029082434
0.01403547,0.015022563,-0.02308895,0.004827931,-0.06431451
-0.035737105,-0.028378818,0.03981715,-0.05556359,0.026273822
0.0023707147,-0.0039803106,0.0058920598,-0.018609246,0.068701535
0.04514799,-0.05653239,-0.06295431,-0.015638536,-0.015864076
0.05019223,-0.019378353,0.0074122082,-0.03886629,-0.008785458
0.024326378,-0.022271762,-0.030306647,-0.06668845,-0.011592237
-0.050814554,-0.021654585,-0.05297465,-0.058323953,-0.057615425
-0.046326634,-0.00019050366,-0.048762195,-0.08451124,-0.09352881
-0.03712683,-0.030778948,-0.014978171,-0.027924877,-0.016437816
-0.015294559,-0.01648274,0.017318657,0.0127330655,-0.05132675
0.021264892,-0.016729897,-0.0164499,0.006589601,0.04942279
-0.0030774148,0.016821504,0.047948826,0.06936276,0.06505377
0.018439982,0.031301104,-8.62162e-05,0.09182454,0.059832573
-0.033791006,-0.07117865,0.013889987,-0.07647261,0.021757709
0.0066574304,-0.016878363,-0.0003444321,-0.028271781,0.03842663
0.04305476,-0.003998143,4.3597964e-05,0.054184057,-0.021275884
-0.023612127,-0.041063715,-0.020129215,-0.009963319,0.029196484
-0.007306992,-0.017561434,-0.05504083,-0.0031134097,0.05314211
-0.00859765,-0.034038357,-0.030297335,0.035392534,-0.022939218
-0.017074674,-0.018904064,-0.045458704,0.03355426,-0.019092109
-0.050146185,-0.026266053,-0.016855007,0.021460446,0.020628083
-0.013443718,0.031620305,-0.00065468496,0.036675762,0.03221359
-0.00135886,0.04260903,-0.0030278943,0.01572224,-0.0010243327
-0.0057507176,0.042188745,0.046697807,0.0010925945,0.033358347
-0.0015283618,-0.0020301947,-0.07133849,-0.034584835,0.07445135
-0.0071545956,-0.024661781,-0.03629084,0.06639184,-0.006143683
0.03581123,0.011360604,0.025538199,-0.0050161127,0.014987956
-0.032079116,-0.023616925,0.03337752,0.09145901,0.066689484
-0.02679407,-0.041893948,0.009744094,-0.0452136,-0.06593161
-0.037815247,0.030013176,-0.024204975,-0.03958566,0.03231628
0.011943484,-0.03597486,-0.039132975,-0.012597218,0.124155976
0.0143247675,-0.009017459,-0.014083317,0.026087902,0.036817316
0.019612135,-0.04572436,-0.019571668,-0.0052084294,-0.018203028
-0.00507181,-0.011549865,-0.0011862608,-0.052480377,-0.065898664
-0.026652435,-0.0020526743,-0.038020823,-0.009291333,0.015597642
0.025724506,0.02600721,-0.055327605,-0.0068475837,0.040564675
0.009358762,0.0065356763,-0.063797764,0.006589405,0.0635539
0.042237718,-0.03715414,0.02073633,0.035365414,0.04001634
0.016487122,0.022487268,0.04176788,0.037430327,-0.014820999
-0.018264437,0.012035553,0.018257445,0.047772583,-0.028293679
0.021184092,0.015217969,0.056351926,0.042534024,-0.084526785
-0.009626361,0.012294253,-0.02129449,-0.07248303,-0.07062981
-0.06753578,-0.018399268,-0.022813337,-0.059920907,-0.08849798
-0.0068013985,-0.038653895,0.010323315,0.022770781,0.06951855
0.005078076,0.010693955,0.02071862,0.11957205,0.10394933
0.0009369383,-0.037112005,-0.0043441933,0.13273278,0.029149773
-0.0043599913,0.042377714,0.072440684,-0.004490892,-0.10881782
-0.057370596,-0.005950753,-0.026792588,-0.11533024,-0.085633725
-0.010264804,0.0034314364,0.03724252,-0.021927716,-0.027794966
0.01988066,0.017340394,0.039060358,-0.04071098,0.05706677
0.004318104,-0.04274196,0.022556275,0.06662254,0.053667583
0.020967167,-0.04160907,0.024851976,0.0596705,0.011866767
-0.025793266,0.026587827,0.07175129,0.0793966,-0.001168417
0.0014417691,-0.026085205,0.025453521,-0.0098085115,-0.024075689
-0.03557084,-0.0030989456,0.000116075076,-0.0505506,-0.065238625
0.030759718,0.0059529236,-0.07141512,-0.103104964,-0.029935239
-0.009618788,-0.017240304,-0.081844494,-0.11904728,-0.026337609
-0.06759831,-0.009043771,-0.08823347,-0.059571575,0.009807538
-0.00023251284,0.0007144453,0.04767171,0.024032868,-0.016359271
0.044696443,0.009526309,0.022412254,0.04927593,-0.0037886568
-0.043268643,0.065369986,0.003090158,-0.04598534,-0.06597963
0.017578684,0.014947857,-0.0007700183,-0.052129634,-0.036898907
0.044563595,0.011430091,-0.036387503,0.036810633,-0.038262814
0.004945527,-0.018574148,0.06359396,0.0041048727,0.01897669
-0.033492956,-0.004373397,0.022174716,0.041606378,0.009622741
0.028805474,-0.029909907,0.004653841,-0.031110832,0.054584164
0.05935856,0.06714808,0.0050868676,0.0736301,0.06843292
0.030907035,0.06355069,-0.0014713634,0.042198896,0.062079754
0.024241602,0.014937023,0.0023357759,-0.06976613,-0.05768232
0.08192978,-0.016127402,-0.061230447,-0.062416237,-0.054049164
0.05363048,-0.014145922,-0.031524997,-0.039157443,-0.0407853
-0.004694586,-0.065479,-0.020460058,-0.043840617,-0.07276554
-0.016271811,0.04240356,-0.05523621,-0.027810272,-0.017186599
-0.04724424,-0.04939276,0.027487474,-0.023789987,-0.05631311
0.006721408,-0.023797665,0.033786293,-0.026145456,-0.05417949
-0.034112163,0.013232763,0.046207555,-0.001451869,-0.017543225
-0.028694311,-0.008897769,0.039855868,-0.0070307115,-0.009383073
0.028009726,0.02896333,0.024739524,0.030762605,0.08388224
