-0.0054276977,0.037049413,0.015365471,0.044129845,-0.048586987
0.003186803,0.016004452,0.03336724,0.05510773,-0.0020154167
-0.058153674,-0.031358656,0.060761597,0.04582684,-0.031881977
-0.017906036,-0.037207477,0.015366433,0.011685511,0.008742949
-0.0030316256,-0.0013517967,-0.059711754,-0.015725039,-0.03287538
-0.05917798,-0.06961108,0.020769361,0.047638953,0.00083150127
0.026597135,-0.021490123,0.016837146,-0.03501192,-0.016604872
0.02503437,-0.00623043,0.02127329,0.045075983,-0.005592198
0.03700564,0.029515466,0.041817177,0.005198069,0.02032701
-0.0075542056,0.025902782,-0.007259007,-0.011609899,-0.016970813
-0.0035673222,-0.051410805,-0.075325295,-0.039874334,0.017443985
0.010941422,0.012216153,-0.023394894,-0.023263635,-0.060108814
-0.008980404,-0.0480137,0.020346679,-0.07331925,-0.003435471
-0.02432296,-0.043332428,0.06466884,-0.043150555,-0.025103504
0.022642562,-0.040072955,0.028286243,-0.007839347,0.046460733
-0.042456876,-0.036236014,0.040153332,-0.011334198,0.022102593
-0.040217534,-0.03372649,-0.031280637,-0.02780272,0.015477574
-0.05191168,-0.04750867,-0.05206939,-0.06799435,-0.0511268
-0.040706515,-0.037694577,-0.05414423,-0.048570957,-0.032213967
0.034986623,-0.017611532,-0.012066205,-0.010965991,0.028757337
0.039887797,-0.02193187,-0.04057536,-0.020621365,-0.014456498
0.039178994,0.05391059,0.05398077,-0.032151297,-0.06732203
-0.049323402,0.06825532,0.02396855,0.008031707,-0.010431335
-0.017079765,0.033041738,0.10413563,0.05255799,-0.026512092
-0.034894932,-0.05066579,0.0031587265,0.0011022569,-0.0051586656
0.034587342,0.054822598,0.040823534,0.063394025,0.0051561673
-0.01574154,0.035809685,0.042313743,-0.042992137,0.0055663413
-0.029006185,-0.04431019,-0.066705614,-0.06117936,0.012109001
-0.03120512,-0.107545994,-0.029821992,-0.079197615,-0.06527542
-0.04568846,-0.032475036,0.004320358,-0.02092173,-0.0331465
-0.0073027597,-0.018910985,-0.035928834,-0.046167817,-0.019726884
-0.018542932,-0.013838275,-0.03308158,-0.051308937,-0.010500183
-0.040162683,-0.0039498373,-0.0600125,-0.043087885,-0.027008561
-0.0073630284,0.043057032,0.06493071,-0.013225693,0.0005277085
0.050743993,0.094376594,0.071250826,0.013091895,-0.0012929782
-0.017790198,0.007526754,-0.033556078,-0.03425353,-0.044118427
0.008442194,0.0017181656,-0.019579796,-0.041144393,0.0070632286
0.039988097,-0.0011550528,0.009902618,-0.014916836,0.00462573
-0.038595397,-0.028056916,-0.05865749,-0.0115617225,-0.044293057
0.034410506,0.00072053063,0.0155773405,0.00874694,0.018111378
-0.055690184,-0.032723423,0.034408633,-0.0076823337,0.024197772
0.012438694,-0.021681324,0.023855451,0.040555693,0.029397216
0.062485695,-0.03330877,-0.036402017,0.024301896,0.008631193
0.045058545,0.052622717,-0.04011445,0.011202397,0.005194556
0.01978032,-0.0075400197,-0.01798524,0.051103912,0.025783973
0.049521934,-0.039370116,-0.04891121,-0.049262088,-0.001385362
0.050451968,0.010016275,-0.0062353946,-0.005370889,0.015494525
0.015763385,0.061269354,-0.017421667,-0.0076928423,-0.014067033
0.015062374,0.084767446,0.010826007,-0.03946179,-0.007714722
-0.018749688,0.03248551,-0.036606196,0.040806632,0.0014143587
0.003855333,0.009148541,-0.012055717,-0.033780184,-0.016726157
-0.0043220823,-0.0072940025,0.00082042586,-0.044602413,0.0063842325
-0.077613115,-0.071208544,0.004834991,-0.026439738,-0.050156895
0.009025462,-0.0524589,-0.10707555,-0.020202162,-0.009106968
0.13127406,0.028466681,0.012662001,-0.06715241,0.014334795
-0.00296456,-0.012034892,0.00075383176,-0.05232253,-0.05770147
-0.039702334,0.03606288,-0.007809814,-0.004849571,-0.04409259
-0.030621221,0.017882533,0.0369707,-0.03154894,-0.054373126
0.028774668,0.0799036,0.009046799,-0.023990339,-0.039930295
0.027832335,0.016965242,0.011085248,-0.016309002,-0.022801718
-0.033646706,0.03305322,0.0466364,0.034683567,-0.039464843
-0.054792188,0.07461104,0.055855975,0.043153636,-0.0007018186
-0.055157572,0.0151556125,0.05015752,0.0022845964,0.013668487
-0.045841243,-0.011788129,-0.003928283,-0.012083566,0.023237137
-0.016503615,-0.011186995,0.031784616,0.039676264,-0.012622105
-0.0086093135,0.0068435003,0.019922996,-0.030590108,-0.05354435
-0.03251313,0.0026624193,0.054952987,0.062160194,-0.009330074
-0.032679096,-0.06965571,-0.013060165,0.06614292,0.033231255
-0.005893711,-0.09443262,-0.08173767,0.026632125,0.04695014
-0.04336531,-0.06415366,-0.05947942,-0.028886661,-0.023403116
-0.02511743,-0.07032716,-0.021540426,0.02699005,0.0024573018
-0.028309561,-0.08438985,-0.013574014,-0.029999932,0.03239994
0.011510551,-0.011879487,-0.05655693,0.016231284,-0.022823066
0.056991693,0.08712928,0.053402472,-0.025359796,0.039339773
0.0011950611,0.019435473,0.040646505,-0.012265925,0.039627764
0.036869343,-0.062694184,-0.0076024993,-0.022002453,-0.019740606
0.030507157,0.012273359,-0.031408347,-0.055407383,0.022894865
-0.013177123,0.0459941,-0.07612875,-0.070929945,-0.024633063
-0.060214747,-0.005087861,-0.0970832,-0.023173716,-0.055094857
-0.00018224274,0.017874159,-0.036864076,-0.024384214,-0.03921128
0.05920506,-0.0036349809,-0.04209366,-0.07494094,0.004101229
-0.033044405,0.02582659,0.040845487,-0.029449347,-0.07517774
-0.06451587,0.07109872,0.027780471,0.0005441446,-0.044500574
-0.031169217,0.009679956,0.062340617,-0.007566851,0.042064186
0.029549431,0.011763598,0.04697948,0.031790137,0.039906804
-0.041385274,-0.011027541,-0.12176769,-0.05219714,0.0073850346
-0.05178582,-0.03834426,-0.11888245,-0.013834199,-0.03062516
-0.06747624,0.008435504,-0.051925488,-0.06791927,-0.045411907
-0.06632473,0.11057874,0.101924784,0.065674245,-0.009725165
0.05718579,0.122493416,0.10726434,0.026964726,-0.038016353
0.07865048,-0.033497423,-0.05673539,-0.04603924,-0.014705822
0.10813497,0.12479188,-0.015118474,-0.119696796,-0.07627533
-0.030667176,0.1420726,0.09674153,-0.03482472,-0.0730912
-0.077646114,0.040972803,-0.008240695,0.019079952,-0.018614093
-0.016762134,-0.11625691,-0.039735947,-0.025492346,-0.018395614
0.046632625,0.0070787296,-0.08509237,-0.016874688,-0.044037983
-0.008447431,0.06485891,0.003132606,-0.043016706,-0.054036498
-0.026802493,0.09152058,0.063263394,-0.018128535,0.016073115
-0.031178473,0.02838471,0.09706569,0.07498676,-0.033424377
-0.095070675,-0.05759143,0.07432557,0.047174446,0.029309878
