-0.15844548,-0.17626892,-0.23717114,-0.24152549,-0.17700388
-0.16850005,-0.16128655,-0.19957633,-0.21282189,-0.15554668
-0.23976536,-0.22058596,-0.18184175,-0.17557515,-0.17325352
-0.20278008,-0.22975273,-0.2318417,-0.16288003,-0.24669062
-0.19488299,-0.14650746,-0.10057856,-0.17904596,-0.21691343
-0.17870346,-0.1358659,-0.17351077,-0.14689627,-0.19384602
-0.12009724,-0.15427125,-0.17238042,-0.24317974,-0.24819493
-0.20181026,-0.23302215,-0.20475818,-0.22902186,-0.23587449
-0.17522639,-0.11652698,-0.11060938,-0.163549,-0.23849835
-0.22889225,-0.17606172,-0.11195273,-0.115899056,-0.16906437
-0.23631105,-0.22994651,-0.09863665,-0.17709136,-0.17055704
-0.18912001,-0.2443632,-0.15496568,-0.12297968,-0.10561573
-0.21129912,-0.17997573,-0.11552109,-0.16257489,-0.2432848
-0.20961833,-0.23814642,-0.1642797,-0.12699157,-0.18469496
-0.18673271,-0.18422568,-0.21690574,-0.12222172,-0.14598292
-0.21908747,-0.22874227,-0.10005188,-0.17759405,-0.17692108
-0.1723814,-0.23241673,-0.17795268,-0.1667613,-0.14817496
-0.2268097,-0.10531232,-0.111129105,-0.20321187,-0.20429388
-0.22233811,-0.2290238,-0.15930928,-0.12772559,-0.15038623
-0.11148008,-0.1358093,-0.205031,-0.23303501,-0.12422498
-0.18264093,-0.1301607,-0.123321064,-0.13237785,-0.11081619
-0.13040519,-0.15279771,-0.17196457,-0.181817,-0.1188227
-0.1167465,-0.17585,-0.12799302,-0.15737256,-0.104324445
-0.15708065,-0.10385471,-0.10815851,-0.11576465,-0.11085697
-0.12779148,-0.12715927,-0.18063982,-0.1510405,-0.14610285
-0.12064131,-0.15914673,-0.12111716,-0.11117312,-0.12314721
-0.18247432,-0.21161146,-0.18373294,-0.22116368,-0.16689768
-0.20690987,-0.14445893,-0.1814476,-0.16496734,-0.21181437
-0.10896207,-0.23435004,-0.17950343,-0.1493832,-0.24074182
-0.1333767,-0.20506176,-0.15889505,-0.1137197,-0.11302248
0.14809717,-0.22338577,0.21373497,-0.21480933,0.19628078
0.17571262,0.19565852,0.16297825,0.18778527,0.17182492
-0.20778029,0.16567351,-0.1776634,-0.1587036,-0.18875359
-0.1880986,0.22456135,0.22365229,-0.19412604,-0.22426932
0.1981315,0.20100622,-0.22299229,0.14753957,0.19217116
-0.098410316,-0.18145074,-0.22748423,-0.15784763,-0.1816394
-0.16949193,-0.17017291,-0.107831314,-0.17456442,-0.20459703
-0.24343093,-0.18721573,-0.23907039,-0.23413888,-0.22624248
-0.19888282,-0.17516585,-0.1611069,-0.20147903,-0.17235814
-0.20747145,-0.13723564,-0.1382516,-0.14273596,-0.17899965
-0.117203295,-0.16509731,-0.09834709,-0.11525943,-0.14903761
-0.10286131,-0.13974454,-0.113144025,-0.17943376,-0.10202108
-0.16306306,-0.1735916,-0.18071887,-0.21945907,-0.23581643
-0.19308671,-0.1223365,-0.1467661,-0.11046486,-0.20448348
-0.15450966,-0.18043593,-0.192318,-0.24709092,-0.14187567
-0.19928883,-0.23101032,-0.19958723,-0.2080645,-0.17819554
-0.107468486,-0.24130209,-0.23981383,-0.22385815,-0.23748231
-0.19229989,-0.16899273,-0.17608586,-0.12854616,-0.113913216
-0.21946329,-0.25388652,-0.20345637,-0.18564747,-0.17343722
-0.21182378,-0.17493731,-0.17898408,-0.16657004,-0.24497074
-0.17271858,-0.110300854,-0.15194345,-0.11440124,-0.23645227
-0.1713327,-0.16276374,-0.19156662,-0.1689345,-0.23719373
-0.21494837,-0.12872817,-0.17994413,-0.22969356,-0.17737977
-0.15699074,-0.166237,-0.13348433,-0.17780313,-0.24606366
-0.12748691,-0.12714937,-0.12492964,-0.14800382,-0.17499465
-0.20963973,0.04279381,-0.038770296,-0.16022563,-0.13738972
-0.13953508,-0.02819701,-0.014419893,-0.20946977,-0.14564903
-0.21568088,-0.0411699,-0.029856035,-0.13722067,0.028987817
0.029965347,0.03431413,-0.02085719,-0.024940534,-0.0274739
-0.1589506,-0.15631835,-0.16440989,-0.034405008,0.0039727157
-0.16542125,-0.15065384,-0.1488553,-0.20284699,-0.24420641
-0.10382825,-0.161252,-0.12814772,-0.17443994,-0.18729651
-0.17441317,-0.17987983,-0.1733416,-0.19693626,-0.17709003
-0.22473218,-0.16640511,-0.12100922,-0.1937629,-0.20744808
-0.17986107,-0.1904547,-0.11283517,-0.14712083,-0.19493623
0.01990908,-0.044165876,-0.007357938,-0.01659006,-0.022857912
0.027334068,0.04434067,0.0071357386,0.027833853,-0.03317797
0.007878727,-0.0057839006,-0.027582347,0.00916979,0.014235951
-0.0021600376,0.018990641,0.021471128,0.04056415,0.0025924302
0.0015933416,-0.0006401014,0.006171692,-0.02899815,-0.005504716
-0.17927296,-0.23694241,-0.2448177,-0.1729666,-0.16809383
-0.14478037,-0.13750558,-0.16669336,-0.18496622,-0.17403485
-0.098631166,-0.1836707,-0.13551407,-0.10123034,-0.16645293
-0.15250507,-0.23600246,-0.18593329,-0.17061993,-0.22956009
-0.21476817,-0.23287019,-0.18893588,-0.196906,-0.18391478
-0.22034098,-0.24874032,-0.22534248,-0.17740628,-0.15309244
-0.12589253,-0.17953339,-0.1449167,-0.18590003,-0.17400004
-0.17369185,-0.22032501,-0.22764705,-0.13547875,-0.115609534
-0.10809971,-0.19129303,-0.20670554,-0.21396224,-0.17560628
-0.16745012,-0.10961362,-0.18530792,-0.23856106,-0.1937388
-0.22382501,-0.19679514,-0.10321914,-0.12136655,-0.09863812
-0.22416532,-0.22649844,-0.14771755,-0.21404895,-0.16208044
-0.14468886,-0.10201331,-0.16697185,-0.11694536,-0.1212415
-0.115799494,-0.12975511,-0.15862685,-0.12341111,-0.16288447
-0.16984706,-0.09999934,-0.104718365,-0.2374221,-0.16868424
-0.13289618,-0.13064876,-0.09883377,-0.20731172,-0.15651208
-0.17685711,-0.2168023,-0.15281676,-0.22353092,-0.1614911
-0.18492165,-0.1493663,-0.21054949,-0.20618252,-0.16885354
-0.19241177,-0.17688754,-0.20759074,-0.21456,-0.22415471
-0.10093691,-0.1930808,-0.12058893,-0.17180951,-0.19850442
-0.12980042,-0.11880097,-0.15513687,-0.15006156,-0.1785663
-0.17877,-0.17574838,-0.18438573,-0.18368149,-0.1807864
-0.16583762,-0.19142656,-0.19020227,-0.19238889,-0.23104252
-0.13079652,-0.1278394,-0.17729753,-0.21864145,-0.17000565
-0.17088406,-0.11122794,-0.16985758,-0.1476183,-0.1281346
-0.2157153,-0.19569905,-0.14926267,-0.16495992,-0.22385864
-0.09803194,-0.19766758,-0.1666414,-0.20096087,-0.25160712
-0.20726854,-0.17105153,-0.20093194,-0.1962277,-0.2491211
-0.21421292,-0.11577634,-0.23781294,-0.22611739,-0.17562649
-0.12874179,-0.18483944,-0.24673292,-0.11359786,-0.21518612
