-0.1529228,-0.097745776,-0.08436896,-0.25867012,-0.20255814
-0.109246396,-0.118791215,-0.2109323,-0.19600268,-0.1902558
-0.11908605,-0.14871795,-0.22373034,-0.18959339,-0.18464488
-0.11826929,-0.18090835,-0.21090609,-0.2064763,0.22775269
-0.18892278,-0.23383911,-0.18279018,-0.2129788,-0.21435086
-0.12813626,-0.16969968,-0.214342,-0.29250905,-0.22754306
-0.15271333,-0.113552995,-0.20253713,0.1499674,0.15942043
-0.12547036,-0.120029025,-0.30114576,0.2000903,0.15044257
-0.2196075,-0.16943981,-0.14641862,0.14949493,-0.15427338
-0.21019138,-0.15000853,-0.1436485,-0.19882219,-0.19460574
-0.22416708,-0.07059182,-0.15915969,-0.1912813,-0.19556628
-0.16298768,-0.10072149,-0.22807315,-0.23679161,-0.24713938
-0.2364918,-0.23388548,-0.17840056,-0.22550924,-0.19724168
-0.22030297,-0.17060375,-0.2215354,-0.21322288,0.109833755
-0.29857177,-0.19064555,-0.1629957,-0.24996006,-0.16108422
-0.15798637,-0.23961009,-0.23351032,-0.20328803,-0.23528032
-0.100410305,-0.23070157,-0.275623,-0.24277292,-0.24664824
-0.0994087,-0.24442945,-0.27244958,-0.22892769,-0.18875678
-0.12030135,-0.22845916,-0.24232517,-0.11252439,-0.1976106
-0.18923435,-0.21370423,-0.10679375,-0.17795092,-0.21213453
-0.23052266,-0.19552173,-0.261233,-0.13093795,-0.21523373
-0.15208356,-0.21976545,-0.24292995,-0.119645536,-0.17840062
-0.19740003,-0.079256386,-0.08941836,-0.13386032,-0.22796799
-0.16178547,-0.061792526,-0.14327125,-0.18309356,-0.21765572
-0.14158478,-0.13286892,-0.17924134,-0.119061075,-0.23183738
-0.1726546,-0.21395998,-0.24332035,-0.24664181,-0.21838912
-0.14553607,-0.21704315,-0.23975591,-0.21509267,-0.2121561
-0.2512488,-0.14738487,-0.22529072,-0.17876253,-0.2752043
-0.20425966,-0.24357422,-0.27637783,-0.17390206,-0.22517622
-0.2255314,-0.19079511,-0.18862629,-0.19333819,-0.26907146
0.2318797,0.19854976,0.18823774,-0.22280258,0.16357282
-0.14423968,0.22088312,0.2225038,-0.19141042,-0.21117845
-0.17696068,-0.20892231,-0.21675308,-0.17319348,-0.15256588
-0.2219675,0.14806102,-0.18161856,-0.20336193,0.16371973
-0.19676559,0.18501192,-0.20004633,-0.15452649,-0.16287094
-0.103709355,-0.1459986,-0.19165224,0.21627355,-0.18395934
-0.17145175,-0.13352281,-0.16424151,0.17618595,0.17931043
-0.13428968,-0.08658914,0.22456117,-0.2225941,0.21713121
-0.21863173,-0.17201416,-0.21307226,0.16212024,-0.14325741
-0.23278227,-0.19762243,-0.19672689,-0.15772115,-0.19863535
-0.23411828,-0.21957521,-0.20579271,-0.20611326,-0.21056627
-0.24307562,-0.099163115,-0.17332554,-0.19646439,-0.18339555
-0.16880427,-0.12906666,-0.22501962,-0.20076133,0.20937748
-0.1453833,-0.15390645,-0.1824947,0.21696962,0.16844279
-0.14372456,-0.1781785,-0.1968207,-0.15322992,-0.16560973
-0.21764416,-0.13000585,0.20237373,0.15097207,-0.20181048
-0.21678528,0.22195503,-0.099183194,-0.20368983,-0.22729842
-0.19682604,-0.12460682,-0.2783494,-0.15049604,-0.19243865
-0.15366115,-0.1306691,-0.20584302,-0.17773019,0.23006713
-0.099626794,-0.13430499,-0.18257906,-0.17683102,0.169925
-0.17571752,-0.21273386,-0.22786735,-0.26266143,-0.22075126
-0.22632079,-0.17798732,-0.20194782,-0.116660185,-0.2015749
-0.19534132,-0.19071513,-0.21284504,-0.23011854,-0.25368744
-0.220755,-0.27151254,-0.24902776,-0.21430142,-0.21326768
-0.30781183,-0.23442683,-0.27130195,-0.2884958,-0.25291744
-0.00096486753,0.022023972,-0.039830133,0.012147575,0.040293287
-0.02526632,0.010686484,-0.01797878,0.010994867,0.019365072
-0.027548863,0.010701524,0.04420238,0.0031378067,-0.03174448
0.00055938703,0.009862275,0.013770414,-0.003223959,-0.009584328
-0.20964174,0.028898876,-0.025263082,-0.20250401,-0.1568133
-0.15762638,-0.14068298,-0.22766075,-0.25655216,-0.21483144
-0.16059136,-0.16001393,-0.21523558,-0.21207865,-0.19804558
-0.17132682,-0.20943242,-0.17779572,-0.21761873,-0.20485711
-0.18315987,-0.2270928,-0.26880336,-0.21936128,-0.23851496
-0.22032778,-0.22661527,-0.24648479,-0.23332778,-0.25559804
-0.036427017,0.041871168,0.04087636,-0.017653795,0.042820208
0.008828694,-0.0117512,-0.024220364,-0.023799157,0.0358841
-0.027488507,-0.018343663,0.044520035,-0.02184679,0.044002555
0.01997243,0.022186344,0.010184365,-0.008005695,0.019938855
0.013320424,-0.024398766,-0.036841415,-0.036346637,-0.0054124277
-0.12814711,-0.16394082,-0.1254344,-0.1618645,-0.16136499
-0.22712421,-0.119202815,-0.16915047,-0.15549512,-0.22340882
-0.07453611,-0.14855526,-0.2636024,-0.22643375,-0.21639399
-0.16747297,-0.10861575,-0.26914543,-0.21752569,0.18782786
-0.15936454,-0.22703181,-0.1492087,-0.2271372,-0.2265163
-0.12205011,-0.10170141,-0.29623514,0.16090174,-0.14335668
-0.1414422,-0.16698708,-0.20284127,0.21282962,-0.19229032
-0.17025071,-0.13816078,-0.23845631,0.1494358,0.21557997
-0.107786775,-0.19605744,-0.22415063,0.22554922,-0.15455389
-0.09860725,-0.26330546,0.17937145,0.14754675,-0.15461755
-0.21056907,-0.2876475,-0.21655385,-0.2163207,-0.18449153
-0.22524883,-0.19999255,-0.2169243,-0.1699189,-0.2260823
-0.25260675,-0.15729336,-0.22167155,-0.1478601,-0.17873211
-0.2109751,-0.2406441,-0.104096994,-0.14291695,-0.21262988
-0.17671119,-0.14255305,-0.13948506,-0.14868183,-0.17724362
-0.099927634,-0.252146,-0.23450547,-0.18160073,-0.1923541
-0.1363201,-0.18414858,-0.21419923,0.1442073,0.16071722
-0.21253306,-0.2274813,-0.27128348,0.22193362,-0.17033431
-0.20154,-0.17586748,-0.17983735,0.1832354,-0.15052308
-0.18768041,-0.15593918,-0.22247355,-0.20583686,0.19522619
-0.00091869954,-0.23408546,-0.22533567,-0.26801983,-0.24581933
-0.10349476,-0.28388578,-0.30634585,-0.23339003,-0.25110823
-0.23194501,-0.19553348,-0.2649716,-0.18879266,-0.21290016
-0.2343169,-0.25918502,-0.22547798,-0.21938056,-0.21714808
-0.3023278,-0.25816935,-0.19057946,-0.19059956,-0.19460443
-0.08969794,-0.1513643,-0.25734705,-0.23814692,-0.10771617
-0.14638321,-0.2114084,-0.22389811,-0.25588244,-0.26403546
-0.22908387,-0.23278579,-0.23792852,-0.21746178,-0.19115628
-0.2669501,-0.24758856,-0.2604913,-0.26783764,-0.301581
-0.22983742,-0.211184,-0.24928391,-0.217895,-0.24167208
