-0.048957244,-0.02746233,-0.06118132,0.041382663,-0.0076505435
-0.07690197,0.01308123,-0.03368451,-0.046016168,-0.059828904
-0.007135821,0.050872788,-0.013418266,-0.044150386,-0.06651557
0.029005691,-0.060424514,-0.071560144,-0.031211248,-0.011717319
-0.02019324,-0.02187847,-0.08263478,-0.07571017,-0.025825119
0.034411293,0.024152096,-0.024491586,0.0063367295,0.022750976
-0.04446745,-0.018136352,-0.02414174,-0.033111382,-0.045103516
-0.06440459,0.05848166,-0.06157011,0.026378898,-0.026192795
-0.030611373,0.053172894,-0.043843348,-0.012545866,0.019928427
0.00793903,0.056336157,-0.024040325,0.049805295,-0.011377679
0.04561895,0.0061961208,0.07614852,-0.0148905935,0.04186807
-0.016244506,-0.010767275,0.049879957,0.035195254,0.00718075
0.0563115,-0.0069277463,-0.008985572,0.060220614,0.056322027
0.033520237,-0.029474854,0.024679802,0.08948974,0.032498658
0.00924514,-0.025869187,0.05255336,0.0009893357,0.03585336
-0.04198146,-0.021069735,-0.03202133,-0.029945476,-0.06272665
-0.026910875,-0.023496613,-0.034130696,-0.052746773,-0.04237852
-0.049905185,0.0012710589,-0.028626723,-0.065171786,0.032267183
0.04032762,-0.04089235,-0.043599322,-0.039254483,0.010268615
-0.0041926205,-0.0037867618,0.012279546,-0.006919649,0.027313896
-0.044348747,0.042098824,0.063136294,0.020144083,0.035638317
0.0010809567,0.00095966895,0.011668482,0.03683444,0.007940889
0.022391902,-0.006629247,0.024215244,-0.040050097,0.04112661
0.04814988,-0.03019398,0.011196409,0.05691379,-0.047782026
0.030763995,-0.025958434,-0.0017282116,0.014114365,0.00658221
0.011661975,0.03151963,0.03569767,-0.005477879,0.0020441124
-0.0014400389,-0.009808067,-0.053603522,-0.07253423,-0.017621506
0.05043383,-0.0075888135,-0.0759337,-0.036442142,0.031233061
-0.00081783807,-0.025715444,-0.0034800144,-0.010299612,-0.054928526
-0.027906805,-0.034833997,-0.0012694764,-0.022395285,-0.004117396
0.042650923,0.021023843,-0.0076178834,0.0032924155,0.012898254
0.0409104,0.028682595,0.0009287769,0.053743456,-0.0024873272
-0.018971767,0.004737143,0.017830757,0.020906664,-0.06225002
-0.009348399,-0.037174866,0.020396939,-0.075807735,0.026975712
-0.02087103,-0.08504689,-0.0342173,-0.026960995,-0.015444857
-0.019267352,-0.024122875,0.029315643,-0.0023227073,0.040108457
0.024898492,-0.020574937,-0.012234401,0.018121123,0.03574938
-0.013744009,-0.0150088,-0.045890313,0.018972583,-0.021767588
-0.018931473,-0.04258544,-0.03176752,0.042568892,0.01103924
0.003424282,-0.029998505,0.05113952,0.06062785,0.048649307
-0.0374304,0.02972484,0.00082761515,0.011411797,-0.008301444
0.03566621,-0.015685152,0.015394475,0.030103318,-0.039749656
-0.010149679,0.044028778,0.03529886,0.00082083256,0.02070632
0.025876833,-0.0039666328,-0.007576583,0.022558806,-0.011064404
-0.0173729,0.03870222,0.05173027,0.0012570082,0.009002952
-0.018075805,0.028478725,-0.00092631206,0.071949095,-0.01903204
-0.027920699,-0.01682977,0.053173818,0.0059881266,0.028179064
0.026131012,-0.03097964,0.012173627,-0.021661457,0.0039015138
-0.0376583,0.04428504,0.04749884,0.044027492,0.02361937
-0.09085176,0.09368866,0.080813,-0.026687257,0.06345912
0.062174026,0.047222637,0.017404309,-0.017109927,0.026191542
0.093261056,0.008305445,0.00886457,0.058801185,0.09155752
0.060144853,-0.0034180158,0.065436885,0.09038095,0.02419569
0.01980458,-0.0020109452,-0.03850597,-0.03779321,0.02188157
0.031848744,-0.016908474,-0.0704223,0.083354056,0.026782239
0.0028997816,-0.01053001,-0.028975582,-0.020186562,0.042880166
0.007940551,-0.010609568,0.02705055,0.04551706,0.04071307
0.0051927036,9.953143e-05,0.034471642,-0.024989394,0.040529575
-0.047733285,-0.045213304,0.0040892637,0.00080872467,0.06300206
-0.038730364,0.03751574,0.042341083,-0.037317824,0.038783863
-0.03295449,-0.05285319,0.009171935,-0.045400612,0.026444186
-0.0734106,0.0058588767,0.003901637,-0.064142615,-0.046117026
0.021899745,0.022228915,-0.065584436,-0.0043700137,-0.047095533
-0.0070330175,-0.09137457,-0.046234306,-0.021510579,0.0069863615
0.05263372,0.0033195317,-0.014008909,-0.090492465,-0.077944465
-0.058767445,-0.068476714,-0.026632711,-0.018698234,0.043656353
-0.084263854,-0.06744043,0.009900795,0.01682792,-0.029146638
-0.061714258,0.009749535,-0.08679413,-0.027366467,-0.07294777
-0.05111848,-0.054219406,-0.13608103,0.0046700407,-0.036836285
0.027011776,-0.08494533,-0.08494567,-0.019188404,-0.08948845
0.0015070582,-0.03453594,-0.0015614623,0.007488471,-0.0014598151
-0.0017863497,-0.041744046,0.02405091,0.020715319,-0.027205478
-0.022303795,0.05301775,0.002069193,-0.035456248,-0.042383023
-0.020985201,0.04119749,-0.023707394,-0.035040457,-0.004317551
-0.04625457,0.06860585,-0.006775619,0.006897893,0.020785848
-0.004340231,-0.008823483,0.0155870775,0.025841005,0.01423924
0.04720968,0.0639862,-0.027652679,-0.048999976,0.07798167
0.041782655,-0.0035818687,-0.04583388,-0.06040265,-0.034059726
0.031688973,0.02525303,-0.043216553,-0.039638754,0.047623105
0.031470794,-0.02794029,0.021089863,0.08012877,0.10947428
-0.0217767,-0.0036519433,0.04760858,-0.021092206,0.04903027
0.018783787,0.01129877,0.037387393,-0.040281758,-0.020823153
0.010174935,-0.028716171,0.021685023,-0.004458352,-0.017487146
0.032268338,0.013896833,0.07123277,-0.016984735,0.009330122
0.0416735,-0.041495755,0.03176717,0.015745979,0.03372779
-0.03384605,0.018687656,0.03307603,0.002847132,0.018724281
0.011505167,0.0028244464,0.022740878,0.0014468223,0.028585661
-0.0030795443,-0.021586651,0.05179376,0.023281649,0.026376687
-0.0024089322,-0.024651729,0.07125414,-0.039247718,0.07784846
-0.010493762,-0.04566932,0.00688461,-0.059013724,0.010644386
0.025733907,0.015297441,0.02924859,0.0014359951,0.015275744
-0.025570503,0.00087176956,-0.040860068,0.003347346,0.07502191
0.0023626622,-0.041417997,-0.07331927,-0.0155206695,0.037627775
0.016627327,-0.06004613,-0.04036368,-0.0070029465,0.00534689
-0.058722377,-0.0033246633,0.089173645,0.028731314,0.040314652
-0.01420271,0.029725341,0.03211396,-0.009979932,0.03047461
0.010175292,-0.032271508,0.04237552,-0.04060245,0.040312592
0.007777498,0.041233182,0.029942987,-0.041189615,0.06679828
-0.017156092,-0.035511408,0.04255343,0.03732853,0.10979532
-0.0054975403,-0.016016467,0.11353266,0.043498784,0.016979333
