-0.14260896,-0.15725692,-0.11168264,-0.12002747,-0.14843856
-0.21059301,-0.17427227,-0.2149727,-0.1836962,-0.24916175
-0.136519,-0.09887962,-0.18714784,-0.19147417,-0.22745648
-0.14544356,-0.17932181,-0.22832943,-0.21670875,-0.2233993
-0.114833325,-0.1662675,-0.19554944,-0.25438583,-0.24140121
-0.159312,-0.17169482,-0.13388756,-0.13502721,-0.11269655
-0.18167523,-0.13301101,-0.19456571,-0.21457525,-0.2571581
-0.16181244,-0.17739896,-0.24693711,-0.2547992,-0.22273558
-0.11035871,-0.15920015,-0.21272495,-0.21968718,-0.1083032
-0.17806093,-0.134023,-0.19297723,-0.20057155,-0.09997657
-0.10514898,-0.23056349,-0.10813272,-0.24935761,-0.24658594
-0.123592645,-0.1374119,-0.102001704,-0.19826217,-0.26587316
-0.16300716,-0.17099527,-0.13301122,-0.24406688,-0.18533243
-0.09804903,-0.11782532,-0.22669911,-0.21889003,-0.09598173
-0.14184764,-0.10411045,-0.2019377,-0.22275117,-0.2142923
-0.14220677,-0.15473959,-0.19887027,-0.20606436,-0.2366493
-0.17513254,-0.12695388,-0.15931003,-0.20586465,-0.16561574
-0.17208758,-0.11740174,-0.18212338,-0.17473342,-0.17214075
-0.1007084,-0.2383941,-0.23998071,-0.22643901,-0.097362384
-0.11701671,-0.19383526,-0.18225439,-0.24824645,-0.25020674
-0.19723043,-0.2294636,-0.19278444,-0.23970181,-0.16488919
-0.2642092,-0.1948561,-0.1146185,-0.16513701,-0.16618237
-0.16436103,-0.16040048,-0.15919615,-0.10606017,-0.21718961
-0.18472709,-0.18462269,-0.11758413,-0.16234869,-0.108564295
-0.24764256,-0.19385582,-0.16203377,-0.12002388,-0.21107386
-0.17371432,-0.18267342,-0.17723528,-0.21514155,-0.18018958
-0.10740887,-0.12975186,-0.2125468,-0.24283174,-0.23381001
-0.115766965,-0.16699973,-0.23190437,-0.11947023,-0.1649941
-0.1764878,-0.196634,-0.19105792,-0.24661061,-0.13677408
-0.23948091,-0.18753016,-0.18165396,-0.12700568,-0.16720274
0.17891362,0.16984552,0.19974501,-0.17409879,0.16762589
-0.21679781,-0.2008322,-0.16907242,-0.16876636,0.16785255
0.2254357,-0.22077097,-0.19284372,-0.17674164,0.15544006
0.22809224,0.16562456,-0.16114774,-0.1858234,0.16233364
0.229378,0.1826432,-0.17970091,-0.14560215,0.14536361
-0.10564355,-0.1627747,-0.24191695,-0.117247395,-0.15289855
-0.1779957,-0.16429657,-0.18807012,-0.21850097,-0.21865328
-0.11774163,-0.13284917,-0.2664366,-0.17907774,-0.23285878
-0.14530984,-0.14488783,-0.21422325,-0.2269509,0.0070034713
-0.10157194,-0.10351836,-0.22618943,-0.12500843,-0.11508698
-0.24623103,-0.15831551,-0.1671106,-0.21166079,-0.16316101
-0.22016771,-0.17175706,-0.17438205,-0.20509124,-0.18356295
-0.15933712,-0.16987556,-0.1565589,-0.2355613,-0.26920685
-0.16679607,-0.11180502,-0.10812478,-0.21218123,-0.24225062
-0.09848257,-0.168773,-0.1787704,-0.2485756,-0.22116819
-0.22677381,-0.2520323,-0.103662305,-0.15258075,-0.2022462
-0.1864794,-0.11831869,-0.09082113,-0.13875729,-0.1177643
-0.23297082,-0.132967,-0.16422603,-0.17853013,-0.21473126
-0.11273609,-0.14185807,-0.12120044,-0.26237687,-0.20586875
-0.10444659,-0.11595791,-0.14081743,-0.27332646,-0.22189413
-0.24109282,-0.2275873,-0.17134516,-0.21037465,-0.09788871
-0.16444339,-0.22630893,-0.2438476,-0.19243552,-0.1969886
-0.118798666,-0.16698188,-0.1800174,-0.24734153,-0.21560375
-0.10310491,-0.17558375,-0.18827751,-0.1552144,-0.24527004
-0.09858562,-0.22063789,-0.19117422,-0.15376045,-0.2216574
-0.15777859,0.041372485,-0.010622179,0.019372536,0.018005067
-0.0071439277,0.008898645,0.0148590505,0.039926484,-0.016881853
0.034398336,-0.0028874802,0.017639715,-0.03625882,0.030056845
0.037691317,0.010416757,0.0013726298,0.011670913,-0.03532144
-0.21225369,0.03330977,-0.040158827,0.17746805,-0.027390258
-0.24713832,-0.1610065,-0.14252447,-0.17819035,-0.17602561
-0.24110317,-0.20678987,-0.21940047,-0.1769414,-0.2514056
-0.17995776,-0.15525305,-0.16280621,-0.16966352,-0.21998489
-0.15334977,-0.13548972,-0.1395889,-0.20520861,-0.23023859
-0.20719038,-0.13311194,-0.11536873,-0.23829493,-0.21876228
0.02245514,0.02943745,0.024225332,-0.010846618,0.010197981
-0.015307719,0.0379822,0.025404546,-0.040356673,0.021722786
0.04390155,0.0119590955,-0.03547278,0.028766844,0.002394296
-0.011999112,0.019517891,0.034721967,0.020294616,-0.03526128
0.018664405,-0.027596613,-0.04177129,-0.022180928,0.023525106
-0.17165568,-0.19208218,-0.11418828,-0.24860246,-0.22952607
-0.16775097,-0.17953016,-0.16822311,-0.23751974,-0.24719541
-0.19973715,-0.16319276,-0.14016205,-0.21795925,-0.21812908
-0.18109824,-0.17775387,-0.18210088,-0.2055411,-0.23908651
-0.24305654,-0.157421,-0.14164811,-0.26453748,-0.19265296
-0.17285053,-0.12953831,-0.21293549,-0.11534741,-0.13005099
-0.20116349,-0.13598192,-0.24600942,-0.19247186,-0.12550186
-0.11446532,-0.1842559,-0.17478836,-0.23206666,-0.13848563
-0.17457807,-0.16669823,-0.21591048,-0.24831021,-0.23117013
-0.13651042,-0.15431766,-0.1841645,0.19976415,-0.28301364
-0.22096983,-0.20127673,-0.24422966,-0.19678025,-0.24957038
-0.16608648,-0.2340611,-0.24575815,-0.13072322,-0.12169975
-0.15328267,-0.2267356,-0.21236515,-0.17774573,-0.18349807
-0.23445423,-0.27241695,-0.20225382,-0.103864044,-0.17428309
-0.23341963,-0.18854727,-0.17057653,-0.15127048,-0.21997131
-0.18439905,-0.14506784,-0.22284713,-0.13106458,-0.18216923
-0.14616194,-0.13398764,-0.2378538,-0.24469703,-0.09187943
-0.121344544,-0.1746916,-0.25252616,-0.22856094,-0.22084662
-0.1787668,-0.23800342,-0.26756996,-0.08176704,-0.21405709
-0.19458874,-0.22707556,-0.23208989,-0.18269841,-0.17709
-0.1499603,-0.24666204,-0.24292122,-0.19757834,-0.21104114
-0.10318315,-0.096758984,-0.25320512,-0.23833884,-0.20258537
-0.14726654,-0.18129858,-0.2451401,-0.2342014,-0.20256549
-0.11710051,-0.18414217,-0.17766675,-0.16547847,-0.107644625
-0.16215079,-0.28696728,-0.22679792,-0.18557225,-0.20130563
-0.24448813,-0.12995537,-0.14370157,-0.17383263,-0.23093884
-0.17945093,-0.14414476,-0.22555685,-0.22299267,-0.22337687
-0.09665115,-0.14718102,-0.25167304,-0.23852168,-0.20968424
-0.11462358,-0.13069107,-0.25083688,-0.20173195,-0.17748617
-0.15609458,-0.18550201,-0.16818209,-0.1695374,-0.21146493
