-0.24072306,-0.12596713,-0.1487115,-0.122556895,-0.23219313
-0.1929119,-0.19663842,-0.17292048,-0.17813753,-0.20265184
-0.10907867,-0.18072152,-0.16239005,-0.12752126,-0.122358724
-0.18201573,-0.16438766,-0.11557357,-0.18818794,-0.13018745
-0.10548079,-0.16664076,-0.15644357,-0.1390245,-0.13172716
-0.21191722,-0.24565957,-0.20800589,-0.20028864,-0.17649408
-0.1384747,-0.17541996,-0.22560455,-0.2149312,-0.13332675
-0.11513557,-0.13288979,-0.11048043,-0.13334328,-0.12692273
-0.13964298,-0.1143522,-0.11604435,-0.12322787,-0.1890834
-0.15059488,-0.15886204,-0.21220373,-0.114808686,-0.17748424
-0.16602568,-0.16224965,-0.14127722,-0.16745219,-0.1980065
-0.24485645,-0.17068319,-0.12521058,-0.1848529,-0.22174935
-0.20444906,-0.2092662,-0.18065006,-0.16063078,-0.12038164
-0.2039557,-0.10074142,-0.17872924,-0.1748679,-0.18463202
-0.17244655,-0.13431233,-0.17566226,-0.17843133,-0.18034564
-0.16603331,-0.1213775,-0.12494145,-0.15394068,-0.17087173
-0.19343056,-0.10543514,-0.14818838,-0.23865603,-0.14720553
-0.19460648,-0.12813342,-0.14759752,-0.14648788,-0.14120407
-0.15961066,-0.13750198,-0.175251,-0.15685354,-0.126831
-0.13668415,-0.12655337,-0.17715637,-0.16194901,-0.17326933
-0.19045855,-0.17616042,-0.1607865,-0.1620945,-0.15836358
-0.1841214,-0.15916821,-0.14896142,-0.12933275,-0.13005072
-0.18923366,-0.1757905,-0.11282777,-0.121242575,-0.12820436
-0.1751125,-0.11284724,-0.19483492,-0.24300772,-0.20990497
-0.13136801,-0.1908482,-0.14173293,-0.14377189,-0.15499954
-0.18413322,-0.17027128,-0.21016398,-0.20219614,-0.11981234
-0.16640021,-0.10839881,-0.13533205,-0.18085685,-0.19363135
-0.11731931,-0.14508095,-0.15429385,-0.16477294,-0.12835683
-0.16156656,-0.17731969,-0.1753055,-0.16333957,-0.12214914
-0.23998886,-0.15558,-0.23211,-0.1430745,-0.21339521
0.20099503,-0.22233246,0.14817582,0.22320697,-0.22190523
0.20272318,0.1488064,-0.17894776,-0.18861933,-0.20965387
-0.18857285,-0.18217194,0.1889119,-0.15219598,0.16196084
0.20783442,-0.14641204,0.15553308,0.15260303,-0.17252956
0.17178448,-0.18865296,-0.22935058,0.21497954,0.18468395
-0.20245618,-0.22125971,-0.18964395,-0.2063271,-0.22378968
-0.1308443,-0.22181872,-0.18903345,-0.2478172,-0.22323483
-0.17263533,-0.12402988,-0.17363803,-0.10719064,-0.1311404
-0.11422039,-0.17132388,-0.17834432,-0.14908738,-0.1668231
-0.1566436,-0.16846383,-0.18145119,-0.15498863,-0.11514234
-0.23719367,-0.23310354,-0.18843247,-0.18951963,-0.21992843
-0.17283438,-0.19890536,-0.101199664,-0.16308098,-0.16866644
-0.17531064,-0.11272799,-0.1354026,-0.1856953,-0.20631933
-0.24953073,-0.13276431,-0.22984272,-0.17436634,-0.14501524
-0.11409474,-0.119121894,-0.17152053,-0.11727978,-0.12626174
-0.23804921,-0.1539733,-0.15488634,-0.17986083,-0.19116624
-0.17672265,-0.170029,-0.21989614,-0.13872652,-0.17964295
-0.21719022,-0.1918333,-0.20871761,-0.14954844,-0.20853631
-0.11216947,-0.17444962,-0.18418245,-0.18563916,-0.123013236
-0.16669731,-0.16186835,-0.14911692,-0.11854645,-0.14198019
-0.19839682,-0.21940237,-0.18199112,-0.2284741,-0.17324242
-0.11137589,-0.19023198,-0.16274583,-0.2165535,-0.17210442
-0.14839847,-0.16587734,-0.114134245,-0.1548269,-0.17563577
-0.17167091,-0.2531464,-0.24033538,-0.14324363,-0.13732135
-0.16571592,-0.20667492,-0.18499386,-0.14102934,-0.14091684
-0.029337758,-0.13166696,-0.18691503,-0.17001629,-0.1792083
-0.15428242,-0.037042554,-0.16353405,-0.034712937,0.035299156
-0.19133712,-0.1645844,-0.17075428,-0.017775448,-0.0059685577
-0.13117568,-0.19632715,-0.18533124,0.02947847,0.02625523
-0.19556479,-0.21284683,-0.18092616,-0.24938153,-0.19581145
-0.21306035,-0.2255665,-0.19011335,-0.20750694,-0.19945727
-0.13422592,-0.1359078,-0.25225094,-0.13580482,-0.109744616
-0.13319062,-0.1165833,-0.17244546,-0.1591724,-0.18759085
-0.19089015,-0.18350089,-0.12758933,-0.17726642,-0.1356763
-0.11658361,-0.13022967,-0.22889507,-0.12250188,-0.13153902
0.010142361,-0.0112191355,0.035527416,0.021613043,-0.00786075
0.020624857,-0.02980115,-0.003872585,-0.037128445,-0.039908297
0.036427483,0.023772458,-0.015178278,-0.024918463,-0.017161079
-0.010628214,-0.007608163,0.038294256,0.042807706,0.023352092
-0.025019314,-0.015766757,0.005576938,-0.026635852,0.04000824
-0.16995525,-0.1056941,-0.14578925,-0.102682546,-0.11323646
-0.14136285,-0.10334678,-0.14168438,-0.12921941,-0.21725583
-0.24503122,-0.23410092,-0.24293847,-0.18010281,-0.18879077
-0.13122094,-0.16404057,-0.17415182,-0.13320959,-0.14239687
-0.24438633,-0.18762885,-0.10238248,-0.10705029,-0.13968901
-0.23511854,-0.13811435,-0.11275493,-0.15455942,-0.20721345
-0.16572277,-0.1713412,-0.23269801,-0.23096257,-0.21753266
-0.14561766,-0.13187206,-0.17041746,-0.11509957,-0.19947405
-0.1963966,-0.10883438,-0.22232294,-0.16673048,-0.17487833
-0.17015116,-0.15044709,-0.1511407,-0.11544213,-0.21788104
-0.10632697,-0.18298145,-0.13988777,-0.11845997,-0.19532898
-0.16254006,-0.11319048,-0.11899584,-0.18222411,-0.116689935
-0.11263265,-0.13197052,-0.15894423,-0.17405544,-0.16160072
-0.13513127,-0.20037967,-0.20290597,-0.17839831,-0.11060444
-0.20560963,-0.19990902,-0.18517147,-0.16015863,-0.15724388
-0.17416605,-0.17048545,-0.2346026,-0.23617473,-0.23231347
-0.22168411,-0.1809849,-0.16602235,-0.1741927,-0.10947669
-0.13040297,-0.16695578,-0.17145507,-0.14308847,-0.19213484
-0.16762169,-0.20318642,-0.1898607,-0.106259465,-0.17580372
-0.14508736,-0.22821207,-0.22360305,-0.16474317,-0.13522302
-0.17799526,-0.19557963,-0.19820078,-0.1914854,-0.19100828
-0.24021079,-0.124049254,-0.11838176,-0.13753808,-0.18960059
-0.1364327,-0.11741776,-0.14978138,-0.122382216,-0.18220045
-0.11840018,-0.13521272,-0.16027188,-0.105507314,-0.18760358
-0.10705854,-0.13549204,-0.13317516,-0.14733881,-0.14059116
-0.17424582,-0.20018256,-0.20162809,-0.18482588,-0.22675079
-0.21572185,-0.12724131,-0.16870445,-0.1515795,-0.14132006
-0.1243865,-0.17151012,-0.18140002,-0.1417086,-0.13590626
-0.17826149,-0.101283506,-0.13013771,-0.1723232,-0.11065086
-0.13056605,-0.13888462,-0.13872181,-0.1764341,-0.14893796
