0.008497433,0.045743152,0.03238309,0.07295334,0.06553856
-0.035460122,0.009837141,0.06538106,0.059665225,-0.007932535
-0.04907824,0.025046103,0.08428414,-0.021328574,-0.027939262
0.010155344,0.008559438,-0.025375443,-0.027171127,0.01918314
-0.04886396,-0.067187965,-0.08912098,-0.019426495,-0.033047058
-0.015773345,-0.049592305,-0.051086746,-0.005549807,-0.017497169
-0.029012948,-0.049877938,-0.012804425,0.025694463,-0.057541844
0.01235145,-0.06270905,-0.022499822,-0.067539886,-0.08218577
-0.04492246,-0.0032757977,-0.08003658,-0.03534312,-0.065463774
0.014907209,-0.04290531,-0.03472946,-0.0026034527,0.03210645
-0.0365466,0.046297055,-0.007140114,-0.0076134196,-0.032945327
0.060051188,-0.028901152,0.0341959,0.04225738,0.050016854
0.03878422,0.0161555,-0.017277988,-0.011290803,0.08134684
0.040068716,0.041919354,0.014468684,0.03887702,0.13121794
0.01954949,0.052550025,0.07494348,0.07757968,0.028151648
-0.05476537,-0.07139216,-0.011808754,-0.07074898,-0.04153984
0.00040612114,-0.034444835,0.014337533,-0.068273365,-0.0023116153
-0.04923014,-0.07663169,-0.063067414,-0.067030236,0.009565093
-0.055915218,-0.07239066,-0.069227986,-0.06527272,0.00087440637
-0.0036199812,0.036302436,-0.009913835,-0.015935637,0.00830146
-0.022812413,-0.0049569095,0.015119346,-0.031159231,-0.04594056
-0.010334931,0.037868924,-0.025390135,-0.049685497,-0.01949923
0.04724542,0.008134958,-0.014496867,-0.023604434,0.03314869
0.04764061,0.050747424,-0.029965168,-0.012071583,0.059398327
0.024701063,-0.007780359,0.0461526,0.06826094,0.032894336
-0.05406705,-0.017024562,-0.0063278447,-0.049537294,-0.026985466
-0.04814547,-0.04853018,-0.032046355,-0.032391716,-0.022181377
0.002296817,-0.019903475,-0.01718727,-0.022467332,0.022159444
-0.024660904,-0.072580025,-0.07248309,-0.01598398,-0.0070195403
-0.029762423,-0.05470255,-0.10283423,-0.04933471,-0.0081500765
0.01790421,0.0035841223,-0.041107073,-0.038811695,-0.038177468
0.023252543,0.023702502,-0.021507232,-0.0539903,0.039209347
0.015130248,0.01939741,-0.010443156,0.026405305,-0.023308344
0.03891802,0.023038756,-0.009617665,-0.010220127,-0.0150274
-0.021087587,0.059652153,-0.025321484,-0.052574474,-0.021585213
-0.020418068,0.00924665,-0.05074427,-0.058831688,0.0018804453
-0.00043249776,-0.065791115,-0.037777968,0.042964943,0.018640872
-0.057604358,-0.026899718,0.016168,-0.028299103,0.0293304
0.033595495,0.053094905,0.013935433,-0.047377635,-0.0031566215
0.059662145,-0.021904832,0.052926403,0.033378463,0.0051463568
-0.031581067,-0.044896867,0.0016310328,0.031988192,0.035199784
-0.04306676,0.02871163,-0.031836275,-0.038938284,0.029523423
-0.012109473,-0.0429186,0.02389094,0.014944279,0.015115018
-0.013743875,-0.039900284,0.028931092,-0.011700597,-0.014815132
0.021365985,-0.051740434,-0.015133248,0.030993372,-0.00079055224
0.0007804023,0.017203037,-0.058400277,-0.028297042,-0.011621706
-0.05529272,-0.027325436,0.020835195,0.02898398,0.022713551
-0.034619316,0.0031743646,-0.015667256,0.01691865,-0.013502348
0.033352003,-0.016763257,-0.040853687,0.016312191,-0.053474493
0.07096239,0.045966636,0.030947333,0.024161207,-0.035048816
0.04377655,-0.005887403,-0.02500706,-0.03138736,0.008361622
-0.0028778303,0.00588341,0.0044778786,-0.009737111,0.1504829
0.011807585,-0.023994843,0.02337003,0.08180053,0.09668747
0.0021311694,-0.01084521,0.058699735,0.07872518,-0.040777635
0.018155714,0.025606733,-0.035137367,-0.041541047,0.061345812
-0.026533362,-0.031945977,-0.04393967,-0.056277934,0.012440798
-3.330823e-05,-0.022929309,-0.01240592,0.039241653,0.05790166
-0.033399243,0.00093214924,0.034469746,0.04012277,0.084930874
-0.03653604,-0.009389102,0.022180066,0.058298398,0.015600136
0.041465268,0.005636181,0.08647031,0.08391013,-0.008166675
-0.009263695,-0.011250317,0.06623891,0.021100312,0.031446006
-0.03317919,-0.038716845,0.063364,-0.039143246,-0.04033113
0.008889839,0.050736114,-0.010739615,-0.07132841,-0.034945056
-0.035185806,-0.057986792,-0.086291716,-0.10462343,0.004926518
-0.08485713,-0.099525474,-0.063453324,-0.027173847,0.0026837345
0.024151703,-0.009158982,-0.002235605,0.11381379,0.09633503
-0.0783873,-0.010032635,0.09510642,0.14566413,0.014372181
-0.03471045,0.0076050004,0.114864744,-0.05848511,-0.099360295
0.0042849197,0.037180822,-0.012268166,-0.059371475,-0.07041397
-0.042695638,-0.10439789,-0.13049042,-0.12940359,-0.057158947
-0.012602082,0.012031168,-0.014726481,-0.000118491844,0.026333539
-0.004923072,-0.017548956,-0.055772275,0.016832212,-0.023300579
-0.020275442,0.0026178898,-0.002881803,-0.04034501,-0.018113358
0.0072521805,-0.040599205,0.005053481,-0.059571575,-0.07296155
0.052067086,-0.013485445,-0.0029477587,-0.036979724,-0.020591842
-0.01935384,-0.021355078,-0.07779954,-0.025204081,-0.049923796
0.01411471,-0.0034915395,-0.030098049,-0.08858699,-0.047154143
-0.06271882,-0.08634506,-0.029875569,-0.07049862,0.04228252
0.035485104,-0.053411994,-0.04227583,-0.06259633,0.031388078
-0.015357488,0.040933385,0.06651939,0.017002536,0.0655505
-0.002767753,0.06523456,0.08262912,0.032242592,-0.018743971
-0.023625031,0.06953493,0.008427226,-0.046448898,-0.015124735
0.055385813,-0.010505702,0.0052736644,0.0145773,0.013656288
-0.024208475,-0.040082242,-0.05879814,0.016101984,0.0036571126
-0.050760478,-0.035091512,-0.015324604,-0.008563476,0.010735608
0.059019186,0.057106726,0.07084166,-0.02975129,-0.018726949
0.051591754,0.022845212,-0.011340545,0.0051579755,0.06991437
0.0027186505,0.0065690773,-0.044532023,0.023504011,-0.013977255
0.08045623,0.02417557,-0.012107261,0.04614427,0.027486308
0.036423825,0.0061159176,0.054731973,0.040334757,-0.04876576
0.060962047,0.021272069,-0.058950394,-0.073329024,-0.06616495
-0.033137914,0.004176741,-0.07734297,-0.061368708,-0.049955655
-0.032559466,-0.04899073,-0.035965614,-8.882775e-05,-0.025824219
0.058883928,0.04653463,-0.06613383,-0.07299626,0.02886011
0.03189425,0.026362823,0.014724483,0.029759703,0.07379384
0.028613955,-0.030321557,-0.047104526,-0.06001675,-0.0066868514
0.008274723,-0.016187897,0.031011635,-0.04723296,-0.020056535
-0.0022973253,0.04147945,-0.056192406,-0.06567362,-0.014461018
0.039186,-0.010546586,-0.0626756,0.031643894,0.010546778
0.06446026,-0.0049695848,0.067639425,0.060005568,0.057851285
