0.02826147
-0.028981645
0.033077203
0.010262839
-0.022058913
0.034770254
-0.035310734
0.020160025
0.0313398
-0.00667607
-0.0122131
-0.014053926
-0.008013524
0.012943829
-0.03324419
-0.011111191
0.023428999
0.03395819
-0.013335914
-0.026766192
0.007256936
0.02290639
0.0050993417
-0.008751698
-0.018137759
0.0057866643
-0.004253363
0.011996972
0.0008745013
0.02462287
-0.021958059
0.019239523
0.018670462
-0.03199914
-0.020991413
0.014031303
0.011853437
-0.020024478
-0.0036909082
-0.033582296
0.03595835
0.02656683
0.0054196315
-0.015389498
0.020877086
0.015099511
0.023191566
-0.010055671
-0.026103877
0.03705054
0.03814167
-0.00605941
0.0065226136
0.0002325479
-0.006073449
0.0135284895
-0.008965915
-0.027784768
-0.012216519
-0.028680462
0.004983735
-0.03727594
0.018259397
0.029481439
-0.028766101
0.010053805
0.026386663
0.027596604
-0.02378068
-0.003096863
-0.0290723
-0.018206919
-0.0016725167
0.005157432
0.032634363
-0.025974259
0.036304016
0.011879725
0.031622954
-0.021974016
-0.017066957
0.015410635
0.01193699
0.014312684
0.02537832
-0.0068563926
0.0061376393
-0.026470633
-0.02252358
-0.029053336
0.028791092
-0.0126036685
0.014106189
0.02060159
-0.016949834
-0.020336274
-0.031580713
-0.0049781846
-0.028760627
0.013743924
0.017276138
-0.027137307
-0.02352883
0.025287803
-0.016324867
0.02320417
-0.015122042
-0.024179874
-0.006772899
-0.02866918
0.005294674
0.012675711
-0.011048128
0.015864093
0.022975316
-0.028420001
-0.01831788
-3.9680606e-05
-0.0123342285
0.0068481853
0.005288228
0.025928445
-0.009904492
-0.010837668
-0.019925596
-0.0014263056
0.011076109
-0.009514624
0.006927057
0.032577798
0.035507478
-0.00034103665
-0.025135912
-0.027132818
-0.025608566
-0.0100994175
-0.0010365874
-0.010892279
0.004782634
-0.0006413936
-0.007757387
-0.017457744
0.015792489
0.007674763
-0.03485453
0.013686533
0.027683819
0.018468948
0.0023763995
-0.027593598
-0.030077571
0.035282873
0.019271286
0.001162074
0.004027605
0.01553984
-0.031776544
-0.023675209
0.029613115
0.03161596
-0.004348113
-0.013851447
0.009301042
0.006026961
-0.01690754
-0.019899294
0.031883545
-0.012957475
0.02824266
-0.014351453
-0.022780817
0.014362762
-0.0038501178
-0.029729256
-0.0099450955
-0.00927969
0.0089195445
-0.008054664
0.020450322
-0.030609878
0.028525542
-0.015997976
-0.0055275974
0.026029572
0.017151719
0.024461469
0.023837423
-0.03528536
0.023782127
-0.021735393
-0.024377843
-0.0037811256
0.026908109
-0.013014971
-0.009800264
0.013414411
-0.027660983
-0.009117269
-0.017216412
-0.025578802
0.031291235
0.0077874647
0.005857694
0.0009675925
0.0113472855
0.0028873126
0.0046719806
0.027564863
-0.015308808
0.008237062
-0.009863803
-0.0041956156
-0.034604438
-0.0077626784
-0.012188319
-0.005529948
0.033794384
-0.0066166027
0.0014381958
0.028697709
-0.017682616
-0.014453927
0.019979015
0.025039325
0.008903652
-0.008701714
0.03020322
0.0071019167
0.01990399
0.034893326
-0.027644867
0.032215152
0.012037595
-0.0015539033
-0.00044846573
0.019857075
-0.015902916
-0.018052695
-0.030467296
0.031301368
0.0021657557
0.03252264
0.0030758164
-0.02219657
0.013594389
0.0108907195
-0.008266011
0.02212411
0.012158038
-0.021610683
-0.0025820218
0.024680719
0.011803566
0.023443738
0.013016087
0.0334444
0.016217444
0.005063977
-0.023292035
-0.017707817
-0.0003853599
0.012915451
0.027857598
0.02331918
-0.0058053304
0.012800625
0.032605655
0.0029056596
-0.029302038
0.020177273
-0.03432729
0.028262917
0.010238802
0.016099999
0.016464522
0.018662376
0.011356478
-0.007831482
-0.04148604
0.0057593817
0.010868669
0.016927216
-0.030558446
-0.009558986
0.01206369
0.031360965
-0.020302273
-0.023022339
0.020407345
-0.010854861
0.01130366
0.035242204
0.02651353
-0.027884765
-0.033611454
-0.028236596
-0.032598853
-0.008689304
-0.017877512
0.01518889
0.024375437
-0.019443925
-0.0013866206
-0.013516939
-0.008575893
-0.011617827
0.014722029
-0.028796557
-0.0051615834
0.006016066
0.031782642
0.011547304
-0.012436475
0.0086192
0.012798396
-0.031338524
0.021226898
0.014056348
0.03261908
0.029023057
0.015512253
0.0064413054
-0.023456154
0.027897142
-0.010582223
-0.0076238224
-0.008362456
0.018099654
-0.011792199
0.023283603
-0.015207214
0.03308647
-0.025145859
0.0023671214
0.021960253
-0.008670772
-0.022555217
0.012156833
-0.002199423
-0.010017217
0.026839571
0.011324104
-0.032428928
0.024165465
0.020005595
-0.0362772
0.026454141
-0.005569608
0.0036181128
0.027910901
-0.023621004
0.030113189
-0.037241764
-0.03512548
0.00934851
0.020458367
-0.0061779493
0.016328946
0.027312877
0.006968419
0.017316451
0.041950468
-0.022102121
-0.012397617
0.019063909
-0.024158468
-0.030565383
0.023008455
-0.00091389683
0.016673267
0.013497179
-0.0007092925
0.026546193
-0.009351355
-0.029793473
0.023082217
0.021393104
-0.01658601
-0.022183899
-0.025019562
-0.010142575
0.043611433
-0.02703503
0.022650143
-0.022235636
-0.035217136
0.034702532
-0.032716617
0.0076070856
0.00020398389
0.016954066
0.0304096
0.0035648088
-0.023158826
0.025246514
-0.019565882
0.0024576492
0.0011932509
0.010227864
-0.024072422
-0.025921114
-0.02463166
0.0041877707
-0.0043263733
0.009681969
-0.00556393
0.0072522564
0.00883245
0.0071833907
-0.020356365
-0.011568485
0.008835325
-0.016830122
-0.019157976
-0.031310193
-0.022607274
0.016533604
0.019754091
-0.0012809227
-0.012351488
0.011658127
0.014667887
-0.0092592565
0.022139568
0.0061388663
0.0069388514
-0.02371747
-0.027701374
0.014535955
0.019781066
0.022505866
0.03600094
-0.013166111
-0.006058168
-0.023353256
0.016123898
0.0021995793
-0.033474747
0.027386155
-0.018874194
0.029617995
0.024058575
0.029852526
0.028969338
0.02745721
0.011929793
0.021194322
0.011153329
0.025238711
0.03352104
-0.019651912
0.009050594
0.007065204
-0.017785922
0.010127129
-0.013964106
0.037133787
0.0047601205
0.021053385
0.010376585
0.0008854939
-0.033905838
0.016508458
0.0136690745
0.015266189
0.014694281
-0.036907807
-0.032143444
0.015319973
0.007534742
0.01443743
0.033835545
0.01926415
0.03294515
-0.031132879
0.018459547
0.03499458
0.022795504
-0.02661035
-0.021677108
-0.019965567
-0.005804507
0.029133258
-0.008637752
-0.016343893
-0.030148786
-0.019125786
0.033555787
-0.012834846
-0.016721059
-0.034830935
-0.03026492
0.0101525355
-0.004724747
-0.023737216
0.0117709525
0.0026953828
0.011301706
-0.0043774024
0.0019743058
