-0.24332984,-0.23673938,-0.19996774,-0.2013286,-0.13165246
-0.12465901,-0.12914404,-0.18011107,-0.12006934,-0.17996036
-0.12829645,-0.13124977,-0.13678111,-0.16763222,-0.17909834
-0.1833748,-0.14661321,-0.15687792,-0.14822589,-0.112554856
-0.2499332,-0.14416827,-0.14473741,-0.21397138,-0.18753116
-0.11908645,-0.24206373,-0.14573903,-0.18275799,-0.18174584
-0.19051376,-0.13779697,-0.22033678,-0.17986408,-0.1612852
-0.15698624,-0.1383887,-0.11375636,-0.23832224,-0.15360388
-0.16852097,-0.123501115,-0.12992857,-0.22331269,-0.14560579
-0.20820361,-0.15289523,-0.12328882,-0.16854255,-0.22986366
-0.18759389,-0.14306785,-0.25715035,-0.22068176,-0.18089981
-0.18796563,-0.12554356,-0.18064497,-0.24684225,-0.13133238
-0.1796651,-0.17698626,-0.13668299,-0.12396611,-0.17804417
-0.20331475,-0.21829724,-0.15176226,-0.12906256,-0.18514667
-0.14816521,-0.16763583,-0.12816948,-0.19258465,-0.17881872
-0.18646494,-0.121569775,-0.19314682,-0.122643836,-0.11310112
-0.2027951,-0.15096797,-0.14854698,-0.15148878,-0.14917113
-0.18806762,-0.12332123,-0.18869598,-0.12344078,-0.13489819
-0.14342271,-0.13962445,-0.14356971,-0.17435274,-0.18310526
-0.17904827,-0.18286484,-0.19290386,-0.15318729,-0.16240628
-0.1587526,-0.12975784,-0.17238829,-0.18701491,-0.19106059
-0.13510713,-0.21200976,-0.15085313,-0.12976772,-0.13585028
-0.17102562,-0.181177,-0.14736271,-0.19281812,-0.20934704
-0.18451178,-0.15377487,-0.18806832,-0.19790936,-0.18312223
-0.1443658,-0.15997371,-0.2052515,-0.1975235,-0.17233156
-0.16238266,-0.16947518,-0.18893722,-0.15074636,-0.16394754
-0.22103071,-0.13585314,-0.18728955,-0.2591149,-0.18773896
-0.19633335,-0.15120077,-0.19357523,-0.117053434,-0.1335903
-0.1965893,-0.12813008,-0.1556306,-0.1513409,-0.12493593
-0.12257925,-0.14676124,-0.17632563,-0.12560624,-0.12263848
0.02503309,-0.300583,-0.14575931,0.09824898,0.08673308
-0.08266932,0.102234565,-0.21507463,0.124410994,0.00968712
0.21592894,0.14652494,-0.052381326,-0.20298497,0.16602056
-0.19897786,-0.20821153,0.26389304,-0.17640707,0.22779785
-0.21446085,-0.22178687,0.15595643,0.13661797,-0.040471833
-0.23536336,-0.20714544,-0.23824607,-0.07905638,-0.041304365
-0.07791759,-0.1204708,-0.114509955,-0.13405655,-0.12999593
-0.08656445,-0.15901734,-0.2594762,-0.25473976,-0.05131677
-0.25451747,-0.06736667,-0.11112761,-0.22655424,-0.14028974
-0.29975694,-0.116776645,-0.05480831,-0.24476719,-0.2581155
-0.20058724,-0.15108468,-0.20178215,-0.24326035,-0.108682856
-0.23800883,-0.17238832,-0.18805692,-0.18623261,-0.16578412
-0.16090971,-0.120548375,-0.15793642,-0.121457934,-0.19710356
-0.1494757,-0.17401312,-0.18610874,-0.13856854,-0.21324661
-0.10602525,-0.1872317,-0.19690932,-0.13218221,-0.13014941
-0.18735552,-0.21086523,-0.24853022,-0.216069,-0.16321869
-0.23908721,-0.23550564,-0.16681671,-0.21066244,-0.22242688
-0.1380573,-0.18700586,-0.20367458,-0.17134613,-0.14642566
-0.16063897,-0.16524923,-0.21103933,-0.15213355,-0.11311021
-0.18693037,-0.109979235,-0.11016379,-0.10441809,-0.25014693
-0.15878285,-0.1545988,-0.11654502,-0.14617047,-0.13004372
-0.15300202,-0.1923724,-0.14256792,-0.14746961,-0.17622495
-0.10535534,-0.18245688,-0.18281539,-0.18240999,-0.19279857
-0.15753344,-0.16785558,-0.108461335,-0.12869567,-0.19432147
-0.10824919,-0.18094252,-0.17538477,-0.11474347,-0.11739068
0.007070906,0.02500703,0.011450701,0.09753351,-0.01497098
0.015684662,-0.036314882,0.044073198,0.118200414,-0.03385958
0.03275993,-0.025917627,-0.02185243,-0.010607551,-0.039040647
-0.0021255927,0.17398037,-0.008962688,-0.0002108117,-0.03003904
-0.007753753,0.18005355,-0.22198969,-0.03319122,0.22037753
-0.19535263,-0.1630991,-0.18191552,-0.11294587,-0.12672077
-0.1342685,-0.18001032,-0.19480403,-0.22346924,-0.12906383
-0.1518162,-0.18076332,-0.19400524,-0.17649029,-0.14590241
-0.18535048,-0.19243124,-0.1478768,-0.11277566,-0.19843341
-0.25626433,-0.19407701,-0.17877387,-0.16238385,-0.19688217
-0.18920277,-0.14174673,-0.1425837,-0.1434949,-0.20981944
-0.15618816,-0.1482796,-0.14088981,-0.2139,-0.18295597
-0.022690475,-0.19051354,-0.15971957,-0.17602953,0.019420987
-0.03323354,-0.18757874,-0.15446469,-0.016501455,0.0055092
0.14217676,-0.13479745,-0.1737282,-0.1571211,-0.1702591
-0.20571496,-0.10581912,-0.22818378,-0.16837153,-0.22577259
-0.20801555,-0.23831332,-0.20058116,-0.25201842,-0.19324043
-0.22803575,-0.16676204,-0.16623569,-0.18193145,-0.24846087
-0.18656683,-0.17837152,-0.1455786,-0.17568994,-0.11505337
-0.14987858,-0.12984775,-0.13309287,-0.11676295,-0.116456725
-0.20694286,-0.23784125,-0.19205314,-0.22654957,-0.15631172
-0.14177999,-0.16746661,-0.11316233,-0.15628897,-0.17536202
-0.10850408,-0.18737806,-0.24760294,-0.21298152,-0.18574724
-0.16264203,-0.18978158,-0.24518326,-0.23946406,-0.15950981
-0.1337528,-0.19107798,-0.22386295,-0.19783576,-0.137586
-0.16028337,-0.19532394,-0.16257396,-0.14374746,-0.19757195
-0.1868758,-0.14970945,-0.15550533,-0.123338595,-0.1465437
-0.13360839,-0.19002151,-0.22532594,-0.16512293,-0.17481385
-0.16629,-0.1345899,-0.24437405,-0.17608711,-0.18177596
-0.15342443,-0.15114574,-0.16320169,-0.13790551,-0.19629832
-0.115910575,-0.203229,-0.12369694,-0.19520554,-0.11976597
-0.12704153,-0.12594849,-0.18919098,-0.22884063,-0.16046761
-0.21211843,-0.14132702,-0.18791702,-0.15321474,-0.19666564
-0.17982768,-0.16412896,-0.15781374,-0.20351031,-0.12717527
-0.16346234,-0.15235177,-0.13387236,-0.14619212,-0.17431568
-0.14989193,-0.15645146,-0.19500399,-0.14093763,-0.13996892
-0.14290969,-0.1604004,-0.1621128,-0.14408909,-0.1568202
-0.1651565,-0.19515592,-0.12777969,-0.17983383,-0.14779387
-0.19916989,-0.13139923,-0.15625525,-0.16249932,-0.13504735
-0.1824983,-0.18433303,-0.12828049,-0.12119829,-0.1293085
-0.11814335,-0.16910896,-0.11744033,-0.16840236,-0.12703589
-0.10438732,-0.15972553,-0.17913716,-0.23896278,-0.1616253
-0.20353365,-0.103920035,-0.13875031,-0.16965535,-0.1530792
-0.2194802,-0.13287677,-0.13018359,-0.17638406,-0.13331869
-0.1854609,-0.14664203,-0.17805153,-0.12158891,-0.1872518
