0.008131106,0.0021503726,0.020161308,-0.02940555,-0.0020221407
-0.013353155,0.006387888,-0.028607601,-0.009083124,-0.019206246
0.011026199,0.030782863,0.03249234,-0.010221205,-0.019431869
0.008414786,0.05594851,0.0238784,0.0039368677,-0.00886999
-0.0043370137,0.0071645635,0.0277102,0.0002352749,-0.0033296044
-0.00565846,0.017630123,-0.041846156,-0.032220043,0.030409597
-0.055932097,-0.0043222313,-0.02265368,-0.044187844,0.02185784
-0.026693683,-0.05641915,-0.04585081,-0.060859084,0.027581062
-0.013270578,-0.0022964037,-0.04917349,0.00079074054,0.03680641
0.0009476664,-0.024625504,-0.0444967,0.0018910854,-0.020671533
-0.01639005,-0.003844067,0.012940568,0.035067324,-0.033286482
-0.04088024,-0.04191959,-0.034592573,-0.0068767113,0.028410332
-0.0030337134,-0.00610955,-0.019122567,0.0004176196,0.011862491
0.011408092,0.04283417,0.007934935,0.01112204,0.03629346
0.020783067,-0.028462905,0.04406411,0.05354957,0.010655462
0.11248945,0.12689787,0.08215499,0.073535904,0.03137673
-0.04258123,-0.0027114353,0.003717498,-0.019185612,0.017083583
0.008015543,-0.046805933,-0.036353197,-0.03602753,0.027700962
-0.00732843,0.045997836,-0.004585707,0.034685582,-0.011298686
-0.012761294,-0.00042771958,0.03918592,-0.014424031,-0.04974247
-0.008895667,-0.033397634,0.009617105,0.021078667,-0.012243023
0.012931319,0.014802657,0.052059416,0.022355342,0.018860262
0.039751817,0.0072808084,-0.023758082,-0.00073274795,-0.00057578407
-0.018068686,-0.032716777,3.425827e-05,-0.020075826,0.021937098
-0.013897793,0.03367081,0.021603584,-0.007560731,-0.037717808
-0.04465796,0.013159868,-0.04943678,-0.023026062,0.027457379
-0.052941374,-0.09131785,-0.07608363,-0.037190694,0.0076553314
0.07663671,0.042295117,0.022170791,0.03329132,-0.03971545
0.009744213,-0.0088144755,-0.026455585,-0.017520923,-0.024409108
-0.004247105,-0.011636451,0.05512985,0.056081954,0.011052885
0.013484902,0.0023825031,0.0693456,0.065777525,0.027975943
-0.0063935043,0.013769827,-0.018968614,-0.0013836203,-0.035051916
-0.058384135,0.010218152,-0.0049551926,0.036449417,0.0022879892
-0.040982783,-0.02788224,0.039051022,0.008928895,0.008383918
0.01220789,0.054750267,0.034740116,-0.033964362,-0.019520266
0.02653853,0.0246179,-0.02030497,0.01768769,-0.021320773
0.03691419,-0.005836021,-0.05284718,-0.016536515,0.015533072
0.014579826,-0.052591275,-0.027532317,0.01081908,-0.0070577827
0.0029350668,-0.03465939,0.031089958,-0.024050638,0.0103045525
0.0017949438,-0.029158965,0.02923987,-0.024305446,0.028826913
0.05459887,0.021872677,-0.02737249,-0.017030878,0.054761708
0.0019922957,-0.047569465,-0.07123279,-0.00890344,-0.008029382
0.009422714,0.020118043,-0.043262187,-0.034998156,0.04328417
0.043663673,0.029284365,0.03610137,-0.003838947,0.013870211
-0.022736937,-0.028223587,-0.018499967,-0.020474456,0.009268029
0.0042826803,-0.035947073,-0.06894344,0.017908735,0.0026105794
0.020840872,-0.02552008,0.06007523,0.064326465,-0.02317656
0.055014923,0.11859139,0.049016036,0.0114041595,-0.029400384
-0.028539825,-0.045328517,-0.044948477,0.008835631,-0.031567626
-0.05707089,-0.04870121,0.0055485754,-0.0037299886,0.0058294246
0.042218316,0.02341661,0.038790923,-0.0025002162,0.004929481
-0.01318184,0.044679165,-0.0061838706,-0.039132923,-0.03819757
-0.017051077,0.049742416,-0.039115783,-0.030759944,-0.04075629
0.003987491,-0.020337436,0.021210255,-0.0122729065,-0.0306069
0.02992792,0.03679799,-0.0031224827,0.036585927,0.026799988
0.003285616,0.09143255,0.05666744,0.08928304,0.058759052
-0.011481411,0.017783599,-0.0181274,-0.013020118,-0.04211219
-0.0724391,-0.06059866,-0.018779939,-0.05565617,-0.009755056
-0.028487438,0.01612802,0.05848998,0.036130868,-0.043636914
0.042587757,0.010043741,0.0048031597,-0.008805551,-0.002487546
-0.03759618,-0.009669388,0.014400605,0.02723537,-0.0043242276
-0.0069676414,0.006228148,0.022748785,0.044807956,-0.0021779574
0.07486483,0.05207256,0.03315996,-0.043825246,-0.029919032
0.04202414,0.019863775,0.0062575596,-0.022946436,0.015502382
0.03389438,-0.020845292,0.04012144,-0.0145378,-0.030833574
0.0028357117,-0.029444505,-0.046849433,-0.012938784,-0.024630668
-0.019210624,-0.045352757,0.033316974,-0.018836781,-0.00028782606
-0.03266569,-0.0343057,-0.06495965,0.024255035,0.019933423
-0.015611869,0.019541193,0.00016792431,-0.018811252,-0.018001897
-0.015562902,0.025892263,0.024029914,-0.032635994,-0.051058073
0.015265692,-0.048840668,-0.02020709,0.019568635,0.05293949
0.059083033,0.050559953,0.08415511,0.022994371,0.052032188
0.012990095,0.04771758,0.08099127,0.032829236,-0.028873343
0.014795152,-0.02533571,-0.034319106,-0.015112168,-0.03138485
0.028649878,-0.0036317273,-0.0042333407,0.050359152,-0.017135493
0.015042506,-0.0031537856,-0.030345595,-0.020456567,-0.05319326
-0.0259215,-0.02622394,-0.043291423,-0.0035762775,-0.053931147
0.019142652,-0.05822432,-0.022223264,0.020916892,0.047680583
-0.06194895,-0.021197075,0.01572588,0.012500332,0.054313783
0.033437666,0.048091196,0.05185601,-0.02627048,0.017542494
0.06752295,0.08204209,0.10864899,0.09282229,0.051511936
0.03375439,0.051644735,0.020966994,0.050969243,0.026326494
0.008100224,0.03216134,0.015265174,-0.021941101,0.01311777
0.050629098,0.034285545,0.0653878,0.011514092,-0.036585737
-0.006440686,0.048404496,-0.036939494,-0.039800167,0.030272026
0.041279357,0.08558599,0.065241136,0.005094365,0.051288303
0.032409802,-0.03477399,0.008602397,-0.008929065,0.01732738
-0.03677791,-0.03869578,-0.009857677,-0.038817953,0.0060679633
0.0045106453,0.02430456,-0.04126675,-0.030612415,-0.024707055
0.017225277,-0.04724667,-0.03271584,0.01149146,0.013230113
0.037353974,-0.024656765,-0.029608034,-0.020651257,0.03994958
-0.023781024,-0.055901144,-0.013771703,-0.04661945,-0.046506397
0.023429984,-0.059857745,-0.004529445,-0.04062579,0.0035641708
-0.004183703,0.009124731,0.027204644,0.022925768,0.020336809
-0.016387751,-0.021873603,0.05854612,-0.013822345,0.04168594
-0.0080399625,0.022216788,-0.005136143,0.03239942,-0.0041640443
-0.028998306,0.07017024,0.071870476,0.051246703,0.042709783
0.045620006,0.080201134,0.12584004,0.037316028,-0.028179048
-0.040077318,-0.008858209,-0.033891622,-0.033665236,-0.011513152
-0.015808742,-0.020794105,-0.01748168,0.0022053435,0.03183636
