-0.021101888,0.045714714,0.05213893,-0.01044331,0.03375078
0.011761866,0.036024738,-0.034044776,0.016262485,0.006873425
-0.029522933,-0.05142326,-0.010648046,-0.017620657,-0.029885149
0.019634208,-0.03861941,-0.01738261,-0.010985582,-0.043362103
-0.028422836,0.057612244,0.019720556,-0.023995677,-0.026006613
-0.016212437,0.001044659,-0.0074197142,-0.012858541,-0.007816637
0.023274986,-0.026956279,-0.012807659,0.023500545,0.036664724
0.022245493,-0.045298245,-0.02511268,-0.028623441,-0.05440296
-0.008296702,-0.013143658,-0.0074111964,-0.042105317,0.024145253
-0.0074531147,-0.03572091,-0.026310181,0.03904449,0.003960808
0.008930441,-0.0029109088,0.03211016,-0.0038987498,0.020142425
-0.013423749,-0.031292483,-0.03671808,-0.024687713,-0.020081198
0.0322318,-0.009916279,-0.02586537,0.033769276,-0.04021148
0.032113526,0.031997196,-0.014613021,-0.023784848,0.024457838
0.026459275,0.049266756,-0.0024261572,-0.039323464,-0.04611111
-0.02279612,0.06582677,0.03057487,-0.030556273,-0.010773216
-0.030849837,0.030137086,0.053991456,0.0839347,-0.006746396
0.009685056,-0.04741237,-0.032181747,0.017495016,-0.0013582245
-0.02875158,-0.02292305,0.0014075848,-0.044726316,-0.051993158
-0.016284017,0.053329565,0.049158014,0.0017306537,-0.022899112
0.04931601,0.02307974,0.04147588,0.026449032,0.029875403
0.040705618,-0.03586696,0.045493674,0.02093283,0.010383203
-0.03440136,-0.0027152472,0.011457803,0.00021216787,-0.001498583
0.02396083,-0.008143899,0.043308966,0.013030362,-0.02185146
-0.0030785552,0.0081487615,-0.031868465,-0.011274564,-0.0009124982
-0.04081915,-0.04162542,-0.011994019,0.05218002,-0.03068574
0.036536507,-0.07941869,-0.030641306,-0.013302208,0.049441643
0.035151772,-0.013819784,0.023256747,0.0032724931,-0.048689365
-0.005706694,0.040843733,0.07618449,-0.004864266,-0.047202237
0.03802731,0.032507427,0.025342295,-0.01926511,-0.026911829
0.0065367436,-0.004155249,0.036591094,-0.038256165,0.02978541
0.033630587,-0.021674452,0.0465797,-0.015496758,-0.042021226
0.046872277,0.05680631,0.033422656,-0.032455552,-0.001735884
-0.008903768,0.0032836655,-0.039892353,-0.021468513,-0.0058956863
-0.030797532,0.031295393,-0.0078416215,0.052969076,-0.02633071
-0.026942804,0.0038959167,0.022221621,-0.003266778,-0.0027793811
-0.016740724,-0.02881797,-0.044253998,0.0154248,-0.021994289
0.044512305,-0.008492898,0.035588566,-0.04731214,-0.022864332
-0.025463888,0.010930581,0.010122164,-0.021017963,0.04221769
0.03551849,0.035343476,0.022343317,-0.029376693,0.03727754
0.03254148,0.0068679918,-0.026784502,-0.018969929,-0.005752341
-0.032161262,-0.018612782,0.015471961,-0.0040139146,-0.03080205
-0.0043297275,-0.036149602,-0.061293293,-0.053114574,-0.013455369
0.047878113,0.037156902,-0.020343658,-0.013236549,0.013560264
0.0058884993,-0.01238244,-0.026901197,0.023865128,-0.014129587
0.0075765955,0.041195694,0.0051935217,0.037397027,0.035391428
-0.0085849725,-0.04743563,-0.018188104,0.02213376,-0.015044794
-0.003860221,-0.0041385307,0.018045543,0.002789918,0.015210082
0.03206051,0.051939752,0.0439354,0.005926535,0.013011265
0.044172317,-0.0314197,-0.023937637,-0.013718279,-0.0040581077
0.016636027,0.041576315,0.04661341,0.046737086,-0.023577213
0.03435108,0.042038914,-0.017234936,0.04175274,0.044844434
-0.0019208435,0.045052193,-0.035880513,0.013077977,-0.00624004
0.024063665,0.043285195,0.016681943,0.02233318,-0.011424497
-0.032690313,-0.018291393,-0.0128725525,0.021875268,-0.0046092873
0.017711682,-0.021220053,-0.03643073,0.001013848,-0.041731097
-0.03076005,-0.021856962,-0.0013760418,-0.030129611,0.04184714
0.025286883,0.0057290206,0.008592676,-0.05415148,-0.003325894
0.037502747,-0.003186244,0.02040689,-0.026313249,-0.0010853078
-0.035692,0.028404474,0.03463245,0.06433311,-0.029896254
-0.013365341,-0.013546756,0.0058392864,0.028033685,0.015429696
0.014004415,-0.023305248,-0.02460843,-0.026946468,-0.042844433
0.041952513,0.0180494,0.021047747,0.029889042,0.027711637
0.020916438,0.06295721,0.06467456,-0.0028606916,-0.021625223
0.041879818,0.03909837,0.012722314,0.021093717,0.010704709
-0.038525667,0.026316795,-0.007368968,-0.0050228783,-0.041125696
-0.0054559703,-0.03303065,0.022805234,-0.016944429,-0.0013684646
-0.030546464,-0.033532474,0.013755382,-0.027889399,0.032988157
-0.013745908,0.022062052,-0.03863284,0.009526836,0.0028242492
-0.024145583,0.03601653,0.0063798884,-0.022328056,0.05299155
0.018363923,0.016146969,-0.02231864,-0.031916607,-0.03043761
0.022305666,0.021597408,-0.032788053,-0.011455626,-0.01636341
-0.038201895,0.04701264,0.041356865,0.052423473,0.041681677
-0.0413415,0.03198018,0.021124933,0.0069972905,0.018865487
0.031894427,0.014933864,-0.045808293,-0.003164207,0.0517916
0.011568469,-0.02735917,-0.028464695,-0.014789059,0.0055906675
-0.030794347,0.0022610119,-0.00030835782,0.006470155,-0.03430822
0.027320264,-0.011165864,0.006692873,-0.0016090682,-0.045099325
0.032381482,-0.0052762837,0.032026898,0.052046083,0.012031238
-0.04249622,0.040352985,0.00955527,0.056037944,0.016024848
0.0026680555,0.051158756,0.069738224,0.05493486,0.049617227
0.024923366,-0.026399672,0.046787705,0.003948603,0.025588188
-0.036269307,-0.016211735,-0.03335969,-0.049048673,0.006438177
0.00707119,-0.037447385,-0.01645527,-0.00906364,0.023485275
-0.012268152,0.03325687,0.061393153,0.017701864,0.022983544
0.015204151,0.04659677,0.06223515,0.047689088,0.030383307
0.009205251,-0.034661807,0.0076134433,0.04605314,-0.0057330513
0.029771823,-0.053480875,-0.023398833,0.036193162,0.02430498
-0.027877066,-0.007613804,0.023676004,-0.018771527,-0.008243943
0.018992973,0.0046346923,-0.0024916362,-0.052340817,-0.041693646
0.004018877,0.018141935,-0.03271733,-0.029249903,-0.003223265
-0.01364899,-0.015994048,0.03401873,0.005790326,0.0062765027
0.024951188,-0.014221079,0.033292472,0.011956923,-0.047523543
0.0027622802,0.02266939,-0.021369452,-0.05086458,0.02811444
0.03525097,-0.021818975,0.023748232,-0.008254366,-0.015849339
-0.016638564,0.028772984,-0.015204038,-0.015784001,-0.0044205002
-0.02432821,-0.05339881,-0.03264711,0.01958682,0.03930488
-0.019776167,-0.008088623,0.006384195,0.032572683,0.037553504
-0.04638582,-0.018946338,0.031894427,0.03848863,-0.029225955
0.05766291,-0.02958131,-0.04134214,-0.035739537,0.0305618
