0.020927794,-0.032217372,0.01575973,-0.0424039,0.0016464542
-0.014340526,-0.019352173,-0.018235799,0.028292403,0.041559927
-0.011705654,0.013066092,0.0059931683,-0.042555917,-0.024814617
0.0013220399,0.003592103,-0.035387494,-0.00085453026,0.0103423055
-0.020664472,0.040769357,0.008668067,0.04822411,0.052234415
-0.00956086,-0.028079962,-0.029896544,0.0014545021,0.037987772
0.041299723,0.036031876,-0.0011567968,-0.012765357,0.007242145
-0.04378962,-0.029939925,0.0025090752,-0.063183405,-0.04697293
-0.02216546,-0.017421797,-0.014615516,0.046690926,0.04077454
0.03295015,-0.011580659,0.038534675,0.052162535,0.032726612
-0.025046548,-0.019337373,0.02392816,0.009053094,0.007765269
-0.045106664,-0.04349846,0.032364003,-0.010204469,0.025834316
-0.05126662,-0.025825078,-0.053233366,0.027413648,-0.0013153868
0.0111863185,0.030032566,-0.0002488029,0.0050870744,-0.032798726
0.010525722,0.04172498,0.005218214,-0.02358196,-0.020196801
0.0015924445,0.032484327,0.0012194894,-0.031159086,0.0035724086
-0.013411219,0.007185452,0.028121393,-0.0415482,-0.013902586
-0.023809373,0.033731658,-0.052348264,-0.019080577,-0.042278867
-0.03328611,-0.018643504,0.005144589,-0.040202495,-0.0027148454
-0.019826781,0.04196443,-0.022759425,-0.035383023,-0.0015336446
-0.036034677,-0.01618511,0.016440818,-0.03433243,-0.016289493
0.026756858,0.035822585,0.042803656,0.04235559,0.041335844
-0.007743857,-0.017271392,-0.0047164722,0.015342335,0.010320947
-0.025095455,0.039279226,-0.010853272,0.03614222,0.004472377
0.019422056,0.00294746,0.01659724,-0.026490586,0.021443851
-0.022785503,0.027692625,-0.017867077,0.012343272,-0.04040885
-0.029810417,0.04006468,0.03177991,-0.045140527,-0.033119842
-0.04314881,0.0016803711,-0.013650724,0.0037712143,0.0137842335
0.021400645,0.004377245,0.0191724,-0.022695284,0.04513572
-0.031349715,-0.015933877,-0.013273725,-0.027511235,0.0010637664
0.021343926,-0.015807843,-0.014108505,-0.025815247,0.017442387
-0.03232328,0.032177713,0.009130442,-0.036265787,-0.003752077
0.01120923,0.042558037,-0.018430438,-0.03832465,-0.026048172
0.009640966,0.029295439,0.00045927727,0.038866144,-0.031274013
-0.04414574,0.006122747,0.029273376,0.042228986,0.003557483
-0.0040537054,0.026459724,0.02888718,-0.038109705,-0.012834952
0.03159468,-0.0093622925,-0.0416109,-0.037761755,-0.02087701
-0.018552823,-0.013251898,-0.048632864,0.028306203,-0.005337687
0.035041884,-0.014367451,0.036219638,0.021451917,-0.031509433
0.034428738,0.03783468,-0.02282789,0.05017639,0.0032298276
-0.019652545,-0.013224754,-0.029480048,0.040111165,-0.012341133
-0.026472002,0.04526506,-0.04063645,-0.03156065,0.013327371
0.04135836,-0.022887468,-0.023507925,-0.023887098,0.028541539
-0.0006477466,-0.032501645,-0.018154174,-0.032282796,0.022225779
-0.022197874,0.0036805666,0.0330979,0.03449678,-0.042412445
0.024046708,0.04296058,0.037143193,0.015393463,-0.0043530865
-0.027014133,-0.023790535,-0.023526326,-0.012142808,0.022734292
0.049756862,0.036049686,-0.0039579496,0.005176649,-0.01794959
-0.015354709,-0.008291539,-0.0030296643,-0.0009531656,0.015776388
0.016203173,0.03275323,0.010678502,-0.029469002,0.0063223867
0.021016791,-0.037211303,0.0039526434,0.03260373,-0.02338899
0.020436388,-0.026262993,0.016671145,0.011611906,0.013422734
-0.03838673,0.013286656,-0.038391955,-0.025994731,0.014737105
-0.024790691,0.036912374,0.041020047,0.06498017,-0.00794153
0.024585504,0.047876246,0.028002437,-0.003465738,0.04685063
0.028171042,0.012135203,-0.014217859,-0.02746141,0.03980661
0.0004935774,-0.006939963,-0.00016271503,-0.023534346,0.021053465
0.010472716,0.008849245,-0.0069197295,0.015115923,0.03808306
0.0238151,0.04116379,0.013765328,0.023053255,-0.014462009
-0.031151507,0.023109604,0.005982625,-0.0015478552,0.006541575
0.011069023,-3.894289e-05,0.02642409,0.049577996,0.0060440893
-0.012178328,-0.012027435,0.02967509,-0.015659511,0.012374025
-0.05242804,-0.006354554,-0.04986749,-0.014101116,-0.04946483
-0.047826372,0.012336252,0.031612284,-0.0123343,-0.004822476
0.040660832,0.00746556,0.048350878,-0.0041249637,0.0070484127
0.02315263,-0.03942624,0.013009333,-0.027830757,-0.021935383
0.008725334,0.025689127,-0.0233393,0.004181632,-0.0066935355
-0.03159368,-0.0070850397,0.004639436,-0.021115026,-0.022415422
0.036230706,-0.027197007,-0.0046320604,0.03375082,-0.017707935
-0.034570057,-0.02274202,-0.034870822,0.03152767,-0.02057982
0.014764705,0.025019843,-0.0057026576,0.019140014,0.03412914
-0.011065093,0.00859899,-0.022683866,0.029860416,-0.048653103
-0.013263529,0.0014097625,-0.035839856,-0.039819572,0.018520424
-0.04635583,-0.005558577,0.03752154,-0.04417904,0.038088564
0.034857243,-0.011463065,0.018931217,-0.0076965806,-0.025179733
0.026613154,0.009717543,0.01316019,0.038165875,-0.0015868221
-0.0024269014,-0.03521287,-0.044172123,-0.021532923,-0.01940631
0.032750014,-0.019421643,-0.016440762,0.026185576,-0.021326538
-0.010466153,-0.04766689,0.019674048,-0.051478397,0.023033742
-0.0077525964,-0.017545361,-0.00572498,-0.026701784,-0.0069998023
0.037127092,0.040167052,0.026925175,-0.010739131,-0.0071854424
0.02136556,-0.043080248,-0.046166904,-0.04261994,0.04628413
0.022952607,-0.02403542,-0.01901369,0.007651565,0.017052758
0.01263988,0.0253115,0.009699989,-0.009954372,0.016163116
0.03423976,0.0006324823,0.013001109,-0.04378046,-0.038852714
-0.041954316,0.014797838,-0.027666342,0.021439258,0.005719502
0.018113475,-0.034145083,0.03243587,-0.04614841,-0.014758761
-0.015820796,-0.003409342,-0.018234279,-0.05313566,-0.037741065
-0.023067128,0.052942067,0.02146976,0.038491365,-0.010382057
0.03409851,-0.013218392,0.01850883,0.02178381,0.05000826
0.015242318,0.0036834935,0.039248545,0.03291335,-0.025349945
-0.018058883,0.032906182,-0.021361833,-0.028227847,-0.010214346
0.016262148,-0.050766915,0.010070631,-0.0027752272,0.01880322
-0.02752381,0.008759009,0.049036063,-0.005128095,0.015890855
0.017461738,-0.010201181,0.05341406,-0.034811165,0.010136399
-0.011171234,0.042253885,0.027967969,-0.035750642,-0.00071495696
0.039650682,0.0075268047,0.017909842,-0.048946362,-0.018055597
-0.061106343,-0.05048222,-0.054089658,-0.023457782,-0.0075230263
-0.04286145,-0.0039547654,0.020444898,0.064600654,0.0015025922
-0.013428118,0.026125548,0.020667398,0.01106657,-0.002924024
