0.028703226,-0.0064738053,0.040991083,0.033119068,-0.015895007
0.029551076,-0.03750543,-0.008215962,0.020191664,-0.0153139215
-0.0055585117,0.039456904,-0.027774507,-0.0048330394,-0.037442587
-0.043199655,-0.005335756,0.009493378,0.02326454,0.014790799
0.0069204727,-0.005254379,-0.035576753,0.01728334,-0.005927885
-0.033530317,-0.0003024017,0.0009286138,0.0105011985,0.042037856
-0.0051706852,0.036857173,0.029441837,0.03121384,0.015571016
0.039198764,-0.018107785,0.037443895,-0.040868413,0.014058653
0.00020450176,0.035778392,0.019721877,-0.02612487,0.007697619
-0.0051855077,-0.025015946,0.042597197,0.041894566,-0.04391555
0.036505345,-0.013878756,-0.030900488,-0.025818532,-0.02672071
0.039871525,-0.03226861,0.040181756,-0.032080192,0.012224254
-0.0028263784,-0.035885643,-0.021032274,0.028650215,0.021616219
-0.02865887,0.031604428,0.02984912,-0.039964367,0.015175483
-0.0019411406,-0.026822189,-0.029697154,-0.02252031,-0.0191739
0.025195533,-0.035293184,-0.033080682,-0.036690023,0.019759722
0.04056921,-0.0003455362,0.016836507,-0.040902536,0.041240588
-0.01251303,-0.029981416,-0.007466913,-0.029412473,-0.011073248
-0.023818798,-0.04346172,0.033387035,-0.0007115946,0.005104477
0.03895372,-0.00399076,-0.028314304,0.038787283,0.019947693
-0.036365386,-0.009748896,-0.00839152,-0.028080592,0.04123387
0.027267365,0.032709647,0.0444666,0.00060718047,-0.0357771
0.017011235,0.031072127,-0.02038555,0.005675702,-0.004335949
0.0027656558,0.0011996124,0.018231269,-0.027288608,0.029530333
0.03776055,0.004513375,0.0061768475,-0.020864492,0.016381443
0.023952046,-0.022782862,0.031171096,0.010565769,0.011611593
-0.016944226,-0.008344548,-0.029406209,-0.026286863,0.009692281
0.010951987,0.016444918,-0.008467591,-0.010309696,-0.01801688
-0.034470685,0.013956603,-0.006898527,0.029672846,-0.00027671413
-0.029110244,-0.013047552,0.009288208,0.03947206,-0.0074945083
-0.03228086,-0.039409842,0.031032981,0.009611228,-0.013817728
0.009800089,-0.04007053,-0.010777906,0.025864445,0.011783742
-0.01686442,0.01497692,0.028820667,0.00063174724,0.013929924
-0.03289693,-0.033476703,-0.0009193971,0.030852946,-0.013178985
-0.014154166,-0.004125938,-0.014547708,0.0025193768,0.025921794
-0.024601102,-0.033731084,-0.017566478,-0.03713795,-0.036888853
-0.0015375458,0.01269987,-0.027451558,-0.019725138,-0.03279389
-0.007501284,0.037435506,0.021617424,-0.017992647,0.02509181
0.030421458,0.027421549,0.03644627,0.008735877,0.035750832
-0.039147824,0.003991762,0.011276053,-0.035405904,-0.017758518
0.022010254,-0.005441358,0.02484068,-0.026075164,-2.816045e-05
0.0016596689,0.0062823175,0.028418474,0.041477,-0.012740543
-0.029506953,-0.0346179,-0.018176254,-0.017737592,-0.041606568
0.019960051,0.010497644,-0.042104784,-0.01760949,-0.021225467
-0.02384869,-0.040328134,0.03679689,0.033761166,-0.009168413
-0.014420198,0.04367846,-0.018733555,0.038059767,-0.044188213
-0.038818497,-0.019660877,0.01212833,-0.01315721,0.0010902376
-0.027741257,0.020715177,0.009251105,-0.025819533,-0.01943088
-0.030218637,-0.012272552,-0.041469287,-0.03379963,-0.035491295
0.017376939,0.013632739,-0.034469794,0.00050613977,0.038049486
0.017778728,0.04019575,0.041391723,-0.016113184,0.025723886
0.03897123,-0.029300556,0.041461673,-0.0050002974,-0.009355679
0.018125383,-0.0063753966,-0.0028578974,-0.039685562,-0.04455444
0.02002125,0.030663816,0.0016939074,0.04428681,-0.0049206475
0.01750855,0.024876341,0.01957807,-0.023622103,-0.019478993
0.010414438,-0.0045925435,0.001860187,0.01613975,0.005758739
0.0026092322,0.00017436728,-0.010993837,-0.00022555586,0.029320635
0.009326436,0.020078521,0.015223651,0.012933432,0.041546836
-0.017773703,0.01878338,-0.011957307,-0.026847085,-0.035316776
-0.0084722815,-0.012824561,-0.0068194577,0.015160258,-0.031258594
-0.020334458,-0.003738669,0.021864846,-0.009537436,0.019592267
0.029852718,0.013382,-0.03782579,0.041220415,0.036905818
-0.007343706,-0.043144334,-0.01631718,-0.02768018,0.005987913
0.0007309744,-0.021180091,-0.03618451,-0.017448077,-0.041896805
0.029424943,0.03174767,-0.033594478,-0.02239167,0.025199749
0.021674428,0.035125475,0.007560585,-0.0138313975,-0.008470113
0.026167434,0.020147152,-0.04231298,-0.042669322,0.036529746
-0.019666966,0.029196387,-0.042344436,-0.027880076,-0.013732194
0.0067062117,-0.036750253,-0.012297807,-0.005453131,-0.0055048796
-0.02050762,0.04388794,-0.010503258,-0.026760794,0.020385021
0.0065115406,0.015400492,0.0007017516,-0.00575283,0.021376347
0.03921937,0.043918826,0.0155452965,-0.006067798,-0.038132217
0.00938499,0.026402818,-0.022592142,-0.034854595,0.043417268
-0.035409432,0.03533004,0.009225463,-0.01966456,-0.042053416
0.03719265,0.019642774,-0.015814621,0.03013546,0.015542097
-0.030104924,0.03417139,-0.04245011,0.0013871535,-0.034250736
-0.012740148,-0.031346772,0.015909526,0.011496176,-0.0412582
-0.011603442,-0.00074509776,-0.022858607,-0.00214483,-0.021453822
-0.015967164,0.017982459,-0.027910203,0.026444124,0.036298376
-0.0038533479,0.018256092,0.008317273,0.039477136,-0.021856073
-0.035270985,-0.025524711,-0.034082748,-0.037433498,-0.03528156
0.034604814,0.008655098,-0.013742092,0.00092972204,-0.034849275
0.036928333,-0.0039429287,-0.017984817,0.04180039,-0.012407995
-0.034390878,0.036318853,-0.026323792,0.037496876,-0.0060171
0.009282077,0.013035679,-0.01210182,-0.032321833,-0.043797858
-0.038192842,-0.02224647,-0.027842863,0.018021762,0.024259884
0.0045499103,-0.02105409,-0.024180025,-0.016345,-0.038759507
0.011830638,0.026923498,-0.04478423,0.03956668,-0.004613067
-0.039994523,-0.039415404,0.029063692,0.027842714,-0.04236886
-0.026801718,0.029928708,-0.021653615,-0.00382596,-0.042067476
0.029178241,0.029721273,0.03621568,-0.04285767,-0.0333608
0.004002136,-0.038171854,-0.0018296513,-0.019203024,-0.04384427
-0.011947238,-0.017271765,0.045671128,-0.01511853,0.033800207
-0.009395185,-0.0075622043,0.009657725,0.023487007,-0.0021235305
-0.0020255188,0.024240598,-0.043932773,-0.04453291,-0.043948375
0.018062722,-0.0057120016,0.013049902,-0.0047692875,0.0032461206
-0.028297689,-0.01156483,-0.032781433,-0.022042831,0.032823175
-0.00037232402,-0.029736131,-0.02058233,-0.019430626,-0.009634069
0.03766132,0.014242799,0.007869253,-0.027993599,-0.015027598
0.042455424,0.026119575,0.0094785495,0.024755348,-0.024427345
