-0.012897644,-0.033113625,0.039113406,0.0030031858,-0.0077919695
-0.045533728,-0.033557605,-0.015764298,-0.05010341,0.021770358
-0.037433375,-0.01845935,0.03224847,0.04154414,0.024590854
-0.021559987,0.014524107,0.0042572147,-0.024230404,0.023400053
-0.010829495,-0.02129501,0.019704727,-0.013551297,-0.022078602
0.035155557,-0.04396036,0.033084944,0.03448761,0.029960593
-0.0038148847,-0.031467997,0.04024883,-0.014671365,-0.0032896253
0.04041896,-0.007720282,-0.02892782,-0.040836003,0.00079991884
0.009169339,-0.0070606903,-0.006985372,-0.03712653,0.005878325
-0.007154705,-0.046392936,0.0032774594,0.018304247,-0.011446842
-0.004893066,0.002108555,-0.032000326,-0.006163692,0.035392594
-0.03444424,-0.02859548,-0.03588684,0.005466591,0.023973575
0.011146826,-0.008852489,0.025276333,-0.0077641197,0.01638768
0.0192961,0.0033981057,0.03027784,0.015023887,0.025916245
-0.007718719,-0.028169129,-0.01749818,-0.01595991,-0.009263534
0.043756932,0.01287956,-0.0010542476,0.041093398,0.006001553
-0.04177296,-0.02257254,-0.041155573,-0.054175455,-0.023554808
0.019038094,-0.031300906,-0.041434918,0.004248987,0.034462497
0.03123467,0.025940131,-0.038472682,-0.04631021,-0.010203529
0.0360336,0.022901706,-0.04189099,-0.032942772,-0.027258161
-0.029830443,-0.007833887,0.019197272,0.00064228836,-0.015373629
-0.0280028,-0.020778487,0.008951421,0.00051946106,0.027171744
0.026245128,-0.03814705,-0.03968417,-0.03540119,4.6564408e-05
0.0015547408,-0.01902606,0.012746233,0.024374695,0.007408181
-0.03440321,-0.04616766,0.037110068,-0.016166927,-0.042636327
0.030455884,-0.0011138059,-0.059542295,-0.034134425,-0.038262866
-0.046259254,-0.021206528,0.025036206,0.01605666,0.0067626024
0.043794416,0.028145364,0.04051578,-0.027975705,0.0095689455
-0.032979585,-0.0033971032,-0.036796354,-0.037918966,-0.0042415285
0.030258479,0.033566117,-0.0018662573,0.028255958,-0.017755752
-0.02691516,0.04740303,-0.008685524,0.0014935707,-0.027952632
-0.013970909,0.030379608,0.0030537301,-0.016353827,-0.04039802
-0.01975328,-0.038184315,-0.017516026,-0.009235265,0.016529737
0.02932161,-0.02849126,0.012740223,-0.009172656,0.0140281245
0.0028710654,-0.018912923,0.018734645,0.003483284,-0.0007960617
-0.045155153,-0.025411317,0.030778745,0.035092447,0.011939217
-0.015508019,-0.007316542,0.032161836,0.014651117,-0.009874945
0.024183778,0.006022293,0.012660873,-0.0084270155,-0.019648464
-0.047187034,-0.030271407,0.03463839,0.001629256,0.0127095375
-0.008209349,-0.032494187,-0.0025068258,0.0073685367,-0.01004978
0.0058412403,0.034139354,-0.0013214458,-0.013589477,-0.013157506
-0.017463755,-0.017680705,0.0009085386,-0.052190114,-0.04893697
0.002958699,0.042127673,0.0020385855,-0.010522018,-0.018519802
0.046015628,0.038900048,0.047302872,0.001888467,0.03263047
0.032718387,-0.006933644,0.04113648,-0.00928754,-0.0015227911
-0.026576035,0.024815718,-0.04920027,-0.044309102,-0.011743259
-0.029306611,0.055030387,-0.00647926,0.031382028,-0.019613294
-0.011046809,-0.008808951,0.018936608,0.0028299862,0.027232872
-0.03848566,0.012331216,-0.018309783,-0.021987591,0.026479447
-0.034841463,0.0007119391,0.018540058,0.02058226,0.028020749
0.00051831757,0.023290113,-0.032658383,0.0019552137,-0.028316507
0.00049194496,0.03624526,0.028933559,0.03291274,0.008643417
0.03714202,0.009196341,-0.025844848,-0.016976455,-0.011058285
-0.023119435,-0.024869071,0.03408204,-0.011590255,0.026209611
-0.021502728,-0.032228496,0.03107086,-0.035178043,0.03585033
-0.018302297,0.05616082,0.0016596783,0.05190511,0.016254209
0.0024156477,-0.025107067,-0.050276365,0.007786561,-0.045419596
0.041415174,0.02638043,0.005547558,-0.023431592,0.027187882
-0.031809404,-0.027259275,0.040028483,-0.022515915,-0.0049079536
-0.032211825,-0.01713661,0.018581146,-0.0100308545,-0.04701116
0.027800094,-0.042256333,-0.04897181,-0.0021186417,-0.011487753
0.022649283,0.049595736,0.02392767,-0.010064987,0.0392304
0.0045316187,-0.037789863,0.0041165077,-0.03414536,0.005661198
0.005268835,-0.03389871,-0.010011797,0.022909468,0.03371482
0.027341852,0.023327265,0.03574399,-0.014180417,-0.016684884
-0.05384105,-0.030265922,-0.010400574,0.0013601299,-0.0038870466
-0.033860333,0.009927431,-0.0139348665,-0.036831457,-0.033271793
-0.038162816,-0.02188964,0.014826696,0.021326609,0.018030494
-0.03318569,0.007825148,-0.020080723,-0.0074561243,0.013826517
-0.019359326,-0.02474325,-0.041330367,0.028596273,0.023724865
0.014094291,0.018520758,-0.0005114271,0.008091004,-0.030984983
0.05700698,0.05486814,0.033101875,0.0030072003,-0.024188282
0.01928065,0.025990115,-0.03070063,0.024229016,-0.026569143
0.0026600151,-0.026715707,-0.04066309,0.02107952,-0.018982029
-0.011720508,0.0010880248,0.020385968,0.02772883,0.017568404
0.017250441,0.010326767,-0.036565334,-0.03773132,0.03420931
0.04449597,0.015835946,0.043230403,-0.04100728,0.027006995
0.039041243,0.017527588,-0.03620538,-0.012074473,-0.03112898
0.014182341,-4.4288354e-05,0.025676308,0.045067254,0.018235916
-0.0016267471,-0.02882402,0.033921514,0.02840875,0.033118565
0.021535283,0.019194461,0.04104921,-0.021003786,0.0059237587
0.008774293,-0.0017145335,-0.024786862,-0.032975532,-0.05206497
0.019601582,-0.04253445,-0.024169834,-0.0023812414,-0.04265511
0.049602333,-0.024773497,-0.009870707,-0.022159578,-0.0039607496
0.0021713092,-0.019032279,-0.025781693,-0.043803226,0.01522855
-0.033529308,0.020539198,-0.033290967,0.0054195393,0.034871228
0.024248257,-0.0014094213,0.0037311548,-0.015117517,-0.049899295
-0.044738516,-0.019368785,0.011730685,-0.010717686,0.00201219
0.03508865,0.007477381,-0.01922138,-0.03026024,0.008590154
-0.033356875,-0.008693033,-0.018901462,-0.024227634,-0.008982451
-0.039327268,0.031080121,0.021372048,0.048434176,0.0067897346
0.013850616,0.016507102,-0.006943168,0.0123876305,0.030197138
-0.026967278,0.029558044,0.000495294,0.010977755,0.039946016
-0.017793551,0.0008904622,0.047873702,0.037139572,-0.032209065
-0.03730871,0.04955213,0.0041030776,-0.03583236,-0.018124329
0.00049176934,-0.0025523247,-0.04596252,-0.016921869,0.0045594075
0.024902258,0.022041019,0.009125434,0.037410393,0.021571985
0.04753128,0.005547616,0.0010988722,0.037699774,-0.002390097
0.003591106,-0.0009663684,-0.048131,-0.05597503,-0.003458745
-0.040200263,-0.028126454,-0.04433421,-0.036879424,-0.0016568328
