-0.1298995,-0.18428856,-0.13719772,-0.10952069,-0.18256815
-0.20633315,-0.13489212,-0.16587287,-0.12347693,-0.11342474
-0.16374277,-0.18582238,-0.14697038,-0.11648761,-0.11498275
-0.21748975,-0.17764051,-0.11631521,-0.1559046,-0.12195268
-0.17982377,-0.21330683,-0.16836569,-0.17727812,-0.1895602
-0.17343463,-0.1360483,-0.13467616,-0.16597755,-0.15538831
-0.1754309,-0.13875026,-0.18077773,-0.11473407,-0.124237165
-0.20031731,-0.185099,-0.18707694,-0.12570426,-0.13885254
-0.20924218,-0.22028528,-0.11308391,-0.14269026,-0.17557323
-0.18552412,-0.19872995,-0.16470425,-0.12085733,-0.17024104
-0.21139774,-0.22601348,-0.22914791,-0.16852218,-0.12390128
-0.18168539,-0.23421794,-0.18065736,-0.1411683,-0.14558887
-0.22413121,-0.2479888,-0.24350153,-0.1095089,-0.15026659
-0.2127077,-0.23437257,-0.1505374,-0.15971197,-0.13911973
-0.25356558,-0.20381072,-0.18296073,-0.1744733,-0.1443267
-0.21646434,-0.2229589,-0.1834955,-0.20899543,-0.20216547
-0.13081807,-0.20782495,-0.24988209,-0.2284211,-0.18183607
-0.12293038,-0.13317394,-0.10987786,-0.1729395,-0.22192322
-0.15454738,-0.16005424,-0.111844555,-0.19373442,-0.19924879
-0.16598041,-0.17421429,-0.116344474,-0.18754376,-0.20076162
-0.24086115,-0.19983836,-0.19790128,-0.19666623,-0.21736445
-0.23049428,-0.25681236,-0.20122908,-0.16494927,-0.24043608
-0.17374323,-0.20202683,-0.18557021,-0.19167341,-0.17718276
-0.15198417,-0.2253619,-0.2450528,-0.2519622,-0.24016117
-0.134981,-0.1759989,-0.16751598,-0.17455517,-0.20534359
-0.18013848,-0.12956573,-0.17550597,-0.15420502,-0.18633462
-0.17320369,-0.19913027,-0.16712676,-0.14897287,-0.17047504
-0.19107287,-0.21570271,-0.21097076,-0.17447168,-0.21187755
-0.1773828,-0.20127273,-0.16558425,-0.22655435,-0.22758459
-0.18342607,-0.115222506,-0.17056361,-0.24753973,-0.18177308
0.17724624,0.095979534,0.055619862,0.14289044,0.21055934
-0.014024178,0.119068295,-0.13723859,0.04104969,0.1746452
-0.24211878,-0.16106135,0.11929954,0.14702715,0.16011278
-0.22473064,0.14585938,0.151567,0.21035157,-0.20111245
-0.18951386,0.066316664,0.16685338,0.20774396,-0.21917553
-0.06780826,-0.09705966,-0.042553663,0.03464205,-0.12490241
-0.26971653,-0.066484176,-0.0054013724,0.031161858,-0.05944234
-0.27248964,-0.07755015,0.034233015,0.061691146,0.10106613
-0.29290026,-0.26727295,-0.048128374,-0.0151873175,-0.24048413
-0.22347471,-0.078987174,-0.015542278,-0.04198175,-0.26942867
-0.24166968,-0.22303063,-0.1687171,-0.13660195,-0.12703876
-0.25572556,-0.12692548,-0.17620732,-0.22264895,-0.17060435
-0.19172938,-0.24416372,-0.2390669,-0.20461042,-0.18520346
-0.23808724,-0.1967022,-0.1649166,-0.14362577,-0.16010734
-0.1772557,-0.17483224,-0.121038586,-0.18634568,-0.15636228
-0.12118695,-0.115389265,-0.2173458,-0.18290101,-0.20590788
-0.13826945,-0.1131035,-0.17516632,-0.23749946,-0.2323973
-0.18997926,-0.11577677,-0.15309964,-0.102661334,-0.14573504
-0.22865625,-0.21033315,-0.1804779,-0.12881036,-0.18254673
-0.1641507,-0.23985519,-0.17751391,-0.17707883,-0.14796346
-0.16842549,-0.122109056,-0.12012973,-0.18569398,-0.18370716
-0.20024642,-0.14637114,-0.14543118,-0.12906632,-0.152958
-0.16826007,-0.1431678,-0.16584644,-0.18952551,-0.24087596
-0.22722842,-0.13355236,-0.16365911,-0.24876435,-0.1852492
-0.19572611,-0.19644964,-0.12919918,-0.25018683,-0.22607087
-0.021724178,0.04279232,-0.018841112,-0.029379932,-0.17368673
0.004297039,0.018022528,0.03293433,0.03228539,-0.12888534
-0.14234981,-0.16110584,0.023860939,-0.03834874,0.0036536218
-0.19572045,-0.04250059,-0.022085767,0.034027383,0.016400179
0.04133085,-0.15409459,0.18641014,0.040193785,0.009432821
-0.15438843,-0.168026,-0.122615,-0.1326051,-0.12124751
-0.21613866,-0.18836813,-0.14205432,-0.14695409,-0.18138354
-0.1967793,-0.21383475,-0.11087494,-0.14926572,-0.17396314
-0.17156515,-0.20688462,-0.21790378,-0.13029999,-0.10998592
-0.18732923,-0.20737495,-0.11095863,-0.17122346,-0.11461399
-0.19907843,-0.17274864,-0.13299139,-0.15587845,-0.18304734
-0.14609239,-0.14718369,-0.21400665,-0.17865026,-0.20885803
-0.18325505,0.1661855,-0.017890526,-0.18995354,0.0241869
-0.17481205,-0.21818106,-0.16594177,-0.21727848,-0.030679941
-0.14577037,-0.13946366,-0.18728738,-0.200231,-0.15316038
-0.24850635,-0.17821857,-0.17525078,-0.18790567,-0.13389537
-0.19716172,-0.24042737,-0.22345048,-0.17653318,-0.10731463
-0.20488532,-0.19440338,-0.24759568,-0.1113054,-0.17181663
-0.23076773,-0.16188434,-0.15483424,-0.16480769,-0.1391592
-0.17089574,-0.16617677,-0.20155339,-0.11257793,-0.112438425
-0.15389565,-0.18287882,-0.14595303,-0.16100423,-0.19126317
-0.17826414,-0.17717417,-0.18185787,-0.18001793,-0.17304742
-0.250479,-0.14751753,-0.1766593,-0.16550358,-0.15810896
-0.18453413,-0.114880964,-0.16026878,-0.14588164,-0.20803456
-0.16453992,-0.12418327,-0.1592203,-0.11814917,-0.24485998
-0.13180712,-0.116085686,-0.17421201,-0.19279169,-0.18702386
-0.18680854,-0.13901904,-0.11792034,-0.20426036,-0.21493337
-0.16683193,-0.18187809,-0.14205377,-0.25001976,-0.24447252
-0.16544585,-0.1944986,-0.11148241,-0.2231413,-0.23053455
-0.13852791,-0.13256313,-0.11918941,-0.22896503,-0.21593802
-0.1785247,-0.18456285,-0.16860524,-0.14399475,-0.1685549
-0.21777268,-0.12830226,-0.13882631,-0.11859782,-0.12525196
-0.18159641,-0.2299732,-0.12372674,-0.18432704,-0.13079387
-0.23328404,-0.19509669,-0.18834883,-0.15091375,-0.18169373
-0.22803585,-0.11811612,-0.15373504,-0.16438687,-0.1679512
-0.17424628,-0.1585198,-0.15815508,-0.16370434,-0.13144708
-0.2509859,-0.17539853,-0.15495715,-0.1839502,-0.18658766
-0.19185746,-0.18695852,-0.11832185,-0.16893621,-0.20952801
-0.1837855,-0.19427861,-0.19179925,-0.14094448,-0.22475684
-0.19026273,-0.1353982,-0.14339927,-0.18959796,-0.16948046
-0.13636202,-0.11289502,-0.16718024,-0.107010074,-0.15270156
-0.18178502,-0.17930448,-0.16872115,-0.16904552,-0.12115081
-0.20775478,-0.18362756,-0.09779824,-0.13053901,-0.105056696
-0.20097584,-0.13639987,-0.10981526,-0.17286685,-0.10510069
-0.23538077,-0.20119536,-0.170678,-0.17227343,-0.17665835
