0.010963268,0.013825036,0.057794526,0.023910336,0.089213416
-0.007181763,0.0071540847,0.03607968,0.07386977,0.032756343
-0.01869444,-0.051123857,-0.15088432,-0.15346733,-0.085905164
-0.0814026,-0.08607456,-0.113396995,-0.010867962,0.0418801
0.030240271,0.008356537,0.006585397,0.010641698,0.023869477
0.024575349,0.09221715,0.14875428,0.1259107,0.07922697
-0.029542686,-0.0025413702,-0.016273439,-0.07994419,-0.06347194
-0.044903934,-0.07515615,-0.08673708,-0.09606025,-0.07234038
0.008563926,0.02108906,0.038072705,0.01872615,0.058556724
0.050922073,0.07341893,-0.015870258,0.013739255,-0.013433894
-0.037152357,-0.008061416,-0.06037035,0.046083666,0.019107873
-0.009147853,0.025170377,0.0005948212,0.0014020142,0.0019126453
-0.04901409,0.018321378,-0.05033451,-0.059612792,-0.0017053073
0.021875735,-0.04029509,-0.033754442,0.050608125,0.0031306087
0.03230473,0.02783009,0.05315942,0.057789292,-0.021878526
-0.032338288,0.0038836403,-0.000789758,0.023649134,-0.021879235
0.04158017,0.011861989,-0.0068368125,-0.039361216,-0.03260015
0.012581652,-0.020583779,-0.012567059,-0.02398022,-0.002368987
0.008532158,-0.033855084,-0.01634828,0.041400056,0.053038396
0.022623617,0.046220254,0.04358514,0.02244238,0.004928746
0.00976715,-0.006858584,0.028877761,0.035504073,0.016473113
-0.0030928492,0.037391227,-0.037866097,0.031405218,0.02960289
0.03321432,0.005581905,-0.02700434,0.039216,-0.010911318
0.01443243,0.028250147,-0.040373508,0.008629942,-0.0099960035
0.026354238,-0.032752745,0.026710277,0.033613723,0.031931214
0.04309274,0.021358145,-0.008849011,0.059479095,0.008710063
-0.008294282,-0.06072313,-0.052775703,-0.053401213,0.0362277
0.031025434,0.028073097,0.041458663,-0.00027639992,-0.0006601477
0.00021990295,0.0018334767,0.064853415,0.03399658,0.032926366
0.021028524,-0.029778335,-0.011335563,0.016024796,0.013957323
0.011290819,-0.017746506,-0.042036183,-0.021105994,0.029096423
-0.02062733,0.020961082,0.010402814,-0.020058459,0.025062636
-0.015586532,-0.0033374007,-0.02377979,-0.04943111,0.003196088
0.01333372,-0.02247259,0.029317046,-0.03829814,-0.04097017
-0.026119921,-0.011388036,0.00021755236,-0.0075044367,0.017994914
-0.024957394,0.040964197,0.036850654,0.052169323,0.0769363
0.013415795,-0.04824183,-0.059313554,-0.018119888,-0.032072507
-0.014036149,-0.053867,-0.027568886,-0.031682994,-0.031109137
0.00012985372,0.0035541814,-0.015595487,0.041088402,-0.019975264
0.044736754,-0.011661482,-0.03471643,8.116443e-05,0.016221315
0.03183671,0.012649743,0.0017280618,0.011487749,-0.00794132
0.0033519089,0.0054634297,0.04380522,0.026522204,-0.03728685
0.0069043464,-0.018893743,-0.0016814736,-0.03390188,0.015319139
-0.02885696,0.048535854,0.041148435,-0.019385666,-0.03707026
0.003063099,-0.008755544,0.018907476,-0.026238164,0.017472979
-0.03958815,-0.020132676,-0.02628475,0.020940617,0.012029705
-0.03942758,-0.0041559823,0.02526732,0.014735558,0.043678354
0.020250248,0.0067081423,0.010100239,0.017381372,-0.037082873
-0.02560707,-0.00029087075,0.033853885,-0.01936653,0.023780946
-0.020126816,-0.008586657,-0.034279365,0.055846646,0.05893306
0.003964838,0.045353424,0.086212635,0.08872956,0.06807226
-0.057745617,-0.05828019,-0.050020006,-0.0069838515,-0.06239697
-0.04027484,-0.031323835,-0.04567731,0.0054366714,0.026629156
-0.004610906,0.058648475,0.029313482,0.03653414,0.06400488
0.07094914,0.026543058,-0.012578126,-0.02346012,-0.011654158
0.026257895,0.02230864,-0.019746607,-0.042262897,-0.039137352
-0.014225129,0.00056141993,-0.020081392,-0.035364237,0.0047193663
-0.035491146,-0.03433615,-0.036346197,-0.012111422,0.039489016
0.0174574,-0.005293313,0.009211736,0.017802889,0.00026522265
-0.03612647,-0.027580714,-0.03041578,-0.0011291362,-0.04089214
0.00917777,0.073001705,0.17051141,0.14665334,0.08616965
-0.0022717563,-0.014335203,-0.0002387861,-0.05499792,-0.050061565
-0.044439808,-0.07079288,-0.108606346,-0.030878866,0.009003802
-0.00810714,0.061627753,0.037121218,0.01073553,0.0054885275
0.08485574,0.047247425,-0.022467436,-0.035858177,-0.00021535077
0.01395486,0.0008683007,-0.005903762,-0.01739623,-0.015867837
-0.023589985,0.0073248646,0.012563264,0.034248617,-0.010087555
0.0032017783,0.028905744,0.019454362,0.0057454724,0.013741421
0.0023194873,-0.03836586,0.0017245519,-0.009774153,0.040358692
0.040370665,0.0088730715,0.039974887,-0.023035413,0.03886909
0.038297232,-0.0044454155,-0.054414712,-0.037100825,-0.031010224
0.007421986,-0.027955102,0.020202778,-0.022921612,-0.015796287
-0.028358543,-0.0073262164,-0.039494105,-0.044987157,-0.0174648
0.018940365,0.029644694,-0.053636692,-0.0029656654,-0.03048866
-0.03914565,0.004931087,-0.0134475995,-0.031247484,-0.039691545
-0.023917684,0.039408404,0.0010614413,-0.03013296,-0.024633788
-0.03397735,-0.022192696,-0.010025659,0.057013787,0.039451882
-0.036008038,-0.0045237592,-0.06815308,-0.06806107,-0.017335884
-0.041068926,-0.025910987,-0.008793194,-0.045868147,-0.030833604
0.024037732,-0.046233725,0.03684896,-0.011589778,0.028708283
-0.030966511,-0.033767074,-0.0017381395,0.0057578743,0.020803655
0.031463273,-0.019093469,-0.03446931,-0.016693428,-0.021962604
-0.0063442797,-0.067972936,-0.044965595,0.040327553,-0.019704487
0.037262857,-0.00020407734,0.020398756,0.050951667,-0.0336
0.0017422758,0.012423996,0.015401837,-0.048696153,0.007073204
-0.014227429,0.04206371,0.08731966,0.035483535,0.011328349
-0.015841326,0.014171479,-0.011743646,-0.018274527,-0.04232444
-0.043950472,-0.0032403667,0.012141088,0.024978217,-0.034424808
0.04622099,0.018588446,0.06043266,0.052683126,0.00538394
0.0072395112,0.05562854,-0.021481523,0.014074519,-0.054671157
-0.0028519323,-0.009823152,0.025469074,0.07087752,-0.013136352
-0.060379703,-0.0037610761,-0.029483495,-0.05570723,-0.054387726
-0.042287987,-0.06817186,-0.014303188,-0.008339254,0.007662476
-0.018278169,-0.00010495036,0.053267844,0.06279583,0.017810166
0.018435165,0.068150826,0.027337048,-0.018462047,-0.03410778
-0.007184756,0.067091994,0.11273057,0.1426736,0.04981692
0.01869379,-0.03234864,-0.04927466,-0.07004212,-0.077527694
-0.07225447,-0.11568247,-0.062199347,0.0069894074,0.017007507
-0.023395471,0.072529264,0.051237922,0.07705766,0.04642599
0.0220293,0.041782137,0.05111266,0.0247766,-0.03748245
