-0.014109962,-0.007514096,-0.042364676,-0.012685377,0.0130176805
-0.014840211,0.024480805,-0.0012386367,0.030309912,0.014610945
-0.039214462,-0.04258892,0.0057475762,-0.0007020722,0.03875364
0.0037890559,-0.032202005,0.003960649,-0.040022414,-0.019927228
0.009585937,-0.001308424,-0.010085923,0.037370633,0.00013718868
0.033968654,0.0049842605,-0.01204509,-0.033962205,0.0041887783
0.017078646,-0.0040463973,-0.026779396,0.009380915,0.008437323
-0.036012907,0.008908682,-0.038607348,0.022370392,-0.035815284
-0.009383028,0.0021364097,0.004284202,-0.0058376193,-0.00054529024
-0.005006171,-0.021961143,0.037265413,0.030079998,0.04251052
-0.042485405,0.005280101,0.023331977,0.019814368,-0.039106593
-0.030843636,0.017811242,0.011504119,-0.044365134,-0.043097455
-0.0018204702,-0.027589057,-0.012601015,0.021513073,0.0093357125
0.026747236,-0.0370424,0.009551093,-0.040997244,-0.002776464
-0.033807147,-0.02685888,0.020788977,-0.0078092953,-0.0058883354
-0.022301089,-0.027155181,0.006530483,-0.021507034,0.037377395
0.015414099,0.031028636,0.0015546855,0.035517037,0.020811994
0.0137661705,0.04192334,0.008047574,-0.033133876,-0.034538973
0.040828437,0.013504082,-0.031733494,-0.038768727,0.040835775
-0.025472919,0.0034228296,0.042571805,0.021027315,0.020672409
0.026870666,-0.03576224,-0.035644628,-0.03501857,0.005032912
0.016275145,-0.009400453,0.016547276,0.021015553,0.024453685
-0.03799402,0.009759731,0.03475157,-0.040604364,-0.015678968
-0.007248891,-0.028442925,-0.014446429,-0.04394107,0.0047175772
-0.03608342,0.005877157,-0.04223971,-0.030332102,-0.006372603
-0.042805154,0.015000539,-0.013414739,0.032435857,-0.030793745
-0.003539655,0.016861554,-0.0050123027,-0.006817565,0.036424223
-0.0010902468,-0.037958853,0.01665752,-0.022870544,0.023321645
0.036874983,-0.023620706,-0.008412043,-0.020654539,-0.037179165
-0.0068489197,0.009412184,0.005088446,-0.037235707,-0.04057197
-0.038512304,-0.008274909,-0.04466878,0.015414615,-0.0091768345
-0.034626883,0.044426337,-0.008199811,-0.042053547,-0.025522739
-0.030227132,0.036901213,-0.027826121,0.0030472234,-0.006313996
-0.025996944,0.0004202552,0.04107663,-0.0068721087,-0.042698003
0.0297751,0.008670465,-0.034122083,0.038117185,0.009347798
0.03330578,0.033656213,-0.044243503,-0.030178286,0.03749911
-0.036320094,-0.02543379,0.030877847,0.008216408,0.007857356
0.028934155,0.040848844,0.038858913,0.03628636,-0.031507965
0.03609931,0.0010619586,-0.020112826,-0.006463153,-0.0019376923
-0.035677955,0.020286338,-0.04183593,-0.030248601,-0.015602727
0.035581622,0.0063369726,-0.03218357,-0.008691707,-0.018590817
0.015257833,0.0059206975,-0.03932512,0.038187448,-0.042138617
-0.0052450676,-0.004789772,0.005974624,-0.041506268,0.004427056
0.016181316,-0.020545654,0.0070179775,-0.026685057,0.034660146
-0.034209844,0.022468276,-0.013609579,-0.042265043,-0.009207316
-0.04472816,0.011295661,-0.014023466,0.014480029,-0.022704259
-0.025916552,0.0047372975,-0.03642453,-0.012285115,0.026613154
0.03392018,-0.009425307,0.016796855,-0.03976924,0.0071553197
0.026795946,0.012216334,-0.012818375,-0.030712796,-0.016521458
0.027405888,-0.030545875,-0.035142284,0.04110362,-0.03007937
-0.04085567,-0.024797648,0.0018939337,0.033416525,0.032156974
0.021262227,0.020150933,-0.0005200334,0.016850166,-0.01708783
-0.0024492266,-0.03469628,-0.0012487335,0.03486244,-0.025811993
0.012217889,0.025968432,0.022809027,0.04278294,0.022140972
-0.036113724,-0.017471613,-0.025826778,0.008804296,-0.0125375595
-0.0059190555,-0.034734413,0.040601544,-0.026429426,0.01170822
-0.038004246,0.0034696814,0.028979657,-0.0040424643,0.04119084
-0.036554746,0.034656234,0.018355343,-0.04146973,-0.027034821
-0.031050855,0.018636305,-0.030817987,-0.020554855,-0.04348092
0.007828379,0.0059227003,-0.017444126,0.015266291,-0.021617197
0.014915979,-0.030876368,-0.011993915,-0.04166534,0.0014936858
0.017300107,-0.026656762,-0.017305221,0.0048451493,0.018424563
-0.007594826,-0.0032936651,0.02579156,0.042064637,-0.014817525
0.007420423,0.036421638,-0.026518062,0.027982518,0.02673326
0.025544358,0.043520845,0.028489856,-0.018956853,-0.042805836
0.044036202,-0.014691478,-0.03789013,-0.02304522,0.025939519
0.010209179,0.0068928148,0.03650126,-0.035180695,-0.042148754
0.010888366,0.006518448,-0.023387413,-0.0418098,0.042591713
0.017021354,0.044056084,-0.037706282,-0.017635057,0.0118218595
-0.007034407,-0.024183957,0.040224124,-0.0037268319,-0.040090706
-0.038772464,-0.03121798,0.025061853,0.031080045,-0.04177284
-0.03925213,-0.02373473,0.031808786,-0.005505989,0.020351859
-0.03822862,0.023911849,0.017011346,0.00021913694,-0.037376843
0.007709507,0.0033510583,-0.007110305,0.038187794,-0.038075686
-0.030542111,-0.01632509,-0.02664271,0.039468843,-0.014308321
-0.0064904536,-0.038434613,-0.042057525,-0.029867824,-0.02360936
-0.025721647,0.0045032487,-0.018184803,0.013927037,0.024246763
0.035244167,-0.040022727,-0.014616912,0.0013225586,0.013262144
0.020425111,-0.033208095,-0.014007516,-0.018914752,0.025490073
0.039145775,0.035203524,-0.027876658,0.033769023,0.030471552
-0.039506357,-0.020272134,-0.008279031,-0.018790206,0.031212121
-0.00912827,0.03170666,0.024432542,-0.02878652,0.041614212
-0.01759068,0.016628392,0.0055344575,0.0048802346,-0.038035344
0.016991984,-0.019822821,0.0057012434,-0.043359797,0.0027207895
0.017191494,0.021167338,0.015004407,0.027647609,-0.028700314
0.02204585,0.011232815,-0.017670963,0.03302878,-0.024763893
-0.013868425,-0.02486059,0.027493082,0.016215272,0.017245946
-0.03783026,0.012305683,-0.04112138,-0.008231544,0.029806983
-0.040920306,0.029269775,0.0028028432,-0.012470187,-0.039638214
-0.011562113,0.011272543,-0.0076179146,-0.017639061,0.012461639
0.034943104,-0.029147413,-0.0073780157,-0.01529814,0.040119637
0.00442886,0.013826222,0.043540295,0.035985474,-0.020185558
0.012428703,0.02814362,-0.018373143,0.029205458,-0.017899187
0.001758679,-0.036352605,-0.030069396,0.011253548,-0.0019496706
0.041955106,-0.03848111,0.024473732,-0.020991758,0.042416282
-0.03206769,0.028491186,-0.041907597,0.02406806,0.03498502
0.0072793067,0.023931155,-0.00077675295,0.026308052,-0.0041215844
-0.034587,-0.010040397,-0.00508746,0.005481112,-0.037962098
-0.032501716,-0.013017128,-0.041252352,-0.042890824,0.041398793
-0.008609901,-0.030535446,-0.040885236,0.020711763,-0.03936446
