0.008834796,0.0020099857,0.010440392,-0.029378656,-0.021258408
-0.01911107,-0.06164592,-0.038774308,0.03149523,-0.01656645
0.0009000222,-0.080485374,-0.029535439,0.066711485,-0.023855248
0.024757886,-0.06814241,0.036532238,0.033376314,0.030432042
-0.025694368,-0.0048489086,-0.021417383,0.019718647,0.007650338
-0.06454238,0.018897967,0.0768793,0.06504891,-0.03915937
-0.018079126,-0.056724947,0.13935365,0.12817448,-0.02469655
-0.051134866,-0.036556933,0.079220176,0.1435437,-0.053375784
0.00018190275,-0.03741692,0.12167409,0.08589302,-0.034762293
-0.00803863,0.03777261,0.10001031,-0.0010690786,0.031151665
0.0526555,-0.07229733,0.012827286,0.046164565,0.010817037
-0.025507279,-0.030061997,-0.062319625,-0.021032784,-0.028482875
-0.01592337,-0.05169834,-0.044076346,0.0536837,-0.002034846
0.013396199,-0.080073744,-0.06184243,0.05156766,0.013835172
-0.019434115,-0.08610632,-0.007864154,0.04046338,-0.011697762
-0.010234534,0.0028502967,0.08885612,0.07022327,0.010197947
-0.033422936,0.0021855521,-0.0039623477,0.04006574,-0.02521743
-0.072101876,-0.049633104,0.010547082,-0.05091051,0.006415824
-0.04112419,0.017375996,0.048043642,0.044490814,-0.02618614
0.02507375,0.017265415,0.05150788,0.08084721,-0.0007018427
0.00080005644,-0.03489657,-0.043505624,0.03766327,0.032172978
-0.03447181,-0.0421124,-0.03141823,-0.01363619,-0.029558318
-0.04442333,0.008041425,-0.004024514,-0.02773986,0.042249
-0.060299367,0.019373637,0.012089482,0.0010889538,-0.032140814
0.007871473,-0.021850942,-0.01810842,0.040272392,-0.022372084
0.026740907,-0.033340737,-0.07012457,0.027910538,0.0035434985
0.07545829,-0.030237941,-0.09772286,0.014616064,-0.012255795
0.07407775,-0.08195284,-0.115828626,0.055183936,0.09351932
0.044281077,-0.09837744,-0.034187593,0.019989494,0.052851453
-0.013840321,-0.03449643,-0.048575226,-0.053601567,0.011037443
0.028383575,0.046977453,-0.00039393338,-0.000847536,0.03238699
-0.03576736,-0.004736717,0.017096445,-0.014482122,0.00092422264
-0.013839389,0.027878482,0.025928438,-0.013741975,0.0047663976
0.0288579,0.04372139,-0.0058761355,-0.0398941,-0.016615802
-0.011047263,0.036854293,-0.00039093714,0.0073080556,-0.033933956
0.034483027,-0.025598824,-0.045752067,0.038838707,0.05144162
0.05853278,0.051834434,-0.036721088,-0.003318819,0.013942115
0.06067991,-0.009310396,0.014299656,-0.004940099,0.057200134
0.05444958,-0.00067713525,-0.015663391,-0.012059279,0.034569986
-0.01469703,0.043921888,0.01811384,-0.0271976,-0.02614961
-0.006159425,-0.017689314,-0.015055735,0.043751307,0.050739072
0.023947798,-0.012350657,-0.018021345,0.045435,0.036405753
-0.0022076122,-0.042659838,-0.09130379,0.040001374,0.015070272
0.08177733,-0.025115812,0.018991249,0.08092709,0.010748099
-0.006644892,0.009004159,-0.053000208,0.01116239,0.04969195
0.0017193716,2.3458982e-05,-0.041621033,0.006663422,-0.030846942
0.0010254523,0.043906786,-0.04685914,0.0015456792,0.01453526
0.051080115,0.03621523,-0.065365344,0.041138917,0.04967755
0.033926092,-0.026348518,-0.03467669,0.030576503,0.06460345
-0.008437229,0.021526322,0.0058844737,-0.0024881922,-0.009869545
-0.042835765,-0.047927964,-0.020428399,-0.014872998,-0.038681872
-0.021729894,-0.006188152,0.0056692297,0.022552455,0.031842638
-0.045024276,0.007816174,0.017751025,-0.026403919,-0.05030602
-0.056614496,-0.026915278,0.0007150586,0.025379624,-0.0068746167
0.006204294,-0.04637081,-0.05437382,0.042290114,0.021375079
0.050942816,0.06802859,-0.03029593,-0.037529953,0.0034768868
0.05781665,0.081294194,-0.02742733,-0.01693929,0.000702328
0.06351631,0.008453838,-0.005035523,-0.03873271,0.06784052
0.05220738,0.026353829,-0.055252545,0.014047434,0.015936475
0.018600404,0.07885852,-0.00018294991,0.04841296,-0.010118408
-0.021938726,-0.021489331,0.021030553,0.022587692,0.037353706
-0.056278326,0.011092367,0.0038152263,0.05212957,-0.0041360417
-0.05863732,-0.022933971,-0.0054385797,0.025648376,-0.038853467
-0.044744376,-0.06634497,-0.0036504257,-0.011165393,-0.032572225
-0.06320564,-0.05169177,0.0029358733,-0.0146725755,-0.019027356
-0.014202744,-0.04392603,0.023071488,0.04944844,0.015833488
-0.02660637,-0.031219756,0.076976374,0.053225983,-0.0041031674
-0.038267657,-0.031232277,0.07569466,0.0039104517,0.031776186
-0.015922794,0.026648909,0.04133065,-0.020729044,-0.01647431
0.03013464,0.03174031,-0.0020741802,-0.018399933,0.004064072
-0.027226947,0.009009777,0.010117529,-0.045571957,-0.021182554
-0.03441327,-0.030060967,-0.0711554,0.014431999,-0.034425274
-0.051181648,-0.013468882,-0.029125001,-0.04281305,-0.011083104
0.016720956,0.0050838105,-0.03504912,0.0017009134,-0.051096763
-0.016258307,-0.041540813,0.015158284,0.00048118876,-0.018667733
0.027747694,0.040917415,0.03419892,-0.046530414,-0.01588674
0.023177877,0.091796406,0.06314322,0.025867354,0.03695661
0.029878512,0.1121888,0.03445517,-0.05007391,0.017551363
0.08425,0.09788372,-0.04656253,-0.03719471,-0.0056663253
0.034054622,0.012542606,-0.0290604,0.01478247,0.015016447
-0.026826564,-0.016358845,-0.027451381,-0.041768603,-0.03060553
-0.04779292,-0.013043998,-0.075265445,0.0038759764,0.03290129
-0.064781025,-0.05500684,-0.086869575,-0.0015145293,-0.0182099
-0.0055821855,-0.08157559,-0.075624555,0.03596989,0.011964466
-0.010392522,0.015123322,-0.042926926,0.05049686,0.010312623
-0.061628338,-0.047092766,0.0061192107,0.07061652,-0.0039587356
-0.073530175,-0.009309583,-0.023528758,0.030248247,0.00023800462
-0.023368923,-0.10368728,0.0016507898,0.027490763,-0.005744114
-0.055327654,-0.042092253,0.059343144,0.10883966,-0.013398045
-0.03054546,-0.021173168,0.102064416,0.07983721,0.025617125
-0.04191261,-0.013456093,0.024371086,0.020474585,-0.0070923218
-0.048774723,0.019715479,0.018811382,0.029069705,-0.011686862
-0.033035178,0.08423021,0.031296425,-0.015949117,-0.029937042
0.012960631,0.0689593,0.055885278,-0.05432314,-0.0401029
0.047160614,-0.0018150029,-0.011556944,0.0016066367,-0.02214079
0.007612864,-0.02077101,-0.0020132265,-0.00043939223,-0.006549279
0.010797832,-0.072444655,-0.070084125,0.03470878,0.05741109
-0.027888557,-0.05439991,0.0019139313,0.06857624,-0.018717287
-0.0017879395,-0.07324085,-0.004397659,-0.059658274,-0.011842051
-0.0053603384,-0.06921009,-0.053119283,-0.0106532555,-0.027975619
