0.030739501,0.0031638574,0.035021026,-0.006397455,0.028696828
0.026649827,-0.02361438,-0.007908282,-0.033750195,0.0077433
0.009499077,0.045368806,0.014782722,-0.011415606,-0.03617865
0.019612465,0.013922676,-0.038432736,0.0028990158,-0.026863456
-0.015469744,0.028560732,-0.018326094,-0.030002303,-0.03703995
0.0008469559,-0.014330565,-0.038634945,-0.012811794,0.038619764
-0.049239583,-0.02528653,-0.013474934,0.021234026,0.0038864065
0.010507415,-0.030887939,0.006744176,0.0040898467,-0.022927217
-0.033727106,0.032944225,-0.011348143,0.029701583,-0.022362111
0.007822277,0.022615783,0.0005913337,0.014673882,-0.040840153
-0.030558256,-0.033183794,0.012110609,-0.00040518207,0.020953454
0.056273695,0.015519822,-0.024636121,0.011112062,0.03360558
0.05678992,-0.013279961,0.04780851,0.02131915,0.026509296
-0.036677383,0.008624548,-0.01629068,0.03108946,-0.024536533
0.0069803433,-0.0036050256,0.011262354,0.008847005,0.0065806117
0.03113433,-0.049067985,0.003127166,0.0015592965,-0.022484152
-0.03627774,-0.015088128,-0.029017242,-0.010567895,-0.020201955
-0.015655985,0.02613258,0.05231082,-0.02653182,-0.056339066
0.015792439,-0.022918917,-0.011876488,-0.022432923,0.027552128
0.011533364,-0.01404339,-0.030837294,0.033512484,0.0049323034
0.03214489,0.03025974,-0.0038727622,0.004737913,-0.044998
0.012746505,0.0307729,-0.03784836,-0.04736415,-0.018510945
-0.040462106,-0.031411845,-0.0053039184,-0.018496567,0.027449764
0.0047868625,-0.023849165,0.015219138,-0.04132472,0.023110028
-0.001788293,-0.036270652,-0.051446766,-0.043972164,-0.012397068
0.038572636,0.04519389,-0.0026225864,0.0634215,0.06758996
0.06417294,0.06745115,0.030020347,0.10791046,0.018639108
0.0030281644,0.035503425,0.016219959,0.05010674,0.028747825
-0.05587651,-0.06012039,-0.06597216,-0.018519277,-0.026786717
-0.07372066,-0.078945376,-0.061769858,0.014038257,-0.02413522
0.006806911,0.016913913,0.01571151,0.016365457,-0.013841967
-0.03657885,0.029972002,-0.022018794,0.0053984257,-0.028990943
-0.055100527,-0.0130577665,-0.057332378,-0.057873443,0.0044181286
-0.005380579,-0.025218027,-0.035129905,-0.029366054,0.010535346
0.053729348,0.017646441,-0.035200495,-0.037337832,0.03156481
0.0029222416,-0.03990296,-0.038967866,0.009714629,-0.032064985
-0.006156968,0.013853225,-0.0036210893,0.036187373,0.03610655
-0.0302323,-0.01388725,-0.024501866,0.00696138,-0.0045585544
-0.017150156,-0.033180006,-0.03695925,-0.015446905,-0.011823874
-0.020911995,-0.03635609,-0.015009277,0.0376786,-0.034426007
-0.012598218,-0.022309145,-0.049022358,0.008354872,0.023957662
0.05578374,-0.027219191,0.029929431,0.033951942,0.007164278
-0.014159995,0.035489894,9.2377755e-05,0.05650005,0.058243383
0.04952876,0.004102055,-0.03677278,0.015428112,-0.023356497
-0.045513485,-0.044361286,-0.022893406,0.0450431,0.010902102
-0.013605284,-0.00416017,-0.00528207,-0.024413547,0.04050416
0.061402008,0.0043868846,0.0017708325,-0.03145054,0.034376223
0.012683765,0.026671302,-0.032579236,-0.06289248,0.02894716
-0.032750163,-0.027551034,0.00066601526,0.011241235,0.03875528
-0.025477456,-0.024141947,-0.003955406,0.044740885,0.049687132
0.02479219,-0.032868087,0.03419908,-0.02468998,-0.031418156
0.017366566,-0.0081330845,0.0171408,-0.051206402,-0.02013018
0.011332156,0.03518797,-0.032396328,0.026256034,0.031140696
0.03877916,0.0014997743,0.02411527,-0.033086352,-0.014536429
0.039401494,-0.0002856544,0.014622797,-0.031865865,-0.044326577
0.019340524,0.013154082,-0.042681046,0.017393157,-0.03321751
-0.0076646823,-0.047961526,-0.0410612,-0.064366594,-0.008109067
-0.01574531,-0.006743513,-0.019484337,0.009683502,0.02834707
0.027947236,0.00088057615,-0.009711272,0.05865457,0.03527625
0.053231724,0.046110157,-0.05359589,0.035970677,0.0070888717
-0.016895408,0.009148557,0.00736665,-0.020700488,0.03305051
0.04600942,-0.027169367,0.0056194956,0.0016976862,-0.0072459253
0.039861206,-0.022015745,-0.0008308412,-0.0500202,-0.04552562
-0.014394747,-0.00022541577,-0.050327778,-0.06416764,-0.052535366
0.03837056,-0.030625708,-0.003074772,0.020503247,-0.013626655
0.037294604,0.027939407,-0.002205793,0.047239967,-0.032258388
0.026797097,-0.052623827,0.0010035993,-0.012868904,0.023217876
-0.025635278,-0.009882848,0.035413433,0.0007134357,-0.013760991
-0.050132994,-0.0039624684,0.000870615,0.0014493134,-0.024581665
-0.028271846,0.036672518,0.032712657,-0.034748483,0.011285859
0.011879341,0.003403602,0.04974927,-0.00390551,-0.017004272
-0.042640246,-0.032494776,-0.044316493,0.00077100954,-0.004335087
-0.034318566,-0.035986334,-0.034328476,-0.004310478,0.009841245
0.021005515,-0.002391435,-6.3796004e-05,-0.012062449,0.023628745
0.0011458914,-0.01359273,0.039882045,-0.033743445,0.039959867
-0.026310213,-0.024152804,0.04468971,0.010191434,0.028673936
-0.032100137,0.016270593,-0.060974244,-0.06560275,0.017738795
-0.05846572,-0.004434122,-0.041991465,-0.0131766815,0.01039508
-0.0067561,-0.008698859,-0.023417035,0.025501529,-0.013318191
0.058307257,0.004844701,-0.04956174,0.016755713,0.025000282
-0.018163074,0.011454459,-0.012992816,0.026623037,-0.05228155
0.030502195,-0.0012949257,-0.021089597,-0.03322602,-0.013064591
-0.009608469,0.05684537,0.0024734335,-0.04008663,-0.01141818
-0.028622601,0.016827175,0.014634508,-0.0090719825,-0.028115653
0.028215682,0.006304175,0.009776942,0.013192999,-0.019557409
-0.013832166,-0.009453893,-0.03912541,-0.026975354,-0.026997559
-0.014870069,0.034209043,0.011929207,-0.035305433,-0.015867073
0.05304275,-0.0066084536,0.05121073,-0.008735873,0.02433573
-0.02219798,0.05109166,0.00084437756,0.058197416,-0.03832073
0.009902667,0.024761138,0.015934493,-0.018878935,-0.014737117
-0.018524073,0.025375938,-0.0052397177,-0.03324523,7.7671684e-05
-0.0012257315,-0.061897837,0.007933909,-0.048458837,0.023524297
-0.051180243,-0.028969742,-0.034868978,-0.044919763,-0.05703731
0.016036652,-0.038405262,0.017468039,-0.014366707,-0.026898231
0.029716747,0.024349194,-0.0036545184,-0.042137075,0.040733088
-0.038076136,-0.027344013,0.005166121,-0.014776832,0.023932347
0.032675833,0.043731894,0.04013229,0.0044265254,-0.0020278657
0.018437814,-0.0017054586,-0.006668282,-0.004184695,0.00048913393
0.018120838,-0.0013725046,-0.004377099,-0.04548667,-0.012403909
-0.0405949,-0.0019748968,-0.027846811,0.010364216,-0.029660646
