0.03683515,-0.02678736,-0.025714198,-0.027280929,-0.027039092
-0.0300383,0.024558865,0.00651099,0.046511706,0.040936265
-0.03151954,-0.023544902,0.04675072,0.06056569,0.022834903
0.04368612,-0.011670963,-0.001221822,0.03073229,0.040118594
0.015907928,-0.021081716,-0.008820991,0.04590963,0.00042106863
-0.035383113,-0.04055426,-0.032084305,0.011353472,-0.008314305
-0.0056813643,-0.013193673,-0.028306521,-0.07019519,0.008293132
-0.008337929,0.027716244,-0.050680865,-0.019568548,-0.0016283547
0.018955119,0.0016087703,-0.01355206,-0.007046344,-0.048206426
0.009089545,-0.04885133,0.003938207,0.00051765976,-0.0020423927
0.048759818,-0.007797745,0.01023084,0.06577499,0.018841011
-0.01380851,-0.03502303,-0.032550734,-0.049685538,-0.01864187
-0.05362072,-0.06795533,-0.04066919,0.025359241,0.014198935
-0.034468304,0.0009747752,-0.0037464658,0.02808246,0.009961224
0.016509876,-0.010877471,0.018455744,-0.04303934,-0.011622852
-0.049649138,-0.042691078,0.0027842312,-0.014288759,-0.009317752
0.0026376664,0.0099632535,-0.013167431,0.019286815,-0.028229257
-0.014677912,-0.0069647566,-0.010050066,0.010374212,-0.04997308
0.023273481,0.011871961,-0.00028088287,0.0172521,-0.023604132
-0.0023018415,0.029255493,-0.026174556,0.031527605,-0.002391222
-0.04214122,0.030888034,-0.015549884,-0.007561479,0.030474167
0.008237615,0.033965223,0.009417684,0.015110681,0.00757479
0.036543544,-0.021142306,-0.0030437806,0.021409802,-0.023525415
0.017287398,-0.008760412,0.0045712567,0.012116827,0.0457766
0.005049638,0.034125518,0.033160973,0.04535265,0.026476545
0.08199443,0.073808424,0.11188148,0.037849724,-0.051484134
0.011500633,-0.017142799,-0.025211146,0.016057352,-0.038057283
0.01602584,-0.016614152,-0.056549136,-0.030454185,-0.04182629
-0.029878324,0.029274445,0.029578548,-0.04429571,-0.053086467
0.010531509,-0.031708073,-0.010861683,0.022377962,-0.020961013
-0.038295213,0.031923153,-0.026721062,0.05452794,-0.006474829
0.055077963,0.054155517,0.067240894,0.043352988,0.021954793
0.018422404,-0.009754514,-0.043166745,-0.009500124,0.0016945117
-0.005218574,-0.012094109,-0.03601734,-0.010432538,0.058906257
-0.0349136,0.026749814,-0.03654733,0.049615126,0.00083715393
0.02182158,0.03038686,-0.037610367,0.01740292,0.012317234
0.005976959,0.0072733085,-0.010552709,0.009797086,-0.059193056
0.015394907,-0.006650538,-0.007105229,-0.036450252,0.016510492
0.037049614,-0.0010080268,-0.024238601,-0.017080741,0.032066204
-0.019545062,0.031829927,-0.0020070337,-0.010694615,0.0001757194
0.008643415,0.04449302,0.011277589,0.03266097,-0.038384493
0.045260742,-0.0053178724,0.048490275,-0.020064367,-0.015355296
-0.033411585,-0.00023417991,-0.03915503,-0.039226335,0.0036208297
0.0311052,-0.02048056,0.0025214914,0.0036825228,-0.03534441
0.009223585,0.037304603,-0.045620542,-0.044215914,-0.009345881
0.038512856,0.038206253,-0.0016276959,-0.03633735,-0.036481474
0.007734339,-0.064955175,-0.0031558543,0.017465416,0.0038248112
-0.03510554,-0.012227802,0.04396062,0.065895736,0.043751653
0.01133503,0.0061844843,0.041640047,-0.037201483,-0.03119351
-0.027398663,-0.0071416907,0.027258608,-0.03789922,0.02942238
0.02094897,0.012475726,0.0386319,0.0476292,0.014050658
-0.019853618,0.037206773,0.028221464,-0.022771528,0.028628867
-0.017963272,-0.04181705,-0.010762864,0.0314973,0.028802356
0.031094592,-0.0059753004,-0.008265703,-0.013536756,0.028225536
0.00022012404,0.051569775,0.023846895,-0.028956156,0.0072851516
-0.02998752,-0.038491767,-0.020034956,0.07339585,0.06156659
0.04570508,0.055031918,0.04196135,0.032065906,-0.0338418
-0.019496026,-0.020250432,-0.026115991,-0.06423558,-0.026616653
0.029040148,-0.037736967,-0.02178849,-0.021938624,0.043207612
-0.036091167,0.03646508,-0.023061065,-0.014646208,-0.029622035
0.03962329,0.0093980115,-0.017405555,-0.017230311,-0.0018663739
-0.008201267,0.009960942,0.0083696395,-0.0033167084,0.009006597
0.02407333,-0.01609595,0.020826967,0.053904947,0.008001934
0.043255575,-0.02029617,0.018784694,-0.030981194,-0.02306209
-0.028693298,-0.031504773,0.0423911,-0.02414414,0.040031463
-0.0396154,0.015569982,-0.040317114,-0.058643218,-0.023328323
-0.007735774,-0.050569907,-0.024564875,0.023792027,0.025537144
-0.03742233,-0.00022172254,0.028411303,-0.05174407,0.0034665873
-0.042224452,-0.056013156,0.024395535,-0.03705179,-0.017086383
0.018010126,0.0027586338,-0.050256804,0.022487808,-0.008009041
0.04009415,-0.036618825,-0.031134117,0.022134826,-0.0024982537
0.008450605,-0.046924878,0.018788086,0.025048325,0.044675454
0.067543425,0.05691655,0.037745964,0.06770557,0.01607339
-0.0049312008,0.02820496,0.016120715,-0.03790233,-0.027782658
-0.055770114,0.008404199,0.013918324,0.054380868,0.032555256
-0.057264548,-0.031060621,-0.033019524,0.019064521,0.03534008
-0.023976494,-0.016953724,0.04582417,-0.014837015,-0.064151935
-0.017938206,0.005288851,-0.043759875,-0.01763403,-0.0113004325
-0.043847658,-0.03649792,-0.059697118,-0.017879648,0.023506647
0.016041331,-0.033979084,0.0034561737,-0.00092602556,0.035062306
0.022724245,0.011645145,-0.026311079,0.07831654,0.023935763
0.072237685,0.06575584,0.09657704,0.081248134,0.0017372544
0.00040382348,0.04083207,-0.032790992,0.023972092,0.0058234194
0.016344402,0.013400787,0.014979242,0.07149753,0.048111882
0.045868907,0.0355897,-0.010623433,-0.018235397,0.00652727
-0.047084585,-0.012412535,0.014835436,-0.010889013,0.010284789
0.050879102,0.0049413666,0.04306477,-0.01749766,-0.02912791
-0.025213202,0.0014357835,-0.02722782,-0.045824163,-0.047322415
-0.021716285,0.02917661,0.028004536,0.038591243,0.01940504
-0.021437753,0.027286803,-0.049174767,-0.024351781,-0.023458784
-0.04545753,-0.035224076,-0.0017668343,0.02816369,0.0045581735
-0.010983357,-0.028254833,0.010302856,0.04393033,-0.029687779
-0.03820789,0.019888239,-0.021874638,-0.005511688,0.003866652
0.012451233,-0.008283369,-0.023470307,-0.034437217,0.022831183
0.022463236,-0.015368271,0.009602011,-0.0008455076,0.04148961
-0.00074156316,0.025182141,-0.008985382,0.006231411,-0.00428635
-0.029950557,-0.028680691,0.0076071606,-0.026809907,0.043589104
-0.022426113,0.048272815,0.08852689,0.10638581,0.07657763
-0.0010956764,0.01548934,-0.008131722,0.02324988,0.013897783
0.011507622,-0.022873165,-0.037358325,0.04364437,0.038254958
