-0.0065073743,-0.025944702,0.04970687,0.037830036,-0.020199094
-0.06017273,-0.048921157,0.027509304,0.060476568,-0.046471965
-0.0045990595,0.08397225,0.05743277,0.032128643,-0.012529706
0.0408714,-0.0013907191,-0.014916229,0.008466328,0.004492445
0.047948085,-0.02910278,0.0019292401,-0.04131077,-0.066189386
-0.053001326,-0.04260477,0.02649212,0.018915763,0.020108368
0.0014204821,0.021198647,0.037773237,0.02535839,-0.044154454
-0.0010106242,-0.016319122,-0.012056509,0.013580306,0.037039164
0.042856056,-0.011541081,0.0050950623,0.017004408,-0.012317369
-0.033381548,-0.0042953733,0.0054924237,-0.014075154,0.0044542328
0.024810258,-0.045680422,0.03342616,-0.031843457,-0.025512964
-0.0047864574,0.009646996,0.059389137,0.030155767,-0.0187056
0.054372925,0.0041497783,0.020887343,0.0061522624,0.03530762
0.0857964,0.032759022,-0.029768439,0.031203251,0.028487828
0.008127534,0.021113383,0.00071509485,-0.008035489,0.003423863
-0.0056433226,-0.016341222,0.010099324,0.00085846,-0.031576246
-0.042087946,0.039946113,0.0019612631,-0.005154197,0.03814575
0.059427194,0.05369411,0.028223412,0.02004635,-0.028608292
0.07237099,-0.034318488,-0.040519707,-0.021013156,0.036773868
0.022192784,-1.8767518e-05,0.018048055,-0.053055603,-0.056446973
0.015040942,-0.011705606,0.019896934,-0.034235243,0.04148628
-0.039424058,0.01887871,0.019034028,-0.028105954,0.03769152
0.018775813,-0.024367245,-0.024387067,0.031785313,-0.011990877
-0.0026404106,0.016207872,0.019495517,-0.023221586,0.033483177
0.009633824,0.012684763,-0.01908278,0.022406057,-0.003437992
0.015615243,0.015524165,0.03445551,-0.0072830343,0.027087782
0.04686842,0.034341276,0.0012823038,-0.033444542,-0.019034559
0.045294043,-0.02149603,-0.028185148,0.01728945,-0.023460396
-0.031860553,-0.0005973963,0.014078762,-0.042637818,-0.000411099
-0.044665784,0.012010621,0.017670803,0.005436695,0.033834342
-0.010622084,-0.019370005,0.012718037,0.012625119,-0.020521589
-0.03177191,-0.016108872,0.0151579715,0.017785503,-0.020790063
0.039202377,-0.033338126,-0.0036422512,0.0093483925,-0.03276416
0.04198413,-0.022184445,0.025649758,0.0018973993,-0.025802312
0.042043317,-0.0040626307,0.010155862,0.043584093,-0.041667193
0.017944591,-0.020838998,-0.02313538,0.025053728,-0.01843274
-0.045187566,-0.016240777,0.037186306,0.025970303,-0.005184769
0.028132997,0.019375436,-0.018695325,0.0095170615,0.02637561
0.0051313676,0.005057619,0.041841898,-0.022055862,0.027902942
0.046696585,0.029301424,0.005381712,-4.1053394e-05,-0.008150886
-0.043725967,-0.018846937,-0.027504075,-0.010669706,-0.02518555
-0.0163399,-0.03421352,-0.03601169,0.011323469,0.041537646
-0.021188326,-0.030755972,-0.015196721,-0.020140108,-0.044587847
0.037618212,0.029859148,0.030727495,-0.020804577,-0.028586874
0.044765286,-0.028079221,-0.03627082,-0.03547076,0.014857435
-0.0025713418,-0.02912146,0.03021592,-0.03169832,-0.0030971922
0.03174507,0.019420901,0.038940325,-0.0010751564,0.020499442
-0.0069348062,0.0099030305,-0.013811487,0.03404341,0.0110656
0.011704324,0.012692064,0.025804011,-0.042031668,0.043273468
0.04347177,0.029862782,-0.0034420162,-0.04479544,-0.012355078
-0.05052307,-0.026710922,0.029127069,-0.009481164,0.04148181
-0.02205748,-0.016021581,-0.032030497,0.013448312,0.0120255565
0.040180955,0.05883734,0.034917716,-0.046848673,-0.0051095868
0.04735787,0.026455862,0.010069367,-0.024236081,-0.046036873
0.037615564,-0.020343436,0.012839207,-0.01965417,-0.025820803
0.015925748,0.041377272,-0.010621246,0.0193724,0.018005501
-0.00715155,0.0088930195,0.014852555,0.039928187,-0.016881714
0.034398988,-0.0028997334,0.017636964,-0.036254477,0.030056927
0.03769696,0.010417499,0.0013884503,0.011667437,-0.035322793
-0.038568165,0.0333223,-0.040198307,-0.010030043,-0.027388781
-0.07332927,-0.03445304,0.00631735,-0.022523854,-0.04340789
-0.05294449,-0.0006058989,-0.007116223,0.043248575,-0.037958294
-0.020923978,-0.011566777,0.05250027,0.051471878,-0.00538194
-0.020643558,0.0116559435,0.00564428,-0.0051376075,-0.036811218
0.0071116593,0.01145537,0.01604111,-0.043842997,-0.033550125
0.022446554,0.029434731,0.02422682,-0.01084936,0.010197535
-0.015309747,0.037982102,0.025403485,-0.040355973,0.021723697
0.043900773,0.011956168,-0.035467613,0.028772091,0.002396098
-0.011998743,0.01951793,0.034723625,0.020295275,-0.035260856
0.018663693,-0.027595297,-0.04177123,-0.022181276,0.023526262
0.02227761,8.372375e-05,0.021150919,-0.040525407,-0.02391569
-0.038169175,-0.047096193,-0.026677636,-0.027080776,-0.037923135
-0.011229315,-0.02729799,0.01120249,-0.00080394273,3.742362e-05
-0.033585824,-0.018277956,-0.03577005,0.03222813,0.005874846
-0.020444557,-0.01283496,-0.0016442063,-0.03047599,0.037973635
0.028703097,0.025335299,0.0071325167,0.013143434,0.01011392
-0.00684617,0.0037061945,-0.04343934,0.009984706,0.018843703
0.01704775,0.014597173,0.049301613,-0.021521637,0.0019150047
-0.03226928,0.046899624,0.003067333,-0.042915523,0.02255639
0.0067089023,-0.010618302,0.040071715,-0.030622976,-0.032804072
-0.01862543,0.011529353,-0.029047914,0.006181495,-0.042898778
-0.014315653,-0.020603979,-0.03131742,0.0026244326,0.015852354
-0.0032129842,-0.018360099,-0.009614745,-0.042267162,-0.04852229
-0.03440112,-0.046192005,-0.0028347147,0.027778946,0.025604215
-0.040837284,0.022031182,0.03499459,-0.019266417,-0.020232193
-0.05920174,-0.0036509894,-0.011044932,0.009491773,-0.04550985
0.0060131196,0.023110704,-0.013806812,-0.011331516,0.045051925
0.041432336,-0.032134548,-0.025647713,0.021038322,0.019237319
-0.03986618,-0.0362672,-0.021081546,-0.011673308,-0.0070753074
0.005079023,-0.021031588,-0.03038825,0.014592619,-0.049793325
-0.032627303,-0.040803503,-0.020668881,0.020084115,-0.0030989214
0.05180854,0.08400486,-0.015870223,-0.03146741,0.01263859
0.029859448,-0.018998507,-0.029853016,-0.030709261,-0.00034843571
0.038253773,0.020838471,0.024582656,-0.03415421,0.019813856
-0.034491714,-0.0520433,-0.030826047,0.0013453414,-0.01506751
-0.06352016,-0.0019347798,0.006043513,0.04362391,-0.03144014
-0.040052507,0.03895866,0.011355013,-0.010361805,-0.009654845
0.09679982,0.0308051,-0.04546689,-0.028782088,-0.0021080163
0.049684267,0.0005277518,-0.05230803,-7.877642e-05,0.017502444
-0.024992863,0.013205831,0.0277748,0.020204403,-0.019596415
