-0.0349217,-0.03660179,-0.028929727,-0.012774377,-0.043718785
-0.021078877,-0.007409658,0.00045358978,-0.017579796,-0.0066618575
-0.034978803,-0.012922471,0.04044961,0.017214373,0.021141848
0.004189672,-0.018192034,-0.0013957366,-0.030646885,-0.049121972
0.045989554,-0.024723679,0.0066131293,-0.054779097,-0.0016925901
-0.02885679,0.033549316,0.022748785,0.0006315317,-0.048051145
-0.030619465,0.039845876,0.03060697,-0.040298283,-0.030418936
-0.00802859,-0.019424625,-4.5879897e-05,0.026131278,-0.044039425
-0.046291135,0.0010141927,0.009186963,-0.004531306,0.035067473
-0.00635618,0.024305785,-0.047903635,-0.025566977,-0.031945754
0.019742562,-0.0010260043,-0.0133784115,-0.031164268,-0.013731872
-0.0118593015,-0.051651422,0.004647945,-0.0052671377,-0.05553393
0.036137145,0.00452892,0.029388053,0.020353097,-0.029751431
0.018087398,0.06607766,0.06625344,0.026288725,-0.04724257
-0.008144159,0.006353916,0.024753153,-0.04641818,0.03700344
0.021621952,0.052752584,0.05420445,-0.0055866316,-0.020921957
0.017408594,-0.039188858,-0.034720674,-0.06513542,-0.011386484
0.025872441,-0.014057356,-0.0623577,-0.08295937,0.005368243
-0.036430787,0.011542048,-0.043491423,-0.048546452,-0.023079194
-0.05387178,-0.021688173,-0.03627058,-0.010211509,-0.013521712
-0.02567014,0.029056763,0.02659988,-0.018873023,0.03158509
0.018397791,-0.039880265,-0.018950295,0.026046399,-0.012463408
-0.03270483,-0.005191868,0.01530764,-0.0246309,-0.024827868
-0.046947382,0.008382392,0.005754691,-0.03136947,-0.028535146
-0.046941943,0.013712504,0.028593447,-0.03585972,-0.0066772015
-0.056358006,-0.051495004,-0.04850415,-0.040708344,-0.08747561
-0.012739425,-0.07661507,-0.052983493,0.038843043,0.03153609
0.019024312,0.066063344,0.11306036,0.036343906,0.024514006
-0.004722277,0.062322427,0.05201348,-0.006908892,-0.040041633
0.02324712,0.066402175,0.021587243,0.002835909,0.009119087
0.004113199,0.012751823,0.050579194,0.052743044,0.03589951
0.020556694,0.0013968311,0.004082749,-0.035130605,-0.011087422
-0.012454675,0.018949015,-0.053980876,0.019304993,0.016126053
0.031257737,0.0035987853,-0.015410755,0.041053,-0.042261638
-0.016130269,0.042288832,-0.004270687,-0.00020104182,-0.0061897556
0.013599894,-0.0012977867,-0.03221319,-0.033296794,-0.04804404
-0.021193134,0.039601438,-0.044267472,-0.03129242,0.03388681
-0.009603313,-0.005657728,-0.01135211,0.03931782,-0.02571961
-0.03010857,-0.012403797,0.036228236,0.046237115,-0.024124902
0.02112212,-0.023262545,-0.003514043,0.021390267,0.014666332
-0.057891868,0.045803595,0.0052755363,-0.020834556,0.03827922
0.00051978027,-0.04569931,-0.06289845,-0.026850287,-0.05080508
0.011626309,-0.066423595,-0.032039255,0.005255707,0.05078673
-0.047766566,-0.007406258,0.014107594,0.028320793,0.008093618
0.017913222,3.347206e-06,0.021475269,0.0034863416,0.00935229
0.0044754134,-0.017583733,0.019576505,-0.037663028,0.017151596
0.02442242,-0.014959948,0.039124403,0.07030613,0.061287053
0.040616777,0.04955763,0.04849706,0.0074750506,0.003322892
0.02592257,-0.075492434,-0.0348259,-0.02147339,-0.00582882
-0.07523273,-0.045051973,-0.032733105,-0.007196247,-0.032296933
-0.020038486,-0.022814792,0.002227779,0.021998731,-0.037056666
0.013104706,0.005542191,-0.03404456,-0.01460036,-0.017323092
-0.03280197,0.032653663,-0.013943622,-0.015943732,-0.034783095
-0.029992599,-0.044400632,-0.052307017,-0.04216466,-0.013134599
-0.0070801084,-0.0040437267,-0.027795985,0.000723561,-0.038699884
-0.017462734,0.062021237,0.031297706,0.010030836,-0.0019676096
-0.014685728,-0.0041744323,-0.029928766,-0.05212273,-0.037260283
-0.012576551,-0.043565717,0.0047443877,-0.0032273815,0.060194965
-0.04375022,-0.0500742,0.05204663,0.057215832,0.028666481
-0.042883817,-0.023705915,-0.017939791,0.0020755979,-0.042503685
-0.02396737,0.016797978,0.0102273235,-0.02382796,-0.047315605
-0.012908923,0.04886975,0.06782783,0.01821881,0.024988344
-0.02156215,-0.01062367,0.060092628,-0.051454972,0.0033200593
0.047982167,0.032533918,-0.0668748,0.0079878215,-0.022269845
0.035201136,-0.0036431355,-0.009158777,-0.012271069,-0.062478267
-0.022293406,-0.035079114,0.023939226,0.011899511,0.0050330805
-0.027246905,-0.013742724,0.0109490575,-0.023258485,0.020211618
-0.012464936,0.031242143,-0.024996195,-0.039590083,-0.017010896
0.039763186,0.05565975,0.026693951,-0.017001366,0.014691653
0.010854862,-0.01009378,0.032481875,0.015820349,0.0056262985
0.0010166913,0.011216632,0.0344367,0.045477245,-0.021774285
0.021447795,0.07032383,0.09292111,0.022873819,-0.021245634
0.029307421,0.020074282,0.014622906,-0.048783023,-0.02791263
-0.038888782,-0.022154883,-0.045571238,-0.052813254,-0.033115108
-0.011667952,0.018331505,-0.04886052,0.015160497,0.011459613
-0.006729223,-0.03013303,-0.0063947984,-0.017406723,-0.04716806
0.005375409,0.011317273,0.009686701,-0.010343511,0.025212206
0.029890059,-0.038136046,-0.019547086,0.0379911,0.0727144
0.0015442871,-0.04162893,0.043169305,0.06875099,0.024085082
-0.046595052,-0.043694448,-0.027113216,0.025561621,-0.036422987
-0.013545095,0.007720998,0.037545696,0.037242502,0.024010219
-0.018911408,0.016465675,0.010074075,-0.039953597,-0.020821033
0.028741185,0.0013201853,-0.033701498,-0.04245009,-0.050174728
-0.02464217,-0.048706144,-0.016231997,0.017072896,-0.015135294
-0.014486244,-0.0029910638,0.015431208,-0.052029345,0.00034497006
0.023265865,0.0122079635,0.013266111,0.045211796,0.04228455
0.04057625,0.0040404806,-0.024585921,-0.028689375,-0.0024549658
-0.038615998,-0.024521295,-0.0024252182,0.0067481515,-0.014306559
-0.025319602,-0.06447253,-0.042162403,-0.042892,0.02100348
0.009838915,0.016705522,-0.013402213,-0.02508015,0.01588674
0.02216758,-0.047089122,-0.020062163,-0.0010191634,-0.043455034
-0.0349155,0.04804892,0.031299815,-0.0040673814,-0.04067604
-0.028301515,0.046149366,-0.023955405,-0.011663263,0.050532036
-0.009033152,-0.0008812263,-0.029359864,0.00017580704,0.033198733
0.025605768,-0.015517988,0.024355507,0.004520371,-0.037771247
-0.020836221,-0.0537925,-0.033958055,0.0033496511,0.020286333
-0.045240246,0.007133239,0.046784822,0.11208605,0.040397767
0.052097112,0.01486841,0.06369175,-0.0012898506,-0.06584209
-0.020289335,0.04929699,-0.028391054,-0.053780854,-0.006143806
-0.0009215308,-0.024393216,-0.017843759,0.021155948,-0.032573335
