0.019039985,0.07164208,0.044215538,-0.021837164,0.046159815
-0.01985697,0.007972629,0.02014969,0.006812117,0.006194661
0.0033945767,0.020581651,-0.034274362,0.009687545,-0.016651118
-0.035346024,0.026147617,-0.023600226,0.014841154,0.034584373
0.029979179,0.04161477,-0.023662047,-0.030973889,-0.0369215
-0.044377647,0.06627601,0.020946093,-0.0103736995,-0.005604036
-0.015909024,0.018988801,-0.0049611707,-0.035799064,-0.015457478
-0.026491148,-0.069936514,-0.05631402,-0.005245823,0.018582216
-0.02029381,-0.038599037,-0.06070399,0.020611187,0.0308216
-0.056481794,-0.0019777732,-0.067460105,0.00018088364,0.046911873
0.010688609,0.002264327,0.058656517,0.032016248,0.03943577
-0.014473234,-0.0033258956,-0.0064821746,0.07081,0.06398849
-0.017450487,-0.12001288,-0.059480246,0.02771021,-0.016441766
0.025721828,-0.04808201,-0.009413063,0.0005355991,-0.003960134
0.04831529,0.017924579,0.0272081,-0.012887526,-0.056627885
0.06599583,0.0374514,-0.0046332395,-0.0003061786,-0.08763928
0.054602146,0.08922285,0.15464577,0.047112122,0.07464777
-0.05458834,0.036430646,0.12141547,0.17087142,0.105373405
0.031218976,0.04662404,-0.028411124,0.02970036,0.058386732
-0.008408062,0.014595925,-0.025752395,-0.060468357,-0.007893672
-0.01718851,0.040488005,-0.013954721,-0.015136539,0.002833715
-0.028827589,0.0076437504,-0.00021024788,-0.022533651,-0.00017013524
-0.0012167505,0.034768555,0.060257524,0.027045067,0.021507394
0.0074422327,-0.007149974,0.035763193,-0.0017194306,0.047129914
0.05680572,0.054760166,0.044641357,0.050446402,-0.03698674
-0.040739343,0.04045897,0.05060588,0.07453654,0.102180794
-0.10319786,-0.13481846,-0.023652403,0.038622513,0.12320537
-0.015605177,-0.107456535,-0.20372848,-0.11445707,-0.04926147
0.06636262,0.0025286728,-0.07490067,-0.024249304,-0.034545347
0.070821166,0.095848374,0.12702131,-0.008458831,0.021394785
0.045645006,-0.051833276,-0.009644486,-0.056206133,-0.07129665
0.030488988,0.03310261,-0.06314946,0.004633741,0.04028307
-0.02928033,0.016146997,0.02073515,0.027248556,0.01807565
-0.04274712,0.04209822,-0.046309136,-0.009128848,-0.013712576
0.0019327239,-0.045343187,0.025131574,0.026736803,0.015407445
-0.032992773,0.012777863,-0.011145319,-0.021697335,0.032792117
-0.035950374,-0.029138368,-0.01572686,-0.014533871,-0.013600937
-0.022441406,0.012121828,-0.05016346,-0.02339007,-0.014132602
0.05620068,0.014648375,-0.0045125205,-0.04828414,0.023308828
0.026138997,0.005529329,0.0054389066,0.04950102,-0.027807234
-0.018404165,0.04609566,0.04746305,0.0048289234,-0.006442824
0.012670758,0.008617166,0.0018693419,0.014868539,0.08662786
-0.017607572,-0.10693396,-0.07195954,0.049301725,0.019888394
-0.012021265,-0.026987612,-0.025770338,-0.0589856,-0.032814767
0.057962246,0.03812822,-0.007984861,-0.031286124,0.0024338777
-0.025235238,-0.065085426,-0.030158605,0.06292798,-4.3343396e-05
0.010528519,-0.023036659,-0.024682911,0.040752724,-0.0039653964
0.03588179,0.040965952,-0.011293199,-0.015687928,-0.0047081048
0.034168433,0.061001305,0.09779921,0.06956751,0.0703914
0.047349967,0.011111869,0.091514096,0.006001984,-0.006754041
-0.015745487,0.04250643,-0.0115613295,-0.025020873,-0.03215959
-0.037672553,0.013897619,0.07194379,0.04659742,0.03191795
-0.022079328,-0.029890426,0.06189386,0.009431125,0.03479294
0.0049428768,0.013552989,0.04897552,0.010039339,-0.02902487
0.03670596,-0.026088128,0.04565943,-0.013728425,-0.0014507024
-0.022900913,0.017662155,0.042425033,-0.017348826,-0.07794476
0.051515255,-0.022347646,-0.038369346,0.0077459384,0.03795835
-0.047100823,-0.034617886,-0.029278992,0.04835386,0.026859866
0.02686858,-0.001938851,-0.0817122,-0.049766343,-0.053108267
-0.0021754252,-0.03464159,-0.019239841,-0.04753976,-0.014579848
-0.046482343,0.016106445,0.05052782,-0.022543894,0.010797512
0.010793049,-0.015324876,0.0010544409,-0.023011,-0.02928893
-0.017951272,-0.024690727,-0.062225975,0.026510738,-0.04103109
0.06530591,0.044807486,0.022683391,0.04010557,0.037493013
0.050409444,0.040047895,0.027629381,0.0015700109,0.051802013
-0.011949643,0.056384087,-0.010485766,0.00038531213,-0.020245958
-0.011455858,-0.0277459,-0.032260105,0.042516395,-0.029776191
-0.05071602,-0.06735817,-0.027185014,-0.01643355,0.024127126
-0.039974555,-0.057410248,-0.038460173,0.016223244,0.011650506
0.023116272,-0.023393666,0.020414686,0.02017782,-0.016283082
-0.045319736,-0.037029006,0.044123787,0.005304312,0.014472257
0.03612098,0.012139681,-0.058748044,-0.056212734,-0.020518776
0.041836686,-0.00460279,0.07324726,-0.010322175,-0.025121897
1.7368387e-05,0.060691997,0.10218524,0.06800842,0.05552775
0.01625099,0.051724814,0.039629474,-0.0060349614,0.017746095
-0.056350805,-0.04667397,0.0059234863,0.0025824492,-0.049468573
0.018466363,-0.028253928,-0.076809876,-0.037081618,-0.023408884
-0.0356645,-0.007151475,-0.06663914,-0.06330391,-0.02228643
0.011059824,-0.023944406,-0.013993224,0.0075666658,-0.009225025
-0.018501267,-0.03342179,-0.041527197,0.017062433,-0.020364054
0.007314671,0.03614745,0.0612554,-0.0051593576,-0.013499184
-0.03646845,-0.005419561,0.08676952,0.09436826,0.07282693
-0.053669427,-0.055663384,0.082352534,0.074343376,0.09884535
-0.00032031786,-0.019504258,0.032000735,0.011191108,0.011255133
-0.04261918,-0.015624959,-0.019216107,-0.031669516,0.005178257
0.078657925,0.06748329,0.05753318,-0.048454482,-0.071907505
0.01778781,0.08973032,0.14874278,0.11868007,0.0464456
-0.014946177,-0.0020410966,0.07184748,0.12372888,0.060971837
0.021299325,-0.0015745345,-0.016670713,-0.0005741258,0.038745344
-0.003837854,-0.049169827,-0.07448555,-0.052164957,-0.0027528885
-0.011371866,-0.02860832,-0.008972729,-0.05004194,0.0081051
-0.021493599,0.028671509,-0.014386897,-0.050448485,-0.05465994
0.0024982607,-0.06961603,-0.010953625,-0.029255237,-0.062124778
0.013471016,-0.027807115,-0.044490885,-0.026827265,-0.02796304
0.0002846893,0.02180105,-0.07088547,-0.028126128,0.0166866
-0.067900114,-0.05517775,-0.025002891,0.025334248,0.009422172
-0.036259655,-0.06816022,-0.067337625,-0.04668376,0.023928024
0.07536177,0.0670141,-0.05837475,-0.06707468,-0.05565888
-0.0070725903,0.09796897,0.06163166,0.027476734,0.054968555
-0.014835075,0.067421935,0.07915096,0.038154367,0.02691141
