-0.15348245,-0.108805396,-0.15295267,-0.120243065,-0.2108458
-0.11819389,-0.13877307,-0.16516064,-0.23529623,-0.11637818
-0.13382207,-0.15096667,-0.21424523,-0.2237733,-0.23655823
-0.13420005,-0.18144225,-0.20603734,-0.11088168,-0.12335336
-0.18206255,-0.19771627,-0.16852987,-0.121099934,-0.1093329
-0.12604283,-0.11274674,-0.17915602,-0.18161047,-0.15320578
-0.1323873,-0.17698108,-0.21831852,-0.22498387,-0.1766334
-0.14489198,-0.14007883,-0.24804893,-0.20960103,-0.12182152
-0.16262434,-0.20167609,-0.115185246,-0.13726316,-0.1790441
-0.20757757,-0.22218013,-0.15048072,-0.1613641,-0.11033663
-0.24171361,-0.16985494,-0.21935591,-0.105043896,-0.15136571
-0.12433481,-0.120714135,-0.10416146,-0.15277785,-0.19673513
-0.1646362,-0.14583802,-0.1806728,-0.24168983,-0.13047807
-0.2395994,-0.18191668,-0.17252083,-0.18947287,-0.1255405
-0.2461566,-0.22590247,-0.23752062,-0.18471621,-0.12280816
-0.13391912,-0.10175018,-0.21852605,-0.17252712,-0.18120131
-0.14147699,-0.16786653,-0.13485157,-0.17580919,-0.16738167
-0.15075147,-0.2343053,-0.22971788,-0.1771194,-0.19442685
-0.14020486,-0.24875851,-0.18144326,-0.1776003,-0.13936412
-0.15129246,-0.16420801,-0.14295015,-0.14161366,-0.13167454
-0.20721298,-0.10002928,-0.11338177,-0.13221072,-0.18256858
-0.22672532,-0.124809995,-0.17121564,-0.13089752,-0.13208595
-0.23325858,-0.13295382,-0.14871345,-0.11048088,-0.15312825
-0.10318964,-0.10375699,-0.15773614,-0.19774882,-0.21765749
-0.10659604,-0.18348864,-0.20574245,-0.17899913,-0.2415436
-0.15419304,-0.19625601,-0.24769527,-0.16605324,-0.13886417
-0.10339512,-0.21811299,-0.20259918,-0.21805134,-0.22413693
-0.22173712,-0.11147884,-0.10282523,-0.13005666,-0.11845216
-0.18561274,-0.20556752,-0.23895028,-0.13158682,-0.15831879
-0.188773,-0.17211704,-0.14587253,-0.15995811,-0.24668
0.13882568,-0.14631759,-0.26488644,0.12500547,0.1856383
0.10408499,-0.17766255,0.21209863,0.110636875,0.023402795
0.15137349,0.17662026,0.16302918,-0.22314754,-0.27449077
0.21068007,0.20766605,0.1438186,-0.16578011,0.22211526
-0.16750443,-0.18859191,0.1498959,0.09195081,0.18866631
-0.014966108,-0.055376843,-0.056347743,-0.09309675,-0.23684159
-0.05280533,-0.070805475,-0.24322698,-0.19424589,-0.21633837
-0.079498835,-0.09023759,-0.26099327,-0.16675882,-0.215761
-0.09010867,-0.17043418,-0.10656213,0.044624265,-0.08209938
-0.2481463,-0.18673868,0.023164624,0.09731319,-0.10385515
-0.1957271,-0.23128435,-0.19539759,-0.09797098,-0.14643376
-0.19463885,-0.15981425,-0.2280357,-0.24481364,-0.116199404
-0.14254607,-0.1259916,-0.23813918,-0.24295644,-0.24652807
-0.23060529,-0.14817825,-0.21318871,-0.18590316,-0.2267755
-0.100079045,-0.22539118,-0.24771287,-0.17128551,-0.23394954
-0.13636325,-0.14653341,-0.21494749,-0.20576872,-0.25018778
-0.10131753,-0.17010789,-0.11489949,-0.1689438,-0.15314798
-0.14286983,-0.22421263,-0.22528063,-0.24373846,-0.17201477
-0.20751096,-0.1553361,-0.21163277,-0.20468725,-0.21797927
-0.18415387,-0.15852785,-0.19185634,-0.18906468,-0.1199962
-0.14046182,-0.17470701,-0.23586996,-0.1796802,-0.15392722
-0.14218532,-0.11001577,-0.23163374,-0.2371911,-0.20786074
-0.19393803,-0.24604969,-0.16057046,-0.17822227,-0.13348049
-0.2017297,-0.24589054,-0.17277917,-0.1407291,-0.15410069
-0.2408755,-0.1565228,-0.18337423,-0.14728267,-0.21062657
0.00234422,0.0037984492,-0.0077899094,0.03568946,0.13454422
0.020210149,0.016884545,-0.005481579,-0.032773577,-0.18210965
0.012379178,-0.15347385,0.027123794,-0.019795695,0.036107264
-0.13954422,0.17395456,-0.017427523,-0.014047386,-0.038880557
0.025781333,-0.16048512,0.020603538,0.2136998,-0.018992044
-0.14381796,-0.10790037,-0.17786956,-0.10398022,-0.11990011
-0.15823655,-0.18001564,-0.18208191,-0.18426551,-0.16356337
-0.12246587,-0.13043952,-0.16182114,-0.18282822,-0.13680696
-0.25060812,-0.1074013,-0.10521367,-0.15616414,-0.14721884
-0.20801377,-0.14694276,-0.12015519,-0.13805912,-0.18255708
-0.15929556,-0.20116025,-0.15453483,-0.15377425,-0.19504552
-0.14338723,-0.17254023,-0.19617255,-0.13521634,-0.14508404
-0.14094462,-0.20437919,-0.20735323,-0.212806,-0.14475772
-0.14713609,-0.20085411,-0.15413879,-0.1638101,-0.18974012
-0.17211047,-0.20052601,-0.013093623,-0.15555798,0.006315299
-0.17477559,-0.12991564,-0.21398374,-0.23888095,-0.18353432
-0.1401469,-0.17469718,-0.16997956,-0.19462286,-0.13935761
-0.22549495,-0.1358823,-0.1834412,-0.2222306,-0.1582725
-0.13474044,-0.19420077,-0.19033095,-0.17619713,-0.20854138
-0.19146082,-0.16785358,-0.1478428,-0.17262664,-0.18561573
-0.17178279,-0.181287,-0.16875736,-0.21126817,-0.10268733
-0.1667958,-0.21765837,-0.11485082,-0.1872275,-0.18651272
-0.17287146,-0.1422768,-0.24633294,-0.13421036,-0.10496066
-0.15245862,-0.15040025,-0.18176208,-0.15171131,-0.20148945
-0.13418287,-0.1577985,-0.1702187,-0.16606376,-0.17506397
-0.16761689,-0.20175023,-0.21299691,-0.16081873,-0.14564322
-0.10903834,-0.17123641,-0.21482214,-0.15253845,-0.16922688
-0.16373937,-0.2129728,-0.11018357,-0.13742505,-0.18216965
-0.15479548,-0.18205298,-0.10225044,-0.13911186,-0.21701969
-0.12539211,-0.18547653,-0.15767764,-0.13856481,-0.17314786
-0.107220925,-0.14448394,-0.18702336,-0.13409224,-0.16761489
-0.102903955,-0.21712741,-0.21760657,-0.21183994,-0.101684965
-0.18555942,-0.23541045,-0.19732277,-0.12896632,-0.1560117
-0.19047992,-0.24547893,-0.16663702,-0.11520148,-0.10266288
-0.19184275,-0.16942589,-0.12762463,-0.16937122,-0.24096946
-0.17288299,-0.14698039,-0.13292329,-0.20190413,-0.100124024
-0.14607222,-0.1638563,-0.23858196,-0.2286246,-0.20043238
-0.11592152,-0.19191213,-0.16187727,-0.16783617,-0.102619454
-0.19082226,-0.19367525,-0.1450933,-0.17612286,-0.11925835
-0.19611987,-0.11384217,-0.11101424,-0.18051136,-0.10112151
-0.1519893,-0.17226501,-0.103332244,-0.14978136,-0.13543613
-0.13521385,-0.22916515,-0.17778231,-0.1897609,-0.16955183
-0.2176974,-0.1761116,-0.19775014,-0.21731749,-0.14206938
-0.2430256,-0.16653109,-0.22881636,-0.14548083,-0.1402507
-0.2264621,-0.11596207,-0.17798881,-0.14699309,-0.17090535
