-0.058619566,0.0070694606,0.05067456,-0.0657257,-0.039808918
-0.0076956,0.10628118,0.023174789,-0.12750827,-0.08755631
0.080483235,0.13000478,0.033262286,-0.121369965,0.00090063486
0.019785114,0.09642232,0.049775366,-0.0443485,-0.016584264
-0.015033359,0.07805153,0.024262337,0.016931212,-0.03111732
0.027196283,0.08637246,-0.010638272,-0.078430936,-0.084895104
0.048090637,0.090195894,0.0030769082,-0.09083347,-0.01667407
0.0889584,0.09876915,-0.020417817,-0.0893231,0.010947502
0.02814033,0.10973444,0.01135774,0.015063896,-0.0021853936
-0.024365619,0.0796271,-0.009130214,0.037952084,0.024582023
-0.04906559,0.053951476,0.03775763,-0.0048206793,-0.040601104
-0.055218708,0.059345484,0.06882235,-0.03737434,-0.045802332
-0.005043865,0.048474226,-0.011658163,-0.05985504,-0.01905279
-0.029240794,0.013934302,0.03215288,-0.0050228825,0.022040276
-0.010696362,-0.023759246,-0.015061273,0.02511456,0.032468308
-0.004943705,-0.012916788,0.04222326,-0.056386184,0.005973336
0.025189012,0.054253418,-0.04526677,-0.040364396,0.01857139
0.06240108,0.009869592,0.005076809,-0.011633606,-0.010207224
0.00078537816,-0.00047526835,-0.03298796,0.024482803,-0.010650174
0.0011809123,-0.036685005,0.013679052,-0.012295969,-0.027399512
-0.0073262234,-0.0071400134,0.010943127,-0.0076057725,0.022901833
-0.021712625,-0.02170819,-0.014885515,0.003087311,0.026792662
-0.010288921,0.02472578,0.028158091,-0.0260156,-0.009569776
-0.028844684,0.0071414784,-0.025945926,0.0040291906,-0.0051805717
-0.035547197,-0.041974686,-0.05366343,-0.034149908,0.0063504195
-0.005598929,0.03837961,-0.05714365,-0.04374267,-0.059990484
0.0073209372,0.020806741,-0.066567406,0.019495841,-0.009531956
0.027040461,-0.030007573,0.0072843833,0.04568965,-0.009625146
-0.031096665,-0.00078164355,-0.049997035,0.03295297,-0.022384692
0.031904545,-0.04908633,-0.03596162,0.027074909,-0.02601389
0.042322826,0.03897673,0.043068152,-0.04412485,0.0012422985
-0.0103132855,0.02000295,-0.032666586,0.014039046,-0.0031030516
-0.017602734,-0.0348773,0.020526519,-0.017490735,0.0335589
0.0055863718,0.012246974,-0.011402884,-0.0073507107,-0.015754154
-0.042055987,0.026038077,-0.030351767,0.02495374,-0.016340338
0.043674037,0.05995678,-0.047531545,0.0008027712,-0.018912923
0.0048666545,0.05267225,0.0013050397,-0.009699855,-0.05761743
0.09214435,0.0957362,0.033551216,-0.009231525,-0.02368787
0.07137956,0.09123962,-0.013365039,-0.013880283,0.045856778
0.0511689,0.059010122,0.040273614,-0.02466334,-0.0062174
-0.019038977,0.024657266,0.013727968,-0.039891012,-0.011541795
-0.041652,-0.049969047,0.038564786,-0.03206317,0.012986967
-0.017763432,-0.023343071,-0.014627155,0.026405104,-0.006720904
0.02761402,0.0108877,0.014847309,-0.049786363,-0.018928627
-0.04327213,-0.017006207,-0.020136036,0.005023725,0.039192457
0.014364522,-0.047247976,-0.04423759,0.03577467,0.004316709
-0.016019167,-0.05155704,-0.016920323,0.0036442697,-0.040303487
-0.0028616327,0.0009735902,-0.043202765,-0.040903684,-0.027041392
-0.01469536,-0.035025176,0.025078038,-0.052432224,-0.027567843
-0.04718669,-0.0017956627,0.00054037414,-0.014395828,0.038994174
-0.03699328,0.006636836,-0.047926374,-0.041405074,-0.068329014
-0.018323367,-0.04192214,-0.009078516,-0.059285246,0.010203062
-0.022530695,-0.030881515,-0.015958382,0.026371984,-0.0072507323
0.006145971,-0.018006667,0.013351215,0.02854726,0.0239941
-0.042543277,-0.039907802,0.005808094,0.023517482,-0.0039392696
0.022418516,-0.026905168,0.025207728,-0.00548766,-0.030774908
-0.02174146,-0.034159068,0.009020197,-0.026522025,-0.012808508
-0.0027829614,-0.027297713,0.001149598,-0.0056750528,0.014165776
0.032397877,-0.026954627,0.024453059,-0.0009468207,-0.025547935
-0.020211482,0.011435052,0.009320344,-0.0014411091,-0.022266872
0.007845535,0.029749934,-0.06852277,-0.06333866,-0.04799962
-0.02783383,-0.013238315,-0.07217292,-0.027415201,-0.07439925
0.026420824,0.009956788,0.020555517,-0.045495328,-0.044620812
-0.03737898,0.063910276,0.03142744,-0.019850329,0.023129476
-0.058712315,0.04385311,0.07199242,-0.006140352,-0.0225512
0.016469471,-0.016376656,-0.029777521,-0.02255756,-0.02079133
0.044534396,0.008608789,0.019261274,0.0060012667,-0.030140193
0.03227872,-0.006952517,-0.011577922,0.036437143,-0.022784544
0.009078896,-0.038044114,0.022917017,0.017764263,-0.036775164
0.024960412,0.004921067,-0.02309278,0.038135644,0.019205868
-0.003016533,-0.011036932,0.00012002066,-0.015561617,0.007370926
-0.021611372,-0.018601786,0.08550439,0.034981992,-0.030791327
-0.005183195,-0.0030892224,0.048349593,0.020540794,-0.054855265
-0.04241955,0.0072491406,0.029271606,-0.04651933,-0.034300905
-0.026278451,-0.004624157,0.027498301,0.0041999933,0.0038871863
0.03130516,0.018319482,-0.020261575,0.0022621003,0.027139636
0.01701344,-0.00356206,-0.013064289,-0.055621337,0.029822147
0.07876539,0.046776842,-0.057198975,-0.031476334,-0.031276375
0.017516544,0.09011067,-0.058501918,-0.051541988,-0.0074886903
0.04144052,0.039534744,-0.03056219,-0.0043424787,-0.00033711767
0.066144064,0.046369676,0.0044479948,-0.0068992157,0.034776952
0.009983294,0.029484754,-0.04925991,0.04295119,-0.024396313
0.055081673,-0.037152175,-0.0004677849,0.017536512,0.05159803
-0.004302183,0.03259958,-0.057818774,-0.02352746,0.018367024
0.018947564,-0.033308454,-0.06475343,-0.018994806,0.007650217
0.047755536,0.049418207,-0.023518674,-0.057697155,-0.043390047
0.05785439,-0.016856553,-0.04797004,-0.058695715,-0.023652796
0.019460225,-0.0069229016,-0.0016012752,-0.0012494293,0.0040721972
-0.020821521,-0.00029981896,0.03129945,0.04058591,0.04237634
-0.04466029,-0.042720422,-0.00076776085,-0.0016789562,0.024006896
0.05641996,0.03880252,-0.04984717,-0.06164273,-0.0037712136
0.06256319,-0.0010625976,-0.037535716,-0.08380723,-0.013420952
0.07572544,-0.0042732838,-0.00853125,-0.042398177,0.04933578
0.035436753,0.029248577,-0.002909839,0.010849764,-0.006538887
-0.01951464,-0.032837007,0.017339498,-0.01699759,0.00095094467
-0.046179697,0.04961349,-0.017578408,-0.09646262,-0.037759893
-0.0076341485,0.026385585,-0.081679806,-0.041519284,-0.04786164
0.033603724,0.035912655,-0.05914654,0.021319566,0.038221583
-0.048254516,-0.006500874,0.0224273,0.044821728,0.03907243
-0.063053414,-0.044788875,-0.03221093,-0.0148650175,-0.009216212
