-0.22132562,-0.24544305,-0.17304926,-0.24381909,-0.18622579
-0.20876905,-0.25015864,-0.1652176,-0.099889986,-0.16044183
-0.10636937,-0.15809865,-0.13143063,-0.17349339,-0.14302097
-0.15479472,-0.1306152,-0.19104812,-0.25025743,-0.205491
-0.1708405,-0.104414836,-0.12188912,-0.21106121,-0.1812082
-0.18893948,-0.23636447,-0.20848238,-0.18254791,-0.13763581
-0.13661154,-0.17148623,-0.19584398,-0.1110985,-0.17885296
-0.18160816,-0.16250819,-0.20019545,-0.2521464,-0.2161559
-0.17244267,-0.17894408,-0.21990056,-0.22637519,-0.18594499
-0.15893039,-0.105494976,-0.16296169,-0.1892099,-0.2140555
-0.17229663,-0.16233839,-0.23115021,-0.17808029,-0.17785203
-0.20066205,-0.11583214,-0.14547105,-0.17305365,-0.17821042
-0.21608074,-0.16581848,-0.1211119,-0.09463729,-0.2630699
-0.2311282,-0.17291152,-0.16193472,-0.12760541,-0.2180964
-0.24617036,-0.16541925,-0.2344067,-0.20395464,-0.24645098
-0.24587949,-0.17796858,-0.16972372,-0.17339751,-0.16334943
-0.19778861,-0.21127124,-0.22294486,-0.119707346,-0.17124027
-0.20778506,-0.17329536,-0.18117827,-0.10193488,-0.111948505
-0.18650512,-0.21201807,-0.22364248,-0.16706675,-0.23808333
-0.24941632,-0.2121649,-0.20058599,-0.18548141,-0.09781642
-0.2371384,-0.13156813,-0.15411623,-0.18899144,-0.2479194
-0.13065606,-0.121354714,-0.19892116,-0.26538312,-0.26515695
-0.20745614,-0.18503946,-0.15741281,-0.24653204,-0.19939555
-0.21301925,-0.2582959,-0.16129236,-0.12328975,-0.23475978
-0.2287657,-0.18623076,-0.23480324,-0.1283042,-0.1257048
-0.23470475,-0.16510615,-0.21778232,-0.24085566,-0.1019469
-0.19309151,-0.21949813,-0.208806,-0.20678188,-0.20856982
-0.180471,-0.25009352,-0.1563217,-0.19723809,-0.24494325
-0.21336457,-0.2207075,-0.11473582,-0.22960994,-0.16473001
-0.12128704,-0.173696,-0.14919776,-0.14400642,-0.25005892
0.14871389,-0.15064362,-0.1555076,-0.21797119,0.18706113
-0.19971098,-0.16032259,-0.14801615,-0.15957306,0.22469051
-0.21647272,0.15750124,-0.20035937,-0.22199266,0.13639192
-0.16241737,0.22023946,0.20521614,-0.15922521,-0.16669466
-0.18158694,0.17755473,-0.18146572,-0.2031653,-0.15131827
-0.149873,-0.21043874,-0.2359344,0.17252284,0.21023487
0.1389399,-0.1812717,-0.21240208,0.21817218,0.098702505
0.1186212,0.13420199,-0.2122553,-0.10050078,-0.19142519
0.17747073,0.08145458,-0.15942796,-0.17201369,-0.19219604
0.21121992,0.13245653,-0.2652388,-0.2077206,-0.17466593
-0.23250899,-0.09805885,-0.20420554,-0.24834739,-0.14916201
-0.21011658,-0.1058296,-0.17500545,-0.2393297,-0.22609682
-0.22119583,-0.2543531,-0.13487132,-0.13033095,-0.09315855
-0.21520491,-0.21081159,-0.0897695,-0.16457649,-0.20392138
-0.18184945,-0.25256094,-0.2533584,-0.20375171,-0.20067415
-0.24791642,-0.30100146,-0.2667372,-0.14531215,-0.14849086
-0.17487822,-0.19082546,-0.2555615,-0.23599033,-0.10166252
-0.27988046,-0.23610808,-0.24767016,-0.16633154,-0.12687503
-0.14183852,-0.22613926,-0.11865533,-0.2367274,-0.13980177
-0.28340513,-0.2765394,-0.23444402,-0.2685737,-0.24523644
-0.20905891,-0.18231782,-0.1673246,-0.16673295,-0.11932299
-0.1372914,-0.16258924,-0.19599256,-0.20102914,-0.17884277
-0.17061381,-0.1925537,-0.20265856,-0.27013764,-0.30174527
-0.18537612,-0.24364962,-0.20559722,-0.18012476,-0.19402759
-0.21069463,-0.13371062,-0.13911308,-0.1363139,-0.10147317
-0.027360275,0.03892988,0.0021465605,0.04241434,-0.019067321
0.02749193,-0.02458667,-0.03664172,0.032507572,0.015458752
0.043963257,0.018125564,-0.018866813,-0.026597312,0.03660486
-0.008865671,-0.026570598,-0.033030845,-0.029936772,-0.018785534
-0.035955943,0.043042596,0.0051671285,0.014754362,-0.022001246
-0.20506102,-0.17763966,-0.22257094,-0.10557961,-0.15457201
-0.15798867,-0.23803806,-0.25022855,-0.122464694,-0.17021461
-0.2295327,-0.15859656,-0.1759722,-0.24411796,-0.2364914
-0.16342352,-0.20251152,-0.2226867,-0.21651231,-0.174865
-0.23160101,-0.12293467,-0.14896204,-0.1803862,-0.1772092
-0.15207501,-0.14076674,0.020474518,0.0072869584,-0.15334722
-0.033387076,-0.13028622,-0.028807554,0.031551175,-0.028316215
-0.03231915,-0.15519917,0.029309064,-0.012180735,0.012525472
-0.038980525,-0.17837499,0.03945778,0.04178727,-0.014240392
0.016523788,0.04124534,0.016585363,-0.16309299,0.13686001
-0.13081414,-0.22385673,-0.24264318,-0.22402458,-0.24501003
-0.19748496,-0.22885142,-0.107042864,-0.23053046,-0.16098899
-0.20088895,-0.19990589,-0.08652569,-0.19341235,-0.15207648
-0.14797586,-0.18052603,-0.12954754,-0.0957024,-0.15709113
-0.23265679,-0.17992377,-0.096802846,-0.19365984,-0.22332329
-0.18093023,-0.16948038,-0.23652425,-0.23666692,-0.21684213
-0.20244834,-0.24549437,-0.22557753,-0.13760395,-0.15249248
-0.11038288,-0.17700773,-0.1748806,-0.11810217,-0.1667895
-0.17260626,-0.17128669,-0.21443917,-0.17174235,-0.15153761
-0.097512245,-0.105858706,-0.25159258,-0.20038201,-0.2273251
-0.24812329,-0.18927053,-0.15674338,-0.18086717,-0.23710239
-0.17292246,-0.21777704,-0.106858976,-0.15666087,-0.1636428
-0.15363953,-0.16674457,-0.19084698,-0.23923336,-0.18623601
-0.12156519,-0.24374121,-0.24845989,-0.13960962,-0.11669148
-0.10195247,-0.21848023,-0.25407985,-0.18506458,-0.13816737
-0.20619212,-0.18156758,-0.20148234,-0.10076103,-0.10546111
-0.19405317,-0.17336732,-0.19312504,-0.18298574,-0.10139768
-0.20419332,-0.14781018,-0.10529152,-0.17900278,-0.24738283
-0.18986239,-0.23107687,-0.22526559,-0.21364143,-0.22480959
-0.15870236,-0.11906795,-0.15237576,-0.1253184,-0.09921623
-0.1956337,-0.13152815,-0.10292323,-0.15634045,-0.13983008
-0.18352781,-0.22418135,-0.20863934,-0.09985209,-0.11232042
-0.15074566,-0.21966417,-0.19986975,-0.23391975,-0.23836884
-0.19716305,-0.22518605,-0.17757364,-0.19014482,-0.21094947
-0.14734264,-0.13522744,-0.11735083,-0.19267398,-0.15368596
-0.2186207,-0.21476506,-0.24967344,-0.17291342,-0.13274351
-0.09783711,-0.15944678,-0.1795845,-0.1485423,-0.11079256
-0.21731654,-0.16027059,-0.12747979,-0.21582897,-0.28677517
-0.23197795,-0.19660707,-0.19889094,-0.1849421,-0.27225277
-0.10069239,-0.11594366,-0.180275,-0.15292045,-0.12235909
