-0.18636349,-0.18632378,-0.13471667,-0.18556762,-0.12471861
-0.16009045,-0.13083859,-0.12713468,-0.14138898,-0.20019397
-0.16406238,-0.14546373,-0.1200716,-0.10968553,-0.15995657
-0.13974093,-0.13872272,-0.13147508,-0.13490243,-0.13502243
-0.18246888,-0.1577006,-0.1732696,-0.11416565,-0.16649027
-0.18816458,-0.13281801,-0.18999009,-0.19485685,-0.20972878
-0.1614794,-0.16467516,-0.19702329,-0.11278177,-0.19410235
-0.106527336,-0.13670807,-0.16454628,-0.1429289,-0.1816367
-0.12323322,-0.18157552,-0.12640409,-0.13471632,-0.19278592
-0.1639824,-0.15842293,-0.16475645,-0.13572955,-0.16916485
-0.10768264,-0.15520185,-0.123773724,-0.1655396,-0.17100269
-0.11196567,-0.1874961,-0.21175446,-0.17242688,-0.16758181
-0.14817066,-0.13095585,-0.2109693,-0.14153887,-0.10890491
-0.13499412,-0.11400076,-0.1542714,-0.15481654,-0.18287155
-0.16679123,-0.15997295,-0.13436303,-0.21580756,-0.18249299
-0.16240346,-0.108101755,-0.166082,-0.17786369,-0.1252717
-0.1609845,-0.15687473,-0.24458693,-0.17898251,-0.13670868
-0.11918475,-0.1670957,-0.22176214,-0.13184537,-0.10734155
-0.15725163,-0.18903866,-0.116362534,-0.18699996,-0.16940072
-0.17825718,-0.12723823,-0.12287107,-0.10561605,-0.14133827
-0.1790629,-0.18158361,-0.18119626,-0.20079611,-0.20059569
-0.24460605,-0.2218544,-0.1071642,-0.20276792,-0.1915866
-0.16594996,-0.17902626,-0.111968055,-0.11840273,-0.12393029
-0.1664509,-0.18799944,-0.18394402,-0.16565776,-0.19147187
-0.2452151,-0.17582996,-0.17661181,-0.17168514,-0.18785524
-0.11786363,-0.17228226,-0.23134147,-0.15683854,-0.2248534
-0.15998876,-0.15213089,-0.106155485,-0.19185407,-0.13831928
-0.16462383,-0.23723851,-0.13301978,-0.120523386,-0.10515905
-0.16816926,-0.2098736,-0.17895699,-0.16852623,-0.13865921
-0.120965846,-0.15397978,-0.1161272,-0.20551236,-0.15535602
0.035136294,0.12021426,0.27454025,-0.22700664,0.16322549
-0.21091655,-0.152517,-0.17267002,0.15403827,0.041905288
0.1559801,0.20361626,-0.14096218,0.030372627,0.063539244
0.1579977,0.0990298,-0.20180598,-0.20500918,0.18875192
-0.1968446,0.0728865,0.14365253,0.21672231,0.072296575
-0.23601075,-0.036642604,-0.075225666,-0.13822821,-0.14699051
-0.08318126,-0.22019835,-0.12460113,-0.1518472,-0.24151897
-0.08843122,-0.06872441,-0.15000093,-0.05363602,-0.09041218
-0.035281323,-0.13182835,-0.23480065,-0.02152455,-0.07246828
0.10751514,-0.01053836,-0.19453013,-0.06448934,-0.10475792
-0.17760651,-0.16624957,-0.18023384,-0.24102,-0.23887348
-0.11974259,-0.16543274,-0.19164614,-0.24579094,-0.17766608
-0.15672521,-0.17689647,-0.1135217,-0.17571627,-0.15786326
-0.187322,-0.16420086,-0.13481042,-0.1688522,-0.15197563
-0.19737007,-0.22259384,-0.10782349,-0.15328379,-0.10076139
-0.183317,-0.11095323,-0.13662447,-0.1515908,-0.12005549
-0.17827557,-0.13113555,-0.12942752,-0.103271395,-0.16491562
-0.15131468,-0.13676512,-0.14697039,-0.23271085,-0.12613922
-0.13347386,-0.16717902,-0.14514825,-0.1365815,-0.14477094
-0.129355,-0.24761732,-0.21216111,-0.10835575,-0.1399731
-0.14993,-0.15465349,-0.21271473,-0.21198574,-0.2302387
-0.17661001,-0.14867586,-0.10286944,-0.17482944,-0.20532608
-0.12518476,-0.13496277,-0.1685675,-0.12770166,-0.12416171
-0.14713643,-0.11967138,-0.12690046,-0.16383599,-0.12987426
-0.12564702,-0.10951479,-0.17286783,-0.18337275,-0.15993
0.0037748853,-0.03527996,-0.011053383,-0.032713827,-0.03384975
0.0135743,0.021836486,0.0060255853,0.03102284,-0.010717614
0.0057846312,0.032982368,0.03704431,0.012803275,-0.038181886
0.010816891,-0.15201378,0.015234159,-0.04404825,-0.01461574
-0.022912491,-0.2142427,0.14931841,0.028907038,-0.028650748
-0.23621018,-0.16499707,-0.21201776,-0.1804159,-0.25121155
-0.16697484,-0.1536378,-0.19650578,-0.17171024,-0.15933272
-0.17324537,-0.15947828,-0.12670879,-0.1690071,-0.15524964
-0.17941582,-0.13832453,-0.1794012,-0.13949448,-0.19368492
-0.1322133,-0.13391598,-0.1824626,-0.15362243,-0.1743982
-0.19503795,-0.15297703,-0.1991871,-0.14841047,-0.15109207
-0.13353011,-0.19042152,-0.21328998,-0.14473236,-0.18416625
-0.19078293,-0.19442983,-0.13201046,-0.034796845,-0.16366
-0.16347444,-0.19106054,-0.14744134,-0.14750431,0.03008533
0.18489842,-0.16179089,0.012666658,-0.0142559055,-0.035733074
-0.20627445,-0.13938823,-0.11572899,-0.13386606,-0.14031565
-0.2240081,-0.10692452,-0.105095744,-0.102444306,-0.15005775
-0.16450502,-0.17887606,-0.24919303,-0.24312063,-0.16176534
-0.1077073,-0.18344748,-0.21851206,-0.1876652,-0.122216165
-0.14082527,-0.15326984,-0.20333163,-0.23375586,-0.12192355
-0.117609814,-0.13552845,-0.17517097,-0.11823887,-0.18506119
-0.16129838,-0.2437461,-0.18954314,-0.1831103,-0.19438908
-0.18120918,-0.18352659,-0.23630507,-0.18332936,-0.22350866
-0.13173269,-0.2271116,-0.19142894,-0.14440084,-0.17040585
-0.14925767,-0.1798141,-0.23551211,-0.107704364,-0.13351084
-0.12432173,-0.15504646,-0.17587385,-0.1809879,-0.22869967
-0.119183876,-0.17043278,-0.11036246,-0.16421638,-0.18905587
-0.10431604,-0.10955013,-0.12804025,-0.18347141,-0.13477822
-0.1574672,-0.10328496,-0.1349753,-0.14708477,-0.2502212
-0.22622386,-0.1754068,-0.17984423,-0.13987441,-0.18004169
-0.21311241,-0.21721546,-0.21126567,-0.20650154,-0.21934587
-0.16284533,-0.18502305,-0.20094417,-0.16921273,-0.18658695
-0.10405615,-0.123225495,-0.12977241,-0.15710036,-0.113054335
-0.1638683,-0.18955511,-0.10763632,-0.15111066,-0.16835475
-0.13476907,-0.21809551,-0.12054247,-0.1623391,-0.11149991
-0.11585152,-0.12292204,-0.13922559,-0.22387952,-0.17765227
-0.15475932,-0.16168518,-0.11303187,-0.16095534,-0.12974738
-0.12763838,-0.16401942,-0.119602636,-0.15191345,-0.12296721
-0.17489944,-0.13174461,-0.110705644,-0.16418457,-0.100517154
-0.17488481,-0.13464928,-0.13083786,-0.14255218,-0.12756036
-0.13025966,-0.16240278,-0.1796754,-0.17592236,-0.20765096
-0.14231312,-0.1481415,-0.20794183,-0.18282363,-0.18532741
-0.15859726,-0.18267876,-0.12136799,-0.15812322,-0.16534576
-0.13753554,-0.1344749,-0.1197324,-0.14115006,-0.12961616
-0.13108595,-0.1043053,-0.12972282,-0.12613706,-0.14404318
