-0.016088787,0.022680003,0.012750474,0.065762766,0.046264358
-0.050792307,-0.019484816,0.060383353,-0.0086077275,0.018800473
-0.046722237,-0.0029112075,-0.009098674,0.029197445,-0.0020478375
-0.003337101,0.0019709384,-0.04348292,0.029153977,0.022721551
0.028960858,0.010704715,0.011639064,0.025284749,0.01909839
0.010652729,0.00039566055,0.07048419,0.06013119,0.00089264545
-0.030081758,-0.010397827,0.058325112,0.027212054,0.03192669
0.026622044,-0.014905504,0.0029999944,0.01813248,0.010906711
0.019611325,0.04700223,0.03509103,0.04939277,0.015245856
0.039504178,0.04106968,-0.03677116,-0.035647154,-0.0034136488
-0.032077257,-0.07027668,-0.051181335,-0.061500803,0.0025224725
0.010383887,-0.041659363,-0.00027985824,0.043128137,0.055750605
0.012738144,-0.016226307,0.012758189,0.045154076,0.06616022
0.052235167,0.009410011,-0.0056911325,-0.0074625816,0.023413785
0.036554936,0.00059933757,-0.004561988,-0.04969505,0.0015825777
-0.0019014727,0.014821494,0.0015936594,0.027302386,-0.029374326
-0.048573896,0.015011896,-0.009106358,0.038581356,0.0032304928
0.00091812585,-0.017468141,-0.005217699,-0.017781544,-0.015786754
0.021992283,-0.024688384,-0.034580458,0.003121314,-0.005334115
-0.044677828,0.017429207,-0.041143168,0.049581792,-0.008224664
-0.040083837,0.006454343,-0.011412954,0.04708958,0.015569726
-0.002073931,0.05124299,0.027168792,-0.029836921,0.01875433
-0.012114467,-0.0016296101,0.033493582,-0.033961546,-0.038674764
-0.020782003,0.04158739,0.03475906,-0.022301424,0.040881526
0.040831674,-0.025504796,0.007330563,-0.016513556,0.020426419
-0.047675095,-0.026871417,-0.074008875,-0.0012522824,0.07039981
-0.051570356,-0.002286971,-0.012994881,0.026883721,0.06746909
-0.051523976,-0.06184581,-0.09455109,-0.027502788,0.07247962
0.018199023,0.0017860755,-0.070197344,0.007848716,0.044611167
0.061929528,0.029978136,-0.0040638605,-0.07260023,-0.06324679
0.06336095,0.05212616,0.0006172802,0.017668877,-0.035859227
-0.018546566,-0.027499434,-0.028479142,-0.020006415,0.002841058
0.034757644,-0.038131148,-0.012554517,-0.0005581803,0.015466508
0.008757625,0.0018856024,0.016692892,-0.002267773,-0.0371241
-0.005618423,0.032690916,-0.02376657,-0.040154096,-0.016216332
-0.0408836,0.027418848,-0.044173922,0.020130958,0.011674438
-0.039421156,0.024362251,-0.00087116513,0.041144546,0.04899034
0.05667269,-0.028089564,-0.009060058,-0.035953864,0.048275586
0.05870916,0.05390036,-0.0284759,-0.041589133,0.0050992183
0.0057815867,0.0017125498,0.04108708,-0.036572017,-0.0036039804
0.022403026,-0.045504276,-0.06443301,-0.023466533,0.007095361
-0.04055516,-0.02190894,-0.017463552,0.0124339,0.055479616
0.011331626,-0.054327488,-0.048278477,-0.020038646,0.044282187
-0.04132563,0.0028125348,-0.054039177,0.0011423765,-0.009244231
0.029598108,-0.037158936,-0.0141682625,-0.01602287,-0.007580715
-0.03354674,-0.05848441,-0.0053194156,0.028710404,0.036750074
0.010232677,-0.01990843,-0.029149782,0.050481815,-0.026040385
0.007109105,-0.0068985075,0.030614508,-0.022183623,0.038263794
0.009297177,0.063658476,0.029438017,0.046939164,-0.024619685
0.0123639805,0.039812084,0.06456164,0.037215777,-0.042783383
0.017218146,0.030214071,0.011210494,0.0006512524,0.015150272
-0.03314306,-0.008031362,-0.022329602,0.050145734,-0.0059920414
-0.041341577,-0.042613447,-0.04463354,0.054394677,-0.027672442
-0.0040812544,-0.009778747,-0.02354344,0.006915567,-0.010150972
0.027163737,-0.01063852,-0.006877295,0.03592224,-0.038564816
0.02559575,-0.014581123,0.009290047,-0.021493092,-0.03829645
0.02870945,0.009260427,-0.01692174,0.027553154,0.0052775624
0.011562581,0.0036418887,-0.04148888,0.026812425,-0.035304442
0.03246942,0.004230027,-0.014993917,0.040019453,-0.008316681
0.018677665,0.0239846,0.013435504,0.01954791,-0.0030701382
-0.019411663,0.014277137,0.0735027,0.028792424,0.052724097
0.014754936,-0.0077112694,0.04013337,0.0030285744,0.029685274
-0.013271682,-0.03293582,0.009955741,-0.020155596,0.008556476
-0.0065963194,0.018131454,-0.037066896,-0.022047058,-0.02181064
0.0052498663,0.04772427,-0.028841633,0.01857649,-0.009887506
0.022876125,0.005646457,0.04917495,-0.005734084,-0.028508773
0.02602024,0.038973156,0.037699975,0.017320612,-0.01572093
0.003623446,-0.014409517,0.026139349,-0.012858412,0.05107457
0.016336607,0.032794777,-0.0086088795,0.01002068,0.03212851
0.01645673,-0.035847165,-0.007186292,0.013754232,0.053713378
-0.025194325,0.047409844,0.03707921,0.05803831,0.023852952
0.03856844,0.023972088,0.012411446,-0.02336934,-0.00054655387
-0.043956395,-0.051390488,0.031099223,-0.036476966,0.035854936
-0.042532388,-0.039430637,-0.00983603,-0.023210071,-0.054774854
0.0053582625,0.023859443,-0.002042324,-0.03535833,-0.05369458
0.06403155,0.03811738,0.0035649622,-0.046778027,-0.053968776
0.0376298,0.03285519,-0.05528066,0.0099879885,0.0073297457
-0.011674554,-0.043775313,-0.057441685,0.00086316105,-0.02197373
-0.012683872,-0.011974584,-0.010330847,-0.007936949,-0.02221517
0.026462343,0.0062144585,-0.017234659,0.024222162,0.028313112
-0.011214598,-0.037241865,-0.032392804,-0.00876264,0.010092658
-0.0022523515,-0.075459614,-0.012694403,0.05567904,0.052050088
-0.023422137,-0.052239135,-0.0294085,0.06018542,0.022342978
0.01924549,-0.030381244,-0.04099313,0.0037723582,0.055429578
0.025333518,0.009670716,-0.018307049,-0.006461707,0.039010342
-0.022134738,-0.05261609,-0.03055669,0.0033429882,-0.033055667
-0.028051438,-0.04458041,0.03616283,0.010271882,0.0054536816
-0.040373687,0.042573683,0.04730818,0.0032761535,0.016383607
0.019403856,0.059504874,0.044142444,0.0568953,0.07680074
0.012575399,0.030417433,0.007088727,-0.008135983,0.045479048
-0.015565051,0.023243688,0.055193428,0.015562756,-0.03134736
0.001725163,0.013182725,0.030331977,0.018347887,-0.036115088
-0.039693583,-0.02368047,-0.057009574,-0.03549416,-0.007301552
0.02098626,-0.051095564,-0.032088686,0.018932004,0.0074889716
-0.031957142,-0.061405253,-0.029427804,-0.017378516,-0.0049648425
-0.045088284,0.013616133,0.031253286,0.070246786,0.07697475
0.024381146,0.03802245,-0.039798092,-0.029703433,0.0010434118
0.015539191,0.0054176566,-0.028020618,0.0032416016,-0.024626637
0.035590395,-0.009276818,-0.010547891,0.038459968,-0.038888395
0.0011158073,0.033425555,0.005238168,0.041048694,0.011190381
