-0.030709404,0.031119311,0.047488805,0.031143883,-0.023434032
0.02603781,0.045217156,0.025040824,-0.0047433632,0.028439736
-0.015318546,-0.020063443,0.02627517,0.022414,0.048069417
-0.0062981006,-0.020034803,0.016680708,0.01986033,-0.0022868668
-0.029963542,0.029209398,0.035184816,0.032130122,0.026069263
0.012731702,-0.0059006168,-0.057076413,0.0033185675,-0.002047168
0.039884306,0.008038464,-0.015694205,0.010601705,-0.010818661
0.05604567,-0.0032139202,0.006429212,0.008868093,0.010706925
0.035380103,-0.0031796477,-0.008282908,0.012941733,0.012799697
-0.039762735,0.044582956,-0.034764268,-0.003948757,0.03175626
-0.015727438,-0.038178276,-0.0010631017,0.049029537,0.015461916
-0.026320208,-0.019448059,0.027549466,0.028507143,0.062310345
-0.018996047,0.032351285,0.03655536,-0.0010924959,-0.0034972595
-0.055308994,-0.037720516,0.017614923,0.05031526,-0.008657303
-0.037575662,-0.031603646,-0.011127397,-0.027433379,0.001401528
-0.027294194,-0.008618301,0.045337245,0.037307817,-0.03590359
0.033691213,-0.02093019,-0.020697732,0.028322995,-0.001362467
0.02884135,0.05050762,-0.012456592,-0.010859615,0.0076404475
0.027121212,0.07797391,0.039216828,0.021764731,-0.012201338
0.031654157,-0.010176462,0.06187462,0.04766608,-0.030517194
0.050849576,-0.028061314,0.023931952,0.037302524,-0.0040538446
0.018064655,0.020100066,-0.012300765,0.05099587,-0.0017748427
-0.009578967,0.022038948,0.044039134,0.008692754,0.018964699
0.021704443,-0.03711033,0.028638506,-0.004853145,0.045290396
-0.0060352865,-0.012354269,0.012489786,0.014230505,0.0152265765
-0.01505688,0.02996295,0.05738929,0.053196784,-0.015939342
-0.07278111,0.025517305,-0.01258554,-0.019129839,0.020569373
-0.115900725,0.0042174202,-0.026046464,0.0286028,0.068828866
-0.09464044,-0.0015995088,-0.0028173968,0.0043034204,0.026672335
-0.07409812,-0.01864619,-0.01700357,0.026451824,0.033274237
-0.029949237,-0.026570281,-0.028695565,0.018319318,-0.028160179
-0.040501457,-0.0057233553,0.025132582,0.014002886,-0.004921363
-0.036861982,0.006301384,-0.03593518,0.019867683,-0.012411876
-0.04626484,-0.030662386,0.007078118,-0.015421459,-0.025915343
0.020022083,0.052453328,8.970932e-05,0.036692664,-0.004905924
-0.031135654,0.028667113,0.007788915,0.024445966,0.021087475
-0.034105044,-0.0026388927,-0.030921064,0.019056529,0.020543898
-0.043568034,-0.0026765447,0.013065101,0.0381613,-0.03422904
-0.05292086,-0.010557469,-0.012510878,-0.02520097,-0.028235184
-0.039031856,-0.011503057,0.037858408,0.02816198,0.041622657
-0.032236084,0.04285525,0.020435562,0.03494308,0.013365541
-0.02051902,-0.011448131,0.0381359,0.010867049,-0.024001632
-0.04856055,0.03396712,0.04896382,-0.031371757,0.056370288
-0.07415571,-0.03161566,-0.0058711166,0.029854273,0.0073889396
-0.07499461,0.019099489,-0.04138844,0.021953555,0.041214183
-0.047943838,-0.020254394,0.015077893,-0.033434656,0.023319868
-0.03577898,0.03628819,0.02474412,0.04823004,0.024181481
-0.031681612,-0.0033631602,0.04840198,-0.03264921,-0.028998395
-0.057032116,-0.010845225,0.019391196,-0.023825567,0.0020316194
-0.03386837,-0.013051624,-0.024488254,0.03139763,0.029642344
-0.006749349,0.03953296,-0.020157631,0.05298088,0.03891344
-0.01184083,-0.004867069,0.0038404362,0.0034704977,0.029279377
-0.04197796,-0.025195066,0.05850288,-0.004961677,-0.0031747955
-0.022170128,0.015677506,-0.0070095733,-0.026854604,0.00036582752
-0.013240207,0.03262623,-0.032874975,-0.022712626,0.017920043
0.019266764,-0.049756933,0.029361313,0.010502791,-0.03012814
0.016914535,0.038709216,-0.01993959,-0.038115002,-0.038635157
-0.035884507,0.021640606,-0.025280073,0.0029751416,0.0081926575
0.0051136618,-0.006188286,0.031531725,0.028421175,0.023930306
-0.054119326,0.030569099,-0.015532644,0.0057595256,0.053926773
0.052617792,0.05706584,-0.017482193,-0.007395374,0.05466947
0.05532094,0.034514982,-0.031436525,-0.017187126,0.0033122152
-0.024463985,0.004275,-0.02050574,-0.0039384225,0.027850235
0.029074034,0.03617462,-0.047788084,-0.015141295,-0.014806201
0.03479873,-0.00013304426,0.020576106,-0.025543496,0.038933866
0.04761505,0.025178347,0.0356398,0.013935251,0.037189037
0.05880089,0.024125729,0.007736429,0.022585493,0.027230099
0.032944784,0.031061657,0.031964786,0.03828676,0.03484968
-0.0031327817,-0.017619317,0.025474688,0.03427768,-0.012638185
0.039378647,0.010738537,0.040416613,-0.02427016,-0.010862232
0.029587012,-0.0013612931,0.015099974,-0.046546165,-0.021782773
0.025029311,-0.05070318,0.011937901,0.01744164,-0.02087834
-0.025404872,-0.0560809,-0.0027858405,0.0015773757,-0.022366468
-0.015843559,-0.029332725,-0.01729208,0.017606022,0.016783992
-0.05205674,-0.010545449,-0.043797504,0.0035417369,0.0040739616
0.03976894,-0.023957625,-0.031980768,0.0055579743,0.054576658
-0.046657033,-0.0025766538,0.034921054,-0.022963217,-0.008859513
-0.009339156,0.0040810374,0.054302007,-0.03317801,0.005024464
-0.03998776,0.013585889,0.010671577,0.030067192,0.029127005
0.0044038426,0.038159456,-0.00044042265,0.047643807,-0.017163193
0.041744564,0.040123302,0.039812285,0.01910015,0.031137705
0.019684672,-0.012298112,0.0069421404,0.044360887,0.01636759
-0.011963167,-0.015088037,0.020708721,0.0042975447,-0.005451134
-0.031695418,0.018704735,0.0010892836,-0.037718754,0.016859857
-0.0030159317,0.027430369,-0.019263897,-0.026547877,0.053203657
-0.0032385702,0.022721482,0.0019060428,0.0023294548,-0.031744212
0.0276388,0.057537694,0.023657149,0.014361334,-0.041829556
0.058214117,0.056250397,0.045653258,-0.01822798,0.031561423
0.024511768,0.036369402,0.00963995,0.053227007,0.0442875
0.01234114,-0.009034277,-0.015236443,-0.005039137,0.028880807
-0.020582454,0.030930504,-0.059675753,-0.047945745,-0.038706988
0.024313297,-0.011815233,-0.064362325,-0.04974729,-0.04878177
0.0027816424,0.0032308314,-0.056313302,-0.062339626,-0.0451931
0.025721155,0.015299164,0.02277421,-0.022539897,-0.05813551
-0.021963151,0.024766285,0.043914318,-0.009850606,0.028435059
0.016102875,0.05587754,0.0027544515,0.010188645,0.028026478
0.0074558277,-0.01619627,-0.005099155,0.0009788657,0.0543422
0.013109176,0.009805244,0.03261056,0.011883129,0.028143022
-0.022974616,-0.002600155,0.022147913,-0.032963626,0.0212899
-0.037934985,-0.04663334,-0.02081658,-0.021066112,0.030459749
