-0.16205634,-0.17443511,-0.23496284,-0.2008309,-0.11827433
-0.17077462,-0.18964528,-0.18600301,-0.15068771,-0.14134549
-0.1731007,-0.16831183,-0.16978827,-0.16693617,-0.1804992
-0.17067957,-0.24519074,-0.17648664,-0.18598014,-0.16518052
-0.22636992,-0.16462182,-0.21307033,-0.16664211,-0.19218847
-0.16172919,-0.17549418,-0.17204021,-0.16602771,-0.15550856
-0.1544455,-0.12787405,-0.102902025,-0.15874425,-0.17746153
-0.2404732,-0.22609985,-0.19790077,-0.14755264,-0.15421003
-0.22784363,-0.19439392,-0.2422299,-0.1611808,-0.21206366
-0.19784632,-0.1910153,-0.22297822,-0.1701024,-0.20580648
-0.13854392,-0.24835035,-0.20003597,-0.19000824,-0.13595633
-0.1462854,-0.17193422,-0.17121467,-0.17445071,-0.14970224
-0.1344931,-0.23718128,-0.23962179,-0.21293387,-0.13734503
-0.23136646,-0.1794723,-0.12132538,-0.12571746,-0.17190585
-0.17532918,-0.17523313,-0.10829959,-0.118212305,-0.15720272
-0.09979415,-0.16753647,-0.22544894,-0.16939911,-0.15391073
-0.22311842,-0.13574177,-0.21270849,-0.11428481,-0.105816126
-0.18519115,-0.13278805,-0.19381101,-0.14126226,-0.13717794
-0.20424154,-0.111836016,-0.11722874,-0.14681776,-0.18807377
-0.20252056,-0.12645406,-0.10561726,-0.1727586,-0.13603713
-0.15171209,-0.24889216,-0.24861465,-0.21127391,-0.17363487
-0.23462956,-0.19052252,-0.11663394,-0.23804156,-0.18645109
-0.19660881,-0.1831094,-0.20598681,-0.24832247,-0.16709217
-0.12128775,-0.12510319,-0.1077809,-0.10770651,-0.09781066
-0.12360719,-0.174194,-0.100496314,-0.12950747,-0.15947592
-0.15885463,-0.10033561,-0.13270117,-0.10986515,-0.13883299
-0.1637017,-0.17520179,-0.19453377,-0.13168648,-0.14276725
-0.16557117,-0.19600199,-0.20263088,-0.17470127,-0.2087104
-0.20799409,-0.17928188,-0.20541938,-0.22622477,-0.17993288
-0.10317497,-0.18372951,-0.16824386,-0.09918247,-0.16145541
-0.19643255,-0.14362063,-0.25847164,-0.20806773,0.06012822
0.20782818,-0.14876963,-0.03693732,0.16716503,0.064078875
0.19378199,-0.1770099,0.047096238,0.13329728,0.18420422
0.026135823,0.15752922,0.18070526,-0.18074128,0.2053052
0.18506104,0.18645999,-0.1893105,-0.16344777,-0.21859571
-0.24962865,-0.22337744,-0.10254118,-0.08674985,0.04641869
-0.11826101,-0.10480376,-0.05012819,-0.085987195,0.059971873
-0.24532694,-0.25880307,-0.15218592,-0.14953177,-0.07620879
-0.16068965,-0.1931029,-0.17785035,-0.3019741,-0.24221219
-0.20098042,-0.19346866,-0.2687343,-0.29954448,-0.26344043
-0.17214395,-0.20270765,-0.1623258,-0.17302147,-0.16890155
-0.1825106,-0.19108884,-0.17135283,-0.09884541,-0.15794678
-0.2424105,-0.19273512,-0.16747344,-0.2263111,-0.16669291
-0.12989649,-0.12115601,-0.11189221,-0.230318,-0.216727
-0.09967121,-0.16465914,-0.15854746,-0.15093964,-0.24464764
-0.24578938,-0.100833274,-0.13254748,-0.19714873,-0.19395131
-0.178203,-0.1067539,-0.174183,-0.19273274,-0.17628078
-0.10766915,-0.14873815,-0.20116524,-0.22896273,-0.17405385
-0.0942293,-0.1745608,-0.1696617,-0.18390815,-0.17531437
-0.13197611,-0.1846177,-0.1787289,-0.13828366,-0.17503388
-0.13286053,-0.11495452,-0.15940085,-0.16171835,-0.11303936
-0.17040947,-0.1512805,-0.17940663,-0.11062449,-0.12745126
-0.22421122,-0.1735688,-0.16277878,-0.12420403,-0.2371598
-0.21636543,-0.16933696,-0.17288826,-0.22108082,-0.17924021
-0.23445182,-0.13018654,-0.16588975,-0.19834317,-0.24275403
0.0134131275,0.024923965,0.031102668,-0.029417751,-0.16800103
-0.0023275546,-0.007818874,-0.009925008,-0.016114207,-0.12748678
0.021251664,-0.0086862175,0.035142973,-0.00024033057,0.010901988
0.011192373,0.17106676,-0.1871123,-0.004994595,0.016912607
-0.0240264,-0.020529056,-0.21862064,-0.019454664,0.014254722
-0.16896494,-0.24935159,-0.221206,-0.11424728,-0.16652311
-0.111982316,-0.2030857,-0.18439417,-0.13472836,-0.16921346
-0.19649205,-0.24523582,-0.16300035,-0.16148214,-0.11376336
-0.23366405,-0.24305198,-0.18780315,-0.17837977,-0.20551272
-0.24314116,-0.21792084,-0.2365554,-0.19275373,-0.19817272
0.031077862,-0.12899807,-0.19436614,-0.13833942,-0.14260682
0.0068744086,-0.21711309,-0.20468214,-0.15398212,-0.1403819
0.023900418,0.0042150877,-0.027197205,-0.21274747,-0.025556736
-0.17332944,-0.16735132,0.03425099,-0.20582142,0.02338997
-0.13549381,-0.21410556,-0.19746009,-0.18589383,0.008580425
-0.16532604,-0.19593914,-0.17481625,-0.10621327,-0.17055303
-0.18270527,-0.23563328,-0.21114908,-0.20744029,-0.20166369
-0.101922676,-0.16525346,-0.21919882,-0.22703466,-0.13863094
-0.13447934,-0.11482128,-0.12547173,-0.12834817,-0.12720335
-0.1723966,-0.18096827,-0.1466927,-0.17335361,-0.11173618
-0.20998907,-0.23727334,-0.21248531,-0.17210674,-0.16276316
-0.20958316,-0.12730679,-0.10999198,-0.14912574,-0.17436582
-0.2239327,-0.15677293,-0.13725105,-0.17267214,-0.1028202
-0.19411005,-0.17464842,-0.11802468,-0.14006954,-0.09850053
-0.20849246,-0.20605108,-0.24831297,-0.2419889,-0.20492314
-0.10447462,-0.17006302,-0.19625169,-0.17320998,-0.17699845
-0.22168303,-0.2349353,-0.17945832,-0.1561301,-0.14850718
-0.18288787,-0.12183446,-0.14300604,-0.15266107,-0.21460433
-0.17919384,-0.111134365,-0.102274016,-0.18352398,-0.24772601
-0.18415336,-0.14946333,-0.14254221,-0.17156507,-0.11764414
-0.20210896,-0.22782685,-0.24843517,-0.10762373,-0.09798133
-0.13802277,-0.16376154,-0.11387387,-0.115963615,-0.14887582
-0.16358332,-0.23814349,-0.14751607,-0.10448505,-0.17005949
-0.21964872,-0.22405677,-0.22348288,-0.16580442,-0.17793182
-0.18289901,-0.23248951,-0.20570448,-0.21991813,-0.2301863
-0.18605301,-0.17205274,-0.11738558,-0.12946756,-0.1520972
-0.18564059,-0.14513993,-0.18788336,-0.15523885,-0.10687781
-0.19544871,-0.20756644,-0.1874947,-0.11910716,-0.23793073
-0.19209926,-0.24590048,-0.21452966,-0.21998806,-0.17209898
-0.24822524,-0.18909419,-0.24577521,-0.1860468,-0.19467165
-0.15893574,-0.19239976,-0.16289563,-0.17795087,-0.18230437
-0.15322198,-0.10167286,-0.19827732,-0.13636395,-0.1388863
-0.22151485,-0.2172392,-0.20215897,-0.108405046,-0.15495786
-0.21858165,-0.19788744,-0.22228317,-0.16797587,-0.17232634
-0.2034894,-0.23532778,-0.19460687,-0.16883098,-0.19170928
