0.044454787,-0.035233203,0.029619137,-0.033576813,0.019896377
-0.00020338563,0.031693492,-0.045851137,-0.017245697,0.042149216
-0.052313063,-0.053615075,0.021374872,-0.01461455,-0.0076415944
0.035208795,-0.024568757,0.042440865,0.045784913,-0.0096036745
0.037717793,-0.0136432275,0.003311743,0.023235936,-0.0047255387
0.0057776324,-0.0050363406,-0.048529983,0.030604504,0.019656181
-0.045060307,-0.012527549,-0.02588252,0.042094134,-0.034483176
-0.019990435,-0.029120432,-0.022678677,0.039435014,0.03313711
0.00091252476,0.023995355,-0.0061514066,0.030647721,0.007573066
0.016818337,0.011574186,-0.028121017,-0.010686985,-0.06921921
0.045340896,-0.038674157,0.006216536,-0.062335715,0.005938807
-0.028586825,-0.001466125,-0.018334227,-0.031851444,-0.044592842
-0.0046973806,-0.06858759,-0.022303883,-0.016231531,0.00040652146
-0.014744642,-0.012477015,-0.01415813,0.038713444,-0.020168047
-0.017918987,0.033801794,0.033197317,0.05804926,0.018505784
-0.016477134,-0.006247555,-0.01578437,0.021605061,-0.0073390896
0.031452127,0.029348888,0.06365554,-0.015218416,0.047423016
0.002665122,0.04581076,-0.0066148415,0.013637651,-0.012845981
-0.041304056,-0.043902736,0.010237063,-0.023239693,-0.062821314
-0.037234355,0.026120806,0.025368024,0.047014147,-0.0049807257
0.006551999,0.015148145,0.041735627,0.04461164,-0.00050815195
0.013235735,-0.0064538387,-0.0006948142,-0.015531332,0.038639527
0.042853817,0.008399801,-0.029302817,0.016170891,0.0063447026
-0.013935924,-0.0051398044,0.019040179,-0.028953083,0.018139582
0.0026419503,0.014616599,-0.019603835,-0.038075615,-0.033710793
0.016104808,-0.044687327,-0.059921924,-0.032634225,-0.066369146
-0.0056877993,-0.02563181,0.017946461,-0.04048176,0.0052719126
-0.019317836,-0.07967656,-0.009034764,0.01766941,-0.043863177
0.022099972,0.078528956,0.09662587,0.058205843,0.08876457
0.07704825,0.04640276,0.02726688,0.033761613,-0.0036097202
-0.023620121,-0.019178495,0.029112402,0.021495407,0.031239493
-0.0034253774,0.010442834,0.0041613085,0.010384023,0.050629623
0.010437152,-0.02528588,0.00897856,0.0012555912,-0.017858298
-0.010636417,-0.029689383,0.014961551,0.006635714,-0.011273564
0.004090811,0.023041027,-0.01906111,-0.019171804,0.0025150143
-0.019912874,-0.024396246,0.007922365,0.024876349,-0.029421942
0.03296034,-0.0010089527,-0.013430648,-0.0071111564,0.028412813
-0.0022749598,-0.04526025,0.03753626,0.012508842,0.014899299
-0.006904303,-0.0074397777,-0.030302653,0.0018538665,-0.025517114
-0.048492122,-0.026952114,0.0010949223,-0.004539829,-0.0022310012
0.040547743,0.010739144,0.034717858,0.028773328,-0.015390385
-0.032561485,-0.0468487,0.0019692972,-0.05613376,-0.0264712
-0.020583173,-0.0387998,-0.03002448,0.038223036,-0.034035355
-0.039367106,0.009364024,-0.04138584,-0.008641395,-0.020819394
-0.0041751,0.038978774,0.009282092,0.031872213,-0.019697793
-0.050395027,-0.016001442,0.020732738,-0.032702565,-0.0043256427
0.036154598,-0.017777666,0.012466214,-0.0004801039,-0.03828686
0.053308774,0.04723162,0.042244762,-0.022059435,0.037364863
0.073525324,0.07322038,0.076237075,0.0017542377,0.03646662
-0.024830455,0.014163426,-0.0371279,-0.059784465,-0.06371869
-0.021447165,0.0044299825,0.040585477,-0.01799241,-0.015766367
-0.03166545,-0.038866892,0.031568017,-0.022820335,-0.0015595402
-0.034314416,0.036259376,0.0035406724,-0.021744203,-0.018859655
0.04624059,0.048534986,0.0011401648,0.031958193,0.0057127136
0.033325322,-0.025940638,0.032285318,-0.009728974,0.043232314
0.00076546316,-0.009680981,0.0037339884,-0.012145041,-0.040575325
0.025691371,0.019471623,-0.013763778,-0.01992947,-0.040101923
-0.018720424,0.054275792,0.014960883,-0.028279377,0.020266077
-0.027060904,-0.008376652,-0.0349944,-0.05768984,-0.051971268
0.037229493,-0.0016522774,0.0054972316,-0.024701355,-0.028131006
0.0218834,-0.014385744,-0.029198566,-0.004417986,0.04349349
0.005930556,-0.04178366,0.0466276,0.01849182,-0.009673634
0.029809156,0.0035759285,0.054402187,0.038026866,-0.017529216
0.04093824,0.014751436,0.049522135,0.027039057,0.008558539
0.026772002,-0.031899504,0.03374936,-0.008563779,-0.0044349097
0.04172301,-0.049954813,0.02892756,-0.009885631,0.038877003
0.010094504,0.026761606,0.0072500934,0.015991597,-0.03234608
-0.023796743,0.026403211,0.044153485,-0.021378169,0.031563167
0.0016400163,0.018793479,0.008119449,-0.02757643,0.011428648
0.018891132,-0.0453887,-0.024155479,0.041424967,0.012246047
0.011517388,0.042995594,-0.031559695,0.06303141,0.058976702
-0.005045915,-0.015973574,0.05510221,-0.017048134,0.04414474
-0.01949368,-0.024841378,0.0005932036,0.018381992,0.016909884
0.037996277,-0.00071805995,-0.01556224,0.031578433,0.057704784
-0.022691669,-0.013691039,-0.008093199,-0.006324514,-0.047427274
-0.0007215947,0.042554885,-0.014156429,0.055865042,-0.010872409
-0.046719585,0.023725165,0.021174192,-0.041398246,0.010133585
-0.034431435,-0.013207745,-0.030285513,-0.012353769,-0.03964684
-0.056782324,-0.075013235,-0.07922375,-0.037526626,-0.043931432
-0.003547119,0.015306042,-0.008124665,-0.028619597,0.011190615
0.0065685296,-0.0022126257,0.012183355,0.002325877,-0.03622972
-0.005511827,-0.0021516846,-0.056471188,0.0022231352,0.02143096
-0.030455127,-0.037635226,0.026014134,-0.008037572,0.06584274
0.03032282,0.007865838,0.0082105175,0.03132244,-0.0014475406
0.034289107,0.036560487,-0.024445774,-0.012863473,0.04052092
-0.0017913823,-0.033478785,0.029233614,0.00756798,-0.023500675
-0.0029373781,-0.012042703,0.012208555,0.0021631864,0.05633188
0.0067770453,-0.026184421,-0.029199744,-0.033413716,0.015618549
0.03511363,0.029547963,-0.02825181,-0.01606021,-0.03568043
0.016674107,0.019727932,0.013879774,0.029779602,0.006286392
-0.006879475,-0.032135665,-0.024946125,0.03824596,0.026296746
-0.037799448,0.020288924,0.018733982,0.041643597,-0.031170607
0.022561276,0.0022724462,-0.020952823,-0.049298193,-0.026180815
0.010623367,-0.032854766,-0.0079786135,-0.053843413,-0.005704431
0.030811887,-0.008001356,-0.02483138,0.00093702413,-0.0027755678
-0.0074492,0.040933803,-0.03177269,-0.04660837,0.058240086
0.019550484,-0.042505924,-0.021726556,0.039819174,-0.00967169
-0.03431495,-0.019896166,0.04376113,0.019454515,0.014311519
0.021372829,0.068461694,0.04074919,0.077853166,0.047133327
0.028172404,-0.0014254142,0.041949615,-0.022383776,-0.0049467226
