0.037254497,-0.0036141118,0.0006993619,-0.02320589,-0.025084447
0.047570635,0.0020305833,-0.026143586,0.02145345,0.016147502
0.026926188,0.053107,0.05739715,0.005497037,-0.014056928
-0.016223324,-0.04073515,0.028959692,0.040115535,-0.002890011
0.02248521,0.036772482,-0.02722505,-0.056603525,-0.03583174
-0.021069203,0.031248413,0.018185984,0.034245346,0.04511527
-0.0384726,-0.026027257,0.020751182,-0.012970768,-0.041480612
-0.040124815,-0.030167878,0.004736364,0.0076270043,-0.026204495
-0.011562127,-0.06259811,0.005561138,-0.03705733,0.012171362
0.027050124,-0.011850071,-0.0008805592,0.012206722,-0.015783414
0.009915714,0.007442496,0.03083032,-0.013664811,0.022655807
0.03784851,0.07466417,0.0028989643,0.016454706,0.00058462674
-0.027160186,-0.019327879,0.03597195,-0.0025461838,-0.006437894
-0.025893057,-0.09714288,-0.028056683,-0.053885244,0.0046904436
0.060420934,0.039693512,-0.06397919,-0.06526811,-0.060165558
0.030314704,-0.014814263,-0.068839036,-0.044647105,-0.05860429
0.09375786,0.08075956,0.054160986,-0.07133773,-0.0315664
0.038483173,0.08547416,0.13397859,0.09668628,0.0110491505
0.0004689526,0.05968346,0.10524135,0.12619048,0.07361516
0.01255544,0.0043506175,-0.055965245,0.028782193,0.014501652
0.02752315,-0.017464874,0.050880402,0.040898312,-0.022527084
-0.007709327,-0.032048352,0.020836916,0.023027344,0.0044430494
0.025379064,-0.024502687,0.025950218,0.028205128,0.016286798
-0.016127367,-0.015252903,0.02786598,-0.010064881,0.032625053
0.037572134,0.013083082,-0.021926172,-0.027401896,0.03606465
0.022636168,0.06256563,0.011582177,0.010922168,0.042251218
0.0019216486,0.033993147,0.13038372,0.08894807,0.077582575
-0.06873081,-0.11494577,-0.03895517,0.029868163,0.03256124
-0.0023082504,-0.10802677,-0.10220917,-0.115892306,-0.01622962
0.046102375,0.1009571,0.07333745,-0.06024238,-0.080084935
0.025643613,-0.034467123,0.002397323,-0.034478843,-0.008960132
0.0132792005,-0.023734663,-0.038487345,-0.066705115,-0.024418214
-0.007378244,0.003343782,-0.014572439,-0.039167568,0.023172375
0.035880573,-0.025164647,-0.03555436,0.031067193,-0.004387302
-0.026713785,-0.035957076,-0.004707928,-0.026524134,-0.052808292
-0.031160975,-0.009710049,0.03163798,0.009403796,0.0010238052
-0.011606674,-0.03995529,0.005251649,0.048681296,0.003950194
-0.05408127,0.002076876,6.2921026e-05,0.0014176079,-0.031954367
-0.024078218,-0.036207315,0.021346208,-0.045770068,-0.003018693
-0.020381484,-0.0020186505,-0.05138974,0.027338952,-0.02468805
0.026502717,0.012284838,0.005996369,-0.004879272,-0.023996305
0.0026661824,-0.004254783,-0.0117805265,0.02684018,-0.02113604
-0.042697202,-0.0042695175,0.068847775,0.06015536,0.050153546
-0.06787768,-0.08071923,-0.039412566,0.007968917,0.05805941
-0.0058406433,-0.035323564,-0.08832557,-0.09381371,-0.006485926
0.013291156,-0.016291995,-0.021224711,0.0058542537,-0.013727678
-0.009609892,0.021025049,0.037401404,0.040350933,0.019379258
-0.019798456,0.001119682,-0.04939788,-0.011948537,-0.024771716
0.1009585,0.04041195,-0.052132502,-0.023263408,-0.024443634
0.032336336,0.11661115,0.09885935,0.06174416,0.012692798
0.038604215,0.024051871,0.0014244411,-0.04535847,-0.003628371
-0.026037209,0.057162985,0.06613898,0.021674246,0.010561155
0.019375212,0.01812228,0.08048778,0.035808578,0.027902814
-0.011108956,0.0072008395,0.015393811,0.0590184,0.003584236
0.043591443,0.05202028,0.0385816,-0.0021484226,0.023630826
-0.031403095,-0.0014826012,0.032997333,0.026152682,0.009291747
0.024525927,0.0013918563,-0.05004617,-0.043825652,-0.03669905
0.0045907125,0.036018766,0.014472145,0.03252317,0.012582235
-0.03142903,-0.039033294,0.007058741,2.9561808e-05,0.025347698
-0.039255098,-0.029977579,-0.0109324455,-0.011551241,-0.0669203
-0.031905226,-0.02770254,-0.021261603,-0.027644686,0.031313427
-0.019598588,-0.015999492,-0.022608856,0.0057382598,0.02549476
0.032129478,-0.020030646,-0.03998106,-0.015964184,0.019736977
0.065216824,0.02970601,-0.0035728838,-0.05136117,0.006116814
0.049685344,0.07381825,0.058110397,0.03341521,0.029159334
0.044113886,-0.008040644,0.0051069204,-0.008751983,-0.0076424913
0.003550462,0.045093644,-0.01631626,-0.028609036,-0.0027718828
0.014875461,-0.038216192,0.040077824,0.028320057,-0.040583093
0.00979261,-0.01047932,-0.0049946303,-0.04362455,0.0004115977
-0.04987784,-0.012704363,0.0006464194,0.016172472,0.005755241
-0.05127163,0.039619196,0.03457932,0.0055463547,0.0054717483
0.013513322,-0.007350537,0.016809715,-0.0024516652,-0.021267705
0.003616878,-0.038685825,-0.03111012,0.0012093253,-0.0063120965
-0.005413216,0.07012818,0.031070247,0.052004326,0.0052651297
-0.028583705,0.051516254,0.08979039,0.06386938,0.07006499
-0.030828226,0.020285612,0.048338402,0.01538497,0.013567941
-0.0055473773,-0.033810806,0.0038798416,-0.02617495,-0.041908007
-0.053331923,-0.049846195,-0.039791424,-0.010340226,-0.005423452
-0.051563878,0.008488521,-0.06815329,-0.035587814,0.017713143
0.012211822,0.026937755,-0.01459456,-0.029474866,-0.033792786
-0.026075818,0.0034025724,0.024463588,-0.006160681,-0.023351865
0.033377,0.06954703,0.012343649,-0.0042338045,-0.04048572
0.052685138,-0.0012372097,0.094973624,0.03051582,0.050164036
0.019582314,0.053233232,0.060032435,0.029458143,0.03484219
-0.008535888,0.015199321,-0.04023007,-0.039464086,0.02250369
-0.016459169,-0.0039640176,0.009018361,-0.02438057,-0.019522654
0.011258575,0.0058692936,0.057356436,-0.06766972,0.02386343
0.043727156,0.031743668,0.13839072,0.07661757,-0.030978963
0.029487554,-0.015453544,0.081283435,0.06558773,0.085872605
-0.01660358,-0.038299203,-0.057081893,-0.049980763,-0.0058137127
-0.04512134,-0.0054242057,0.032423146,0.033062577,0.022419075
-0.02223478,-0.0384134,-0.04932048,-0.052204445,-0.02763103
-0.032940693,0.0028093648,0.016894115,-0.004859221,-0.023814432
-0.0025582542,-0.060498923,-0.037210237,0.032689914,0.032031957
-0.040829916,-0.0040727663,-0.019208575,-0.011730104,0.030043079
-0.044674832,0.047652494,0.05744129,-0.014206998,-0.024929112
-0.0193755,0.04949565,0.016604127,0.046928246,-0.022854077
0.06440812,-0.054966584,-0.025859848,-0.016338432,0.0013756452
0.0337557,0.0027375654,-0.04137949,-0.04964596,-0.060917053
0.019125957,0.11568051,0.13824081,0.056608893,0.023195032
