-0.031229546,-0.0018856503,-0.058391698,-0.024864601,-0.0077734743
-0.023256075,0.026285937,0.017806992,0.02098594,0.040077478
0.04037141,0.0467241,0.10185109,0.15273024,0.10170596
-0.05181065,-0.05000941,0.015723724,-0.042687826,0.011077454
-0.11898824,-0.10692955,-0.10907921,-0.07800443,-0.004041262
-0.006332407,-0.0009040729,-0.0021657136,0.01429039,-0.01693093
0.033939157,0.09106999,0.066788875,0.083750345,0.037748605
-0.02211899,0.084695175,0.093983054,0.079355516,0.07292428
-0.052075718,-0.04049758,-0.078463,-0.11997817,-0.08948676
-0.064125106,-0.07329926,-0.040520415,-0.055898875,-0.051645614
-0.027190257,-0.041233256,-0.043214887,-0.0017128775,0.02994083
-0.020556826,-0.019102978,0.025598502,-0.016419742,-0.0068043894
0.015085683,-0.05367124,0.014289166,0.051417965,-0.00041993082
-0.009239528,-0.034725383,-0.013644725,-0.023410533,-0.008823578
-0.0053692493,0.011845822,-0.055275004,-0.009950088,-0.014063597
-0.034766164,-0.0077159656,-0.054333836,0.019311653,0.0030533264
-0.030902032,0.015433474,-0.040194977,-0.003950832,-0.00080821064
-0.044951815,-0.02867642,0.00049600535,0.043947507,0.036768317
0.021760805,-0.022210369,-0.04100155,0.011622053,0.004291149
-0.01624705,-0.011827801,-0.050421506,-0.016417542,0.058851853
-0.010387101,-0.00068230956,-0.035898276,-0.023649557,0.0018158382
-0.030496074,-0.011105552,0.01100012,-0.047335345,0.015577052
-0.03029634,-0.027434392,0.010713832,0.03262088,-0.011170131
-0.0104558915,-0.036127504,-0.020374952,-0.034130264,-0.00560637
0.019989742,-0.030974679,0.046924282,0.03741531,-0.035809427
-0.010602539,0.02177532,-0.0030327607,0.0069888625,-0.0022270496
0.044538654,-0.0029150748,0.07714551,0.043393858,0.026901148
0.012154508,-0.027329527,-0.04415173,-0.029689152,0.016007632
-0.04722082,-0.008571535,-0.06557205,0.011612809,0.018989446
0.010612746,0.034730513,0.023220005,0.0496863,-0.019038294
-0.0070830737,0.018577024,0.04131026,0.018947298,-0.035984673
0.03380876,-0.01000327,-0.010783704,-0.04360799,-0.010060311
0.03051948,0.0064016986,-0.023556544,0.015229756,-0.013951089
0.037726995,-0.043487806,-0.020012762,-0.05015513,-0.022491656
0.010785191,0.039249744,0.0036145335,0.039574932,0.006591425
0.018705236,0.020428738,0.017887015,-0.036446057,0.037745398
0.053465337,0.01767744,0.013476977,-0.014706309,0.033562645
-0.031843446,0.051189154,0.050962597,-0.011447817,0.032800592
-0.047259387,-0.018196255,-0.011763151,-0.082139134,0.013283575
0.0088774115,-0.010284969,-0.06300141,-0.039437067,-0.026231552
-0.011073197,0.025564969,0.012268148,0.028222306,-0.021606319
0.015559349,0.017450092,-0.033109397,-0.04001378,-0.018585568
0.03269167,-0.040612232,-0.035118297,0.029617606,0.022825807
0.04211249,-0.02991747,-0.032103244,0.019491948,0.034088258
0.028210765,0.009989723,0.018846827,0.044912934,-0.026569359
-0.022125488,0.03321308,-0.027018534,-0.023889843,0.029165924
0.01065827,0.011622491,-0.023438405,-0.0042554475,0.043431632
-0.025519341,0.004856536,0.03321766,-0.009830647,0.062955245
-0.018397931,0.00827755,0.02796201,0.01003677,-0.022524502
0.016813532,0.008570775,-0.04304369,-0.03627934,0.03310894
0.028201748,0.026658628,-0.022513157,-0.016608771,0.0026622845
0.01691691,0.0054945503,0.045595694,0.046560694,0.026033323
-0.005799394,-0.014747046,0.03152578,0.03072531,-0.016993258
-0.07240711,-0.011094489,-0.025055429,-0.04918255,0.029903758
-0.01901792,0.039285306,0.042701107,-0.007248756,0.056889266
-0.04112493,-0.02477749,-0.0074578924,-0.030137759,0.04368869
-0.008954837,0.017787555,-0.039921843,0.025768356,-0.01389976
-0.0339983,0.0065405304,0.021673867,0.038695052,-0.027317218
-0.021963874,0.008593946,0.0121473335,0.017179647,0.024504915
-0.010145494,0.024839852,0.032949295,-0.011667632,0.03171921
0.017977966,0.01928468,-0.052627113,-0.03945432,-0.01576947
0.04181761,0.0916995,0.052561488,0.078693055,0.022655064
0.036005974,0.06229485,0.049660034,0.03508495,-0.004750391
-0.046151787,-0.104707554,-0.06741144,-0.046188477,-0.07860722
-0.012823577,-0.064448744,-0.034546785,-0.044839118,-0.03599696
-0.01629328,0.0064025116,-0.008268787,0.021025537,0.04100078
0.016046949,-0.017620092,-0.041875985,0.016200054,-0.022157768
0.022758681,0.029898051,0.017250147,0.04196255,0.04248315
0.009469098,-0.03258588,0.039958257,-0.021220235,-0.02112574
0.037421342,0.034651347,0.013513052,0.0028034714,-0.037618015
-0.007013886,0.03935838,0.0050077876,-0.013109247,-0.026195416
-0.020310927,0.01724508,0.0007753081,0.020589346,-0.022989903
0.024631388,0.01944655,0.004998834,0.022053298,0.012812861
0.044557083,0.041588005,0.00095751876,-0.030968374,0.0025627743
-0.017650198,-0.032420933,-0.026380507,-0.018255157,0.016558245
0.0027596701,-0.032419205,-0.038918313,-0.02401495,-0.037048165
0.04501223,0.025327992,0.025480166,-0.01877744,-0.004280734
0.035337616,-0.01318886,0.024732823,0.011151376,-0.010183978
-0.04467845,0.04805974,0.039543714,0.010897855,0.036798112
-0.054065056,-0.044417314,-0.02373477,-0.058408603,-0.045650706
-0.032458924,0.009550165,-0.031485595,0.0022434893,0.04068744
-0.007945506,-0.010460547,0.024585435,-0.016645921,-0.008573692
0.04165803,-0.014925244,-0.040423296,-0.042131014,-0.021173254
-0.024145424,-0.026201185,0.010026351,5.065445e-05,-0.008913965
-0.037520066,-0.007871578,-0.011578491,-0.004751319,-0.032850873
0.010302215,-0.043821122,-0.04913597,-0.04042397,0.021036461
-0.0072552804,0.015727684,0.074852996,0.05134273,0.034185145
-0.04905834,-0.015398476,0.00376873,0.037463546,0.0026783834
-0.070608914,-0.039994005,-0.07507565,-0.03915207,-0.02799771
0.031393733,0.013121635,0.003205815,0.016891934,-0.013568264
0.025043411,0.01288388,0.010481863,-0.0049985377,0.06524309
0.012776297,0.019894324,0.081184335,0.09804854,0.08050622
-0.001456926,-0.009177122,0.02896546,0.032070164,-0.053722005
-0.04566541,-0.07523499,-0.041697495,-0.019789388,-0.015297707
-0.013524405,0.020447519,0.0008583418,-0.016728185,0.05381243
-0.01412388,-0.015261958,-0.009606617,-0.005775395,-0.022123365
0.039180953,0.01762169,0.044731174,0.09250947,0.029357692
-0.03197054,0.013974795,0.037785895,0.012670644,-0.006732261
-0.050933808,-0.10812363,-0.09656635,-0.05124453,-0.009345524
0.0004226038,-0.045489542,0.025000397,0.056634545,0.051426116
