-0.018778687,-0.030606711,0.012945194,-0.015303852,-0.041718684
0.0050890814,0.0002689481,0.008543305,-0.019714933,0.008415127
-0.015099153,0.0066260537,-0.0025103127,0.005463216,-0.02249792
0.018281685,-0.0052366448,-0.028708294,-0.0363534,-0.041091606
-0.04308172,-0.031388715,0.010475438,-0.047645133,0.008817791
0.0030118816,0.007674701,-0.0014849134,0.008751634,0.025950126
0.016862817,6.9971815e-05,0.0061309054,-0.033237465,0.018960416
0.0012693213,-0.03309434,-0.00901198,0.002127417,-0.03450967
-0.048189867,-0.034893453,-0.022680959,-0.02924112,0.013451775
-0.03276186,-0.027520314,-0.010391591,-0.048169237,0.036638107
0.029031178,-0.038554307,-0.07729886,0.017999308,-0.043155257
0.043654956,0.0066909073,-0.050153423,0.005224398,-0.023257814
0.05584916,0.0114390245,0.035170365,0.017834926,0.052199185
-0.030602442,0.037602305,0.029039543,-0.042577263,-0.04441235
0.0070202253,0.020730406,-0.014150336,0.023870835,0.025704209
0.006850035,0.056655146,0.013873183,0.03601185,0.013757295
-0.05727891,-0.0022238335,-0.05486098,-0.09080758,-0.03695224
0.038480632,0.049058158,0.0002060887,0.0063106073,-0.0025929923
0.05174477,0.0049328622,0.06310795,0.025608439,0.03457473
-0.00851328,-0.034341037,0.014410195,-0.034518935,0.012469861
-0.0001424159,-0.028133264,0.012146031,0.029359857,-0.04855068
0.020215381,0.048587766,0.0030568067,0.00035413125,0.021830043
-0.021528423,-0.020059995,-0.01385124,-0.010641588,-0.024547698
0.020919392,0.019917548,0.020159265,-0.04476697,0.011627047
0.024502696,-0.023606017,-0.007020174,-0.013537268,-0.044164754
-0.022823917,-0.04138584,-0.03200511,-0.08240672,-0.003928272
0.08782809,0.04733608,0.049752813,0.054998253,0.0056161615
0.020877609,0.05234461,0.06994949,0.043887515,0.054443087
-0.027290948,0.014054704,0.025532035,-0.05755967,-0.06734465
0.017457254,-0.036120344,-0.03872445,-0.053942196,-0.046537664
-0.035562858,0.04222633,-0.0063837925,0.00684321,-0.04089331
0.02486046,-0.02397661,0.030945916,-0.022105416,-0.011603313
0.024608279,-0.033276223,0.022789668,0.010532371,-0.0190197
0.020793255,-0.0246685,0.031873427,-0.011733056,0.049372487
-0.020534823,-0.022781642,-0.04557406,-0.014840165,-0.051549856
0.02435368,-0.0077593233,-0.048768416,0.017606163,0.029794645
0.03141986,-0.00020905124,0.014954818,-0.01091374,-0.010981339
-0.031312797,0.025801599,-0.012949109,0.02236359,-0.01286947
-0.00622801,0.010889471,0.010717777,-0.04373,-0.05863836
-0.050089248,0.018203646,-0.009933376,0.002613956,-0.03590093
0.009178133,0.020581586,-0.0427498,0.0060452376,-0.037506327
-0.03157419,-0.029013649,-0.042853568,-0.011330023,-0.0334653
-0.006380631,0.0022834372,0.044912234,0.06008772,0.040817216
0.024343597,0.020328108,0.05497557,0.03564294,0.010329396
0.020848243,0.012695114,-0.026431235,-0.047198422,-0.0091278115
-0.03049543,-0.00067892816,-0.050225805,-0.010719112,0.001852595
0.045175817,0.06291103,0.055585183,-0.009956862,-0.009368664
0.025602963,0.037118677,-0.0026798763,0.0031348562,-0.0029175119
-0.013157428,-0.06978189,-0.061092112,-0.06910655,-0.003060437
0.04366466,0.008815687,0.016145399,-0.0006320096,-0.026218545
-0.04298327,-0.020694276,-0.011333888,-0.03591686,-0.037216496
-0.024329592,-0.03059233,-0.006930553,-0.045573268,0.005056081
0.009040246,-0.005187491,0.013719647,0.0089809615,-0.011930757
-0.0048295185,0.021589119,0.011819583,0.030030683,0.027721606
-0.00844505,0.0062138657,-0.035274334,-0.008247371,0.028830051
-0.022764424,0.039886832,0.020761006,-0.04536941,-0.02362306
-0.03621661,-0.04275892,-0.07755853,-0.0817401,-0.03185939
0.051304724,0.003314262,0.029819155,0.04887338,0.06764922
0.03769344,-0.022528507,0.035483703,0.036937423,0.02155321
-0.03980016,0.018112535,-0.02609242,-0.015746363,0.01348121
-0.0246745,0.006843637,-0.03235948,0.052468188,-0.030396823
0.017030902,0.033830505,0.056595687,-0.0024463958,0.0013177397
-0.02845439,0.04678654,-0.0034635605,-0.049197465,-0.05353962
0.029189965,-0.043078892,-0.011604426,-0.049245603,-0.048988935
0.05435433,0.045539517,0.0023154044,-0.031110846,0.012444652
0.024047047,-0.06039193,0.014509579,-0.03582655,-0.019531034
-0.051812228,-0.022635097,-0.010933632,0.016562207,-0.025264157
-0.0035096463,0.037636846,-0.039176274,-0.06352906,-0.009574905
0.031098094,-0.032051586,0.033408735,0.012704586,-0.0031837667
-0.023989214,0.028583966,-0.049881164,-0.055353437,-0.043378428
0.04922419,0.024521638,0.044226695,0.07058728,0.05262176
0.011154955,0.017219106,0.04328948,0.07241824,-0.019712768
0.03379914,0.01619833,0.032274548,0.03034416,0.012603019
0.031104,0.03026404,-0.0069978614,0.0070399474,0.04444845
0.06581843,0.017094431,-0.011207403,0.049462643,-0.020907583
-0.017113378,0.02455132,0.031488832,0.029763406,-0.031754233
0.0070716054,0.014271552,0.020989241,-0.003844444,-0.05076697
0.0058660447,-0.051717546,-0.003781994,-0.037097845,0.020609798
-0.0052857273,0.030039594,-0.010830636,-0.025230354,0.05123777
-0.028665079,-0.029240161,-0.03539117,0.05005987,0.03486707
-0.026285136,0.053222477,0.001848877,0.015300054,0.013820357
-0.033123825,-0.016116751,0.018770617,0.010109624,-0.0036586924
0.02738496,0.0392807,0.049956467,0.011224477,0.068289414
-0.0018565791,0.027302867,0.07978053,0.01855175,0.018035963
0.022532905,0.03675326,-0.054042038,-0.051545814,0.0052573755
-0.017690003,-0.0058452203,0.026200438,-0.026245667,-0.053258523
0.03404467,-0.021766484,-0.014739876,-0.07332379,-0.06848591
-0.010138405,-0.034864355,0.021784661,0.022199195,-0.01824665
-0.025379602,-0.02357677,-0.024321029,0.021149304,-0.01268442
-0.018804412,-0.0034150754,-0.051307466,0.015048929,0.020349193
-0.040895954,-0.04280446,-0.016438857,0.03271588,0.0046259905
-0.027260115,-0.038101282,-0.024459904,-0.016855977,0.024883952
-0.050186295,0.0020430055,-0.021655858,-0.022543577,0.032127433
-0.030053817,0.041816384,0.03557034,0.0070923828,-0.0037294365
0.0035649717,0.023481864,0.035734233,0.015682794,-0.02913916
-0.00032848938,0.03556043,0.0058111106,0.01191158,0.0579039
-0.0074288514,-0.0068209716,0.055030428,0.07725233,0.06342822
-0.0027148265,-0.028386343,0.031233061,0.044484053,-0.025754387
-0.0069918334,-0.019802885,0.023148607,-0.02977088,-0.02199078
0.015227933,0.052626323,-0.015319349,0.01614168,0.010111889
