-0.06816165,-0.022916587,0.042423382,0.052820597,0.0027508987
-0.005710712,-0.042408995,-0.047330238,0.018634986,-0.06738826
0.049887825,-0.025509343,-0.096656986,-0.074628584,-0.05982337
0.05774829,0.05873274,-0.010852016,-0.022639206,0.07350697
0.06962891,0.08004642,0.04732077,0.017491857,0.0128193125
-0.058315836,-0.08883947,0.0071884044,-0.039747704,-0.0797254
-0.020333922,-0.0258163,-0.03622815,-0.08902527,-0.095002875
0.062113468,-0.0013315215,-0.08112817,0.015343468,-0.028212817
0.05521427,0.07178371,0.07428315,0.008231624,0.07791786
0.05131568,0.11688248,0.094505936,-0.0064070513,-0.013463341
-0.00805129,0.035029326,-0.01517994,0.05927004,0.036621045
0.059350297,0.050006554,0.0373693,-0.034798663,-0.051742576
-0.025107844,0.03986453,-0.0029967844,-0.006235233,0.007940615
-0.013037636,0.018663343,-0.028221067,0.04635602,-0.01782845
-0.045848586,0.0023562312,0.05764666,0.008287853,0.046000276
-0.018737255,-0.030316902,0.012855222,0.058884267,-0.015195516
0.03952635,-0.013594652,-0.010442325,-0.022962613,-0.07186096
0.03901599,-0.039032977,-0.034011263,-0.03337632,0.025345266
0.017523065,-0.0141814565,-0.022374969,0.037913334,0.023462538
0.04511417,-0.011834786,0.04159154,0.050604176,0.0076251454
-0.040949788,0.007439595,-0.040657226,0.0017396483,-0.005455313
0.03241595,-0.035788428,-0.03896006,0.020294925,0.033130616
-0.017433679,0.009808335,0.038348738,0.0043780818,-0.014883129
0.019056492,0.034344833,-0.015415538,0.021272285,-0.002661776
-0.017091677,-0.015651101,-0.055342704,0.0124817565,-0.029046312
-0.038135197,-0.01333456,-0.017161226,-0.025393803,-0.025824381
0.0135784205,0.023060385,0.011356078,-0.017024381,0.0018993749
-0.02697606,0.03961978,0.026021704,0.050223496,-0.015466131
0.03080976,0.020832619,-0.008574954,0.074824095,0.007501526
0.007627555,0.03871775,0.043897167,0.038409527,-0.05758362
0.04620811,0.011417205,0.0013160818,-0.028827863,-0.025435122
0.049916126,0.035848703,0.0372139,0.0007541096,-0.024806513
0.019234877,-0.013923167,-0.025098816,0.016002528,0.03582392
-0.029706104,-0.032815337,0.009216572,-0.015270728,-0.018925006
-0.0072726374,0.0026913767,-0.005791657,0.035637084,0.027001718
-0.018876923,-0.043736722,-0.0032356973,0.034121584,-0.017574683
-0.043313626,-0.03165448,-0.011967292,-0.03372896,-0.04499521
0.02828738,0.023187883,0.0148194665,-0.033086162,0.023125978
0.05949807,0.041629706,-0.01738973,-0.010824684,0.0574979
0.04102301,0.027432524,0.0055939,0.029789757,-0.009376457
0.03092191,-0.015751852,0.010647313,0.017555304,-0.014882867
0.0048974305,0.016222322,-0.033832554,0.00043736876,0.012363807
0.037391204,0.018954214,-0.027948517,-0.0051053395,0.051339447
-0.0073215235,0.040599383,0.01804591,0.035256676,-0.009424311
0.04646424,0.014792245,0.0051614176,0.045591727,0.02913038
-0.031380184,-0.0017707103,0.038460683,0.0220426,0.0033072773
-0.03926949,-0.0361993,0.026895469,0.03062241,-0.027012628
-0.02656641,-0.010151753,-0.05153578,0.03712811,-0.008158643
-0.03132726,-0.004767595,0.010455153,0.00964283,0.052176222
0.016216489,-0.0036752434,0.014194547,0.03032947,0.007182915
-0.05231944,-0.025962017,-0.022056445,-0.047206037,0.0022125398
-0.008924059,0.034183457,-5.1939525e-05,0.0022028727,0.004005024
0.02662883,0.03868403,0.04472273,0.012542157,0.009643488
0.0093550375,-0.006728739,0.02286612,0.040342446,0.053459316
-0.051682364,0.023629505,0.008629768,-0.013380247,-0.025111364
-0.0009670384,0.022022653,-0.039821845,0.012147871,0.04029508
-0.025268633,0.01069028,-0.017980698,0.010994449,0.019365055
-0.02757049,0.010695676,0.04419969,0.0031432789,-0.03174451
0.00054591347,0.009886849,0.013762696,-0.0032303722,-0.009587018
-0.022044566,0.028954815,-0.025261814,-0.015225963,0.029643752
-0.06819891,-0.047415234,-0.02431708,-0.036410306,-0.003924598
-0.019243434,-0.051492177,-0.07023039,-0.02892816,0.008816621
0.07927763,0.034343977,-0.0624402,0.009909676,0.036248036
0.069415346,0.06768505,0.024522271,0.060520466,0.037687022
0.038326114,0.1134257,0.10157178,0.035259105,-0.03635289
-0.036429875,0.04187312,0.040863212,-0.017659165,0.04282531
0.008828221,-0.011745023,-0.024217097,-0.023795217,0.035881136
-0.027488554,-0.018346056,0.04452367,-0.021851644,0.043996207
0.019972116,0.022186635,0.010182197,-0.008006501,0.019937616
0.013319617,-0.024395706,-0.03684195,-0.036346436,-0.0054128403
0.014286121,-0.015942385,0.014088391,0.03618613,0.053745277
-0.017369969,0.03426016,-0.02136036,0.041855175,-0.020030035
0.0020533812,0.010161953,-0.035335075,-0.04817097,-0.031737342
-0.029134521,0.05587682,0.009892152,-0.035330415,-0.0016584065
-0.021538833,-0.004980814,0.04553681,-0.029983941,-0.026353441
0.0020198144,0.019814894,-0.026839642,0.025114805,0.032798655
-0.016905408,-0.049181234,0.02813919,0.035631336,-0.030161127
-0.008679452,-0.016737895,-0.036397766,-0.026936937,-0.0036799454
0.08023549,0.028597742,-0.04013473,0.04838757,0.025259856
0.08199248,0.027943615,-0.0036592477,-0.02274034,0.04766533
-0.006072152,-0.04361399,0.0569505,-0.009931561,0.008871336
-0.0070213373,-0.018051293,0.043087818,0.029240336,-0.032895625
0.007740391,0.005851291,0.0011352318,-0.00096876384,0.035004403
0.052160032,-0.036799952,0.025523584,-0.00023410216,-0.006635441
0.039937504,-0.01707098,-0.022793103,-0.017549533,-0.051485922
0.012850389,-0.053865694,-0.02998702,0.01116783,-0.027511096
0.0041101286,-0.01762473,0.028167166,-0.0630173,-0.043114103
0.023087002,-0.036892474,-0.042308666,0.050181363,0.03374406
-0.0018687552,0.038013,0.04196946,0.022550091,0.05390694
-0.0009813929,0.064557604,-0.0068222806,-0.027333677,-0.0006401355
0.002754588,-0.03310562,0.033151917,-0.040672727,-0.051312715
0.031268597,-0.05447657,-0.06217754,-0.051658213,-0.07923096
0.014528446,-0.03427154,-0.029747918,0.033197396,0.016976964
-0.03307789,-0.047773875,0.06012047,0.06580519,0.04579021
-0.028679866,-0.011482756,0.047940023,0.03103452,0.013804253
0.013192633,-0.036906786,-0.03539392,0.03247285,0.00067007856
-0.014733743,-0.025946671,-0.035938274,-0.09762783,-0.06941972
-0.008912586,0.0075636613,-0.04468545,0.007589468,0.065379515
-0.016948072,0.002787951,0.015179013,0.05181715,0.006041203
0.0358941,0.07213316,0.073498085,0.054688606,0.00396229
