0.043938104,0.058058783,-0.06275717,-0.03784664,0.027242316
-0.0076874904,-0.0019554181,-0.024496084,-0.047346324,-0.009331166
-0.03294267,0.00828713,0.03624168,-0.024495866,0.023213774
-0.027079443,-0.008795209,0.020242492,0.040295754,-0.046557244
0.022760145,0.009661698,-0.0364495,-0.042903446,0.01001522
-0.0066535976,0.051764343,-0.054672807,0.012896838,-0.011704941
0.03328489,0.040551227,-0.032643337,-0.033313073,-0.0068554627
0.005226173,0.044976097,-0.0022565157,0.00583797,-0.026306061
-0.011452199,0.0340737,-0.01043554,-0.04856067,-0.007426342
-0.02076838,6.3915926e-05,-0.034814615,-0.014403109,-0.03388096
-0.031061137,0.022656055,0.011054154,-0.0025305306,0.04323351
-0.002453725,0.004510397,-0.0092288,-0.046502374,0.021513512
0.040005215,0.004962682,-0.03475711,0.039311074,0.012712626
0.038310822,0.027994534,0.0047687935,-0.013534845,0.008035359
0.013866976,-0.0015575801,-0.031373855,-0.027346097,-0.048658393
-0.017951109,-0.012339319,0.026721854,-0.018477129,-0.030593112
0.02949021,0.02884931,-0.043864165,0.0074632503,0.025245938
0.04278177,-0.0039061573,0.012832625,0.040147327,0.032656398
0.035177846,0.039545722,-0.044616412,0.011629506,0.0358294
-0.034067165,-0.03460114,-0.037387636,0.011763302,0.037205894
-0.0034495203,-0.01614887,0.0077916826,-0.03312793,0.009592342
-0.02796948,-0.028059527,-0.027827308,-0.007257042,0.032444593
0.009655661,0.031799395,-0.04134748,-0.031880192,0.0314175
0.03727765,0.038834915,-0.03892432,0.024693958,-0.040193547
-0.011403416,0.0030512006,0.023770552,-0.008581895,-0.035094593
-0.041159563,-0.019307004,0.033098947,0.023564782,0.02618594
-0.034923572,-0.043441474,0.044354495,0.03672806,-0.016547836
0.018757284,0.035747785,0.040692404,-0.031906433,-0.022655347
0.02354834,0.033581596,0.0007126787,-0.0046020136,-0.003316878
0.03738172,-0.036343277,0.018542565,-0.03588262,0.0007568466
-0.037446953,0.034953468,-0.024536444,0.0022513797,-0.027369745
0.0060993354,-0.015993727,-0.021734672,-0.020376662,0.027468115
0.006989929,-0.010852797,0.037797388,0.008715844,-0.014996344
-0.0001607395,-0.017264418,-0.018059107,-0.013024687,0.010069233
-0.039551467,-0.034410246,0.029046731,-0.011146414,-0.0026946345
0.032765243,-0.012014932,0.012519286,-0.019358747,0.010856925
-0.016372127,0.03390707,-0.03638528,0.021832816,-0.0014377055
-0.008566592,-0.003974908,0.019218244,0.0412081,0.011682186
0.032358084,-0.03553223,-0.011458395,-0.029993223,-0.035970323
0.0023339153,-0.01745942,0.004429009,-0.027500272,-0.04552385
-0.022330666,-0.03782823,0.01371593,-0.03248989,0.035595823
0.020779531,-0.024507103,-0.010378741,-0.03867889,0.03155861
-0.015908394,-0.008691622,0.0027667321,0.02122145,-0.015282789
0.025284935,0.027366415,-0.0058273613,0.027327687,-0.041832294
-0.024592629,-0.003155161,-0.0057308003,0.013500671,0.02980146
-0.038054325,0.018789502,0.006705364,0.034920894,0.024022754
-0.017923778,-0.010974645,-0.036747187,0.005458855,0.032993384
0.009499012,0.03633728,0.017539442,0.0056964406,-0.012093669
-0.040021583,-0.0030063868,0.043953966,0.036880508,-0.015458059
0.045747936,0.040892508,-0.038061656,-0.048890844,-0.026530597
-0.0035254094,0.01695023,0.021417126,0.031260356,-0.016227905
0.031764463,0.010510784,-0.02538172,-0.028538655,0.016608935
0.044631608,-0.03379023,0.009131592,-0.038199633,0.025374006
0.019143771,-0.0139630195,0.020459084,0.015969979,0.024926258
-0.0016886084,-0.008705908,0.014493915,0.0062932363,-0.042397454
-0.017163383,0.02764971,-0.022779342,0.03459525,-0.008571574
0.042838123,-0.026289215,0.031629253,-0.019749478,0.031626504
0.02469442,0.017997276,0.013089676,0.02671655,-0.017827721
-0.014417656,0.012167114,-0.031721834,0.0026577492,0.018662998
-0.040619798,-0.0024147516,0.0025382747,-0.03440649,0.03509379
0.011430728,-0.017635103,-0.021858117,-0.012074037,0.036074206
-0.01498457,0.067868255,-0.0026531878,-0.046127733,-0.014873748
-0.032781463,0.03219978,0.055984482,-0.034237593,-0.0396975
0.03815045,-0.010607795,0.04696897,0.034478202,-0.040009856
0.010306679,-0.060416512,0.0067854645,-0.042625118,-0.010899999
0.04343282,0.0060631344,-0.02404132,0.020554272,-0.007190762
0.04013661,-0.033445276,-0.0076041245,-0.037573926,-0.025367187
-0.012763925,-0.029507186,-0.030466871,-0.011091684,-0.025543015
-0.027099058,0.0024160545,-0.033586845,0.025763294,0.029470656
0.041147474,0.013857545,-0.0042225956,-0.007813448,-0.021259218
0.029088242,0.04033939,0.04475155,-0.016235212,-0.034978423
0.014078834,0.041918453,-0.001905698,0.027934764,0.028085537
0.018356558,-0.0065891603,-0.010573579,-0.014136795,-0.008384929
-0.012019132,-0.04369366,-0.026325677,-0.017034143,0.035655335
0.02130241,-0.038043268,-0.030079156,-0.028363282,0.04271868
0.03637425,0.033067822,-0.056419406,0.039024334,0.044657685
0.029016383,-0.0076799705,0.0033061635,-0.02783415,-0.013503012
0.03458242,-0.020812983,0.0028935836,-0.004572147,0.0018876045
0.0071739955,0.022088366,-0.026512975,0.01975618,-0.04437411
0.02477942,-0.03352407,0.04158659,0.00784398,0.0072240247
0.02712075,0.002765704,-0.017327035,-0.026550382,0.03857996
0.044541396,-0.0059726886,0.0015544947,0.0093238475,-0.00279741
0.040929325,-0.020866076,-0.042899773,-0.00090054644,-0.021655373
-0.026049685,-0.007881125,0.001753651,0.032540962,0.0281399
0.041155986,0.041468248,0.020906346,0.0043816497,0.0039490764
-0.025072508,0.004819441,-0.018991344,-0.0154273,0.04176331
0.020597033,0.032176264,0.030769102,-0.026734056,0.012583192
-0.004527936,0.020292679,0.03241541,-0.010465247,0.029045338
0.0081256665,-0.012468477,0.02625472,0.030619528,-0.017985228
0.02099306,-0.01712363,-0.008896907,-0.039001975,-0.023194361
0.014326217,-0.014380726,-0.016710367,0.015724195,-0.0054222546
0.034053396,0.04024629,0.03433862,0.050328255,-0.0034081114
0.015791116,-0.006957362,-0.02226955,-0.004145165,0.029681103
-0.034197863,-0.02053855,0.01737295,0.017923394,-0.013578864
-0.016886404,-0.00814807,0.026955485,0.025483219,-0.025350403
0.005820671,-0.042700157,-0.042466223,-0.009794321,-0.007705818
-0.022761153,0.03293352,0.021998065,0.0032039313,-0.01249796
0.0050658123,0.042573024,0.0018128795,0.0074443356,0.010495369
0.039072506,0.026089622,-0.023767535,0.010793594,-0.0009915392
-0.0051133335,-0.051708173,0.03220722,0.005849453,-0.0061641624
