0.018806476
0.058617998
0.04346346
-0.0008224776
-0.025829844
0.020899905
-0.037128657
0.049631976
0.027023513
0.018719416
0.0033367085
0.006003486
0.012290899
-0.007970891
-0.009234792
-0.0067655193
0.016804792
0.017947964
0.0019602112
0.0064550326
0.024587236
-0.039441288
-0.0067985533
0.04402236
0.01972393
-0.051465545
-0.0047360808
0.024353953
0.028767617
0.015547924
-0.035771146
0.025809739
0.0028378214
0.0014405695
0.015404413
-0.022296503
-0.029557664
0.031146063
-0.030108534
-0.023103165
-0.046734132
-0.008684269
0.010438023
-0.0041425675
0.034641728
-0.0349142
-0.045863204
0.008966208
0.03253269
0.014908605
