0.018757345
0.008831694
-0.01264262
0.020524863
-0.004526106
-0.03213653
-0.009929053
-0.034677476
0.01186802
-0.027423184
0.014346196
0.012874657
-0.023235273
-0.0050434647
-0.02648385
-0.027446082
-0.0019093627
0.0013045258
-0.00956827
-0.028811695
0.02800561
-0.012849045
-0.03189803
-0.017614275
-0.023394946
-0.029719198
-0.008353583
-0.0007301148
0.032589547
-0.033715677
0.02597502
0.018423118
-0.025043106
0.010289252
-0.0028481414
-0.018650595
0.028921198
-0.01137249
0.0057950113
-0.024857344
-0.0029970275
-0.021902887
-0.024689378
-0.020180838
-0.018534731
-0.023884505
0.013301024
-0.02370613
-0.0046293205
0.036881678
-0.023219565
-0.026629973
0.025373986
0.007942446
0.019565111
0.023531267
-0.013225393
0.026756097
0.020396994
0.021062365
-0.0004888164
0.011238301
-0.022403657
-0.006539246
-0.027020197
-0.014555213
0.030169953
0.0074150194
-0.029065799
-0.008891904
0.023154536
0.03308999
-0.0024726866
-0.034802567
0.024944445
-0.0104984995
0.021813042
-0.014305029
0.015658742
-0.030534334
0.027871087
-0.0061675576
-0.005520708
0.0019303609
-0.018631324
0.032197688
0.03539134
-0.020374883
0.005900279
0.014895214
0.00200086
-0.031831186
0.02594899
-0.033980772
0.009294334
-0.02859673
0.0328434
-0.015329803
0.022186447
-0.0020079706
0.006646851
-0.03247605
-0.032752477
-0.03384573
0.014880385
-0.005261098
0.0068573295
-0.018732952
-0.016298387
0.0036300698
0.013833624
0.020175146
-0.027532855
0.0028691434
0.028705433
-0.028046943
0.033303585
0.020896027
0.031009242
-0.034765538
-0.031111723
0.006171317
0.015917476
0.035378974
-0.018772468
0.012216223
-0.02103513
-0.0038235048
-0.031486046
0.02320582
-0.029437756
0.002572239
-0.012090632
-0.006937272
-0.019549817
-0.020948922
-0.028780203
0.0121717
-0.026208596
0.008298128
-0.0051215775
0.034696512
0.027715031
-0.00938027
-0.011777818
0.032017294
-0.0053951843
0.0073935166
0.03147896
0.0047689932
0.007953146
-0.031087406
0.02647216
-0.033956107
-0.002464225
-0.008128249
0.023886045
0.007267661
-0.008914027
0.018071558
0.007205375
-0.012199573
0.02032049
-0.028843675
0.010019774
0.02262348
0.008233533
0.013431239
-0.031879116
-0.0099004675
0.015137952
-0.03333939
-0.002074474
0.005255371
-0.009087402
-0.00723922
0.017134828
0.007121765
-0.033583004
-0.019687057
0.017014
-0.0057270112
-0.007387236
-0.021324633
0.013689432
0.026363123
-0.023172256
3.3209304e-05
-0.025950275
0.015992466
-0.020932138
-0.028305313
0.023197941
-0.027161824
-0.030033587
0.023228431
-0.025861448
0.020135764
0.03542881
0.01836392
0.0024216445
-0.032077108
-0.03283073
0.023334388
-0.02266535
0.0071119242
0.004103427
0.02452545
-0.010507647
-0.02973689
0.039128702
-0.02289361
0.0064229365
0.004729809
-0.012262087
0.005900408
-0.03279366
0.028799796
0.009643889
-0.015796911
0.033693
0.0005174091
-0.0074570375
0.022042347
0.010801211
0.021351874
-0.025021786
0.019427942
-0.008599599
-0.004865986
-0.010378643
-0.026722362
0.0315547
0.03190125
0.010897506
0.023129182
-0.0096354885
-0.02366667
-0.024131643
-0.0038040811
-0.020711884
0.0106762685
-0.0017458935
0.025129417
-0.0119245965
-0.010551067
0.018312668
-0.03422269
-0.010165908
-0.009190609
-0.026041558
0.032472797
0.03261724
0.005665012
-0.017544804
-0.010569488
-0.023364607
0.010464857
0.021699023
-0.008123572
0.009055459
0.029836021
0.010386556
-0.006734798
0.019434752
8.972584e-05
-0.033798948
-0.006389106
-0.032316506
0.008901396
0.027772669
0.018902896
-0.031751733
0.03198612
0.016262086
-0.026827905
-0.016262284
-0.011183067
-0.008006933
0.028797144
-0.03562743
0.014617881
0.016870495
0.021023093
0.027883844
-0.0012147166
-0.0021682864
0.017558806
-0.030166904
-0.012387659
0.014792696
0.024596503
-0.027546294
0.010642412
0.030111158
0.00036284502
-0.033242635
-0.031808138
-0.029261583
-0.013826478
0.021584505
0.021922406
0.020182626
0.026400147
-0.012240429
0.008127056
0.0016725853
-0.015198762
-0.011402303
-0.02159556
-0.02072387
0.014843666
-0.012537274
0.028446523
0.031448748
-0.02887329
0.0004251904
-0.018810447
0.0012618913
0.00019234905
0.028590325
-0.009361442
-0.0115844095
-0.017767394
0.010554341
-0.024301995
-0.024780398
-0.0128920125
0.00055581046
0.03069454
0.022749877
-0.020872366
-0.03306551
0.029484296
-0.008544604
-0.028507521
0.006028392
0.031145098
-0.0121763665
-0.03249344
0.01172486
-0.02507422
0.023287136
-0.034302965
0.029003732
0.021186145
-0.023269005
-0.016663425
0.012266832
0.031805538
-0.016952487
-0.0035715725
-0.028486961
0.013975319
0.011640614
0.015326861
-0.014716307
0.024688452
-0.014087307
0.0044537145
0.027481826
0.021181906
-0.024665285
-0.003023088
0.037972096
0.0024213076
0.009914347
0.0121452175
0.004299818
0.016917842
0.00852249
-0.028927332
0.029381437
0.006872492
-0.024158271
-0.0063451454
0.021559732
0.03131566
0.027954064
-0.00015751352
0.023770794
-0.03181656
0.034982603
-0.02649068
0.03305442
0.020915726
0.02568915
-0.01990684
-0.023139758
6.852212e-05
-0.012725775
0.009367862
-0.031554062
0.016773364
0.03461795
-0.0072714384
0.039421204
0.006557975
0.02940993
-0.020733343
-0.016364614
-0.03406848
0.0059688143
0.027744895
0.0138915265
0.023819186
0.0035512007
0.022563599
0.028327819
0.019897277
0.005550009
-0.0059129726
0.031200605
0.018477209
-0.024182448
0.0049409918
0.02436885
0.009011599
-0.00064541976
-0.030405924
-0.019094832
-0.014378052
-0.031172248
0.014243881
0.014834801
-0.01870227
-0.019397032
-0.01671256
-0.022586286
-0.026453558
-0.03314759
-0.009354858
0.0139920125
-0.0076842895
0.0003718295
-0.02981978
-0.0138909845
0.01736201
0.020737419
0.02825097
0.012154151
-0.028941117
0.0013502087
-0.016271843
-0.007389025
-0.01167709
0.029668108
0.0069912
0.032445695
0.0025437362
-0.021368315
-0.03459768
0.009805836
-0.0010039917
0.032867014
-0.014207065
0.01949729
0.025542857
0.004523104
0.010145395
-0.015365843
-0.032699503
-0.01875182
0.014453357
-0.00053288526
-0.020512631
-0.0032774797
0.025154512
0.014425659
-0.034973923
0.030668553
-0.028137408
0.01166168
-0.013217463
0.016264029
0.007718318
-0.020272965
-0.03241349
-0.031167602
0.009703751
0.024116315
-0.022135796
-0.036715895
-0.018650664
0.011089465
0.03695463
-0.026028603
0.005459688
-0.019492133
0.012895546
-0.007189058
0.016041035
0.021417364
-0.00888694
-0.018923352
0.030191936
0.001400771
-0.0017065433
-0.0111453505
-0.02468275
