-0.00039063272,0.034451872,0.029615352,-0.045630366,-0.11533386
-0.010900637,0.0704336,0.10843115,-0.038521573,-0.1129119
-0.07774703,0.034288973,0.116546355,0.08547895,-0.03053123
-0.10258814,-0.07479099,0.031542495,0.10273376,0.043365177
-0.04073409,-0.0819098,-0.025731742,0.0025933378,0.044059645
0.053905576,0.03825962,-0.0017765561,-0.103562206,-0.08222196
-0.06501493,0.1018403,0.10073093,0.008347613,-0.07106523
-0.080867596,0.029489683,0.15264194,0.06821205,0.027413933
-0.06430389,-0.042544473,-0.0132229775,0.04669604,0.0112304995
-0.008768996,-0.0030694716,-0.020991037,-0.014629882,-0.047011666
-0.04974092,-0.03419217,-0.015346384,0.061329003,-0.034976874
-0.04967855,-0.063613854,0.0069538644,-0.0059347297,-0.037527032
-0.05018572,-0.018819405,-0.037881196,-0.053272557,-0.0316064
-0.058052592,0.0059079733,0.013243849,-0.0052489694,-0.024161719
-0.031444874,0.027910441,-0.0024085243,-0.0101644425,-0.024557209
0.0018811768,-0.0069310884,0.019721866,0.037773106,-0.020648427
0.011308454,-0.05787401,-0.07567493,0.01649301,-0.008019752
-0.012110288,0.03761874,-0.00721827,-0.028483562,-0.003988913
-0.0092765475,-0.006099667,-0.013904068,0.02809923,-0.007147519
-0.042322394,0.047927376,-0.018620986,0.03874974,0.0130638
0.021947138,0.011940811,-0.031136202,-0.022677263,0.005147282
0.012890716,0.029931985,-0.008119757,0.016611254,-0.031095866
-0.008186541,0.02091508,-0.007931633,0.028061498,-0.035460565
-0.027703466,0.014296391,-0.010946791,-0.046698127,0.01954643
0.0012273776,0.00947275,0.00637959,-0.035136107,-0.030515952
-0.04331927,0.034277868,-0.013343101,0.049987808,-0.024979852
-6.8369976e-05,0.023304055,-0.02554285,-0.02279593,0.012093708
-0.039448116,0.012021582,-0.008577208,0.028058466,0.0025455756
-0.033418365,-0.03260274,-0.0328413,0.023150083,-0.026748016
0.006799977,-0.003119667,-0.01969026,0.03705632,-0.018309334
-0.02161277,0.049644586,0.039274123,0.026392316,0.032393187
-0.030097336,0.01601243,0.0036233133,0.012111358,0.023694914
-0.013982707,0.0425872,0.003481026,0.03461944,0.007702087
-0.043845363,-0.029473072,-0.04001359,0.008158272,-0.026955096
-0.034399875,0.009093188,-0.039770793,-0.024562025,-0.027737575
0.046436172,0.093553275,0.02325066,-0.07189298,-0.004365517
0.037640788,0.0483116,0.10633751,0.018189657,-0.07886343
-0.044389535,-0.022850811,0.08012802,0.0766329,-0.054460995
-0.054477077,-0.03008275,0.04528603,-0.0058770604,-0.009330086
-0.019187953,-0.04203934,-0.035703868,-0.018870361,-0.023654241
-0.016606404,0.0065713874,0.009432182,-0.011554038,0.026748054
0.03015452,-0.010873765,-0.0010563569,-0.023007616,-0.022914961
-0.0016273484,-0.0062195854,0.013524902,-0.01305366,0.0035694554
0.004603887,0.0484596,0.041995823,-0.027662208,0.0024765532
-0.010185598,-0.0036409977,0.019314282,-0.018326221,-0.011327852
-0.049661838,-0.025843957,-0.05943174,0.004034487,-0.028797684
-0.022649173,-0.043169208,0.00876617,-0.042528648,0.025595339
-0.028128197,0.024760775,-0.017179338,-0.04884986,0.022020051
-0.027665969,-0.031181823,0.033928767,0.015239234,0.0022104776
0.043002535,-0.03514616,-0.009421967,0.031342007,-0.0012888247
0.0052800965,0.012547603,0.013677044,0.031221703,-0.025707515
-0.00060614763,0.03802533,0.0639313,0.05516072,0.031386364
-0.026908057,-0.017367259,-0.03450235,-0.028838573,0.05041584
-0.056905694,-0.04435041,-0.043705266,-0.06403609,-0.04202858
-0.015735254,0.011573171,-0.039333332,-0.036560286,-0.03629077
-0.0336236,0.010495671,0.0015016241,0.009803156,0.04034551
-0.019564388,-0.016741773,0.01426394,0.039223798,0.0142737655
-0.0038279335,0.014602183,-0.04400151,-0.03058627,-0.01880517
-0.04047179,-0.03376042,-0.034376726,0.012842656,0.01354192
-0.0010782644,-0.010329065,0.0012005045,0.027006516,-0.03368369
0.036944553,0.07363117,0.041196898,-0.013415609,-0.06002061
-0.052898895,0.07934601,0.13842057,0.11225621,-0.055257645
-0.08979608,0.004979631,0.077917665,0.15589091,0.035914063
-0.021461267,-0.09731252,-0.024870573,0.08235441,0.03154529
0.028639765,-0.008472811,-0.021131344,0.009669483,-0.014012915
-0.010415229,0.028122665,-0.022630071,-0.032974254,0.029163567
-0.039024174,-0.021180015,0.010844186,0.0065989606,-0.02710326
-0.0113144675,0.028707178,-0.028978137,0.025656508,-0.004783088
-0.01600597,-0.042601522,-0.011729629,0.036773432,-0.024493849
-0.035491418,-0.003488915,0.031702515,-0.012130835,0.043840397
0.031821743,0.02702131,-0.002341535,-0.004862487,-0.03887057
-0.012191531,-0.040903077,0.014352947,0.027053382,0.047048453
-0.054777,-0.04491951,-0.01707228,0.008107159,0.038412172
-0.0161144,0.023985878,-0.0036619925,0.004888213,-0.009269941
-0.03136158,-0.031329527,-0.03983385,-0.0034126115,-0.0052541858
-0.0018503792,-0.0046975915,-0.069993086,-0.03778064,-0.043508068
0.06007747,0.0568961,0.042245783,-0.060658954,-0.022299314
-0.05110603,0.0852505,0.10184348,-0.023956927,-0.009759792
-0.019213025,-0.026880378,0.029083293,0.08208247,-0.04132159
0.0152207855,-0.019555356,0.010788767,-0.0011838389,0.0042000385
0.023856563,0.039589107,-0.06906116,-0.029403673,-0.005085817
-0.024103511,0.02813347,0.019463645,-0.0027156998,-0.037169587
0.012011956,-0.01713915,0.03483072,-0.06634249,-0.069699556
0.004826177,-0.00066255004,0.021166788,0.036382828,0.020437134
0.025246607,-0.045957565,-0.0037518586,0.015493145,-0.04580643
0.047908317,0.05173918,-0.011960415,-0.031472985,-0.045122996
0.0026680364,0.01756811,0.026748603,0.04115216,-0.033883024
-0.019382594,0.013931525,-0.0017763715,0.0015053996,0.027403422
-0.04212211,0.001035353,-0.03327659,0.033029277,-0.001876824
-0.014016626,-0.036411785,0.012834953,-0.041611694,0.009138862
0.047475144,-0.024099076,-0.053610347,-0.01184466,-0.042693555
-0.031886313,0.04250597,-0.042157684,-0.033644658,-0.05789283
-0.009129573,-0.00020790318,0.01907297,0.008007588,-0.018044477
-0.038244836,0.036173586,0.0006230372,-0.0073877024,-0.0701483
-0.035272013,-0.019842992,-0.026495732,0.007529968,-0.033588797
0.01069685,0.049762845,-0.00445174,-0.0057077864,-0.039352335
0.020460373,0.019258482,0.024477301,0.040822513,-0.032135773
-0.028100409,-0.038459066,-0.03157752,0.06599009,-0.021537872
-0.072000876,-0.039141003,-0.001368778,-0.0009835517,0.01669891
0.038608063,0.035529047,-0.044564027,0.00036772146,0.010329069
