0.02526365,-0.008063627,-0.025581663,0.041748155,0.026088681
-0.021695184,0.008692771,0.037099387,0.05348961,0.019679137
-0.050609604,-0.035022404,0.040167022,0.028177705,0.009702141
0.00013613173,-0.042133622,0.023335606,0.030990193,-0.017589051
-0.0378702,-0.015591515,0.026323361,-0.028220234,-0.042703338
0.010620606,0.033218153,-0.03823467,-0.01330556,-0.013415343
-0.033396497,0.014649487,-0.052954797,0.025396291,-0.031441927
-0.050714165,-0.047274455,-0.028184209,0.00711588,0.015570272
-0.022448773,0.049981922,0.01884995,-0.003555566,-0.018160045
0.0050658076,0.029065,0.0009157827,-0.036288634,-0.03294754
0.021900538,0.037537288,0.04169752,0.029090067,0.031776685
0.022653775,-0.038409937,0.017158931,-0.00063811056,0.013214838
0.030837052,-0.02516756,-0.015000128,-0.04016864,-0.01416208
-0.020004522,0.04073012,0.03724937,0.01950977,-0.013793527
0.017936282,-0.03749843,-0.03375809,-0.030362478,-0.010398462
-0.012785667,-0.040051624,0.018353092,-0.05025262,-0.058822997
-0.009160415,-0.019346626,-0.05902594,-0.07729519,0.026760582
-0.04046457,-0.014472644,-0.022455025,-0.055821933,-0.035888232
0.03331712,-0.015565659,-0.05764175,0.00428238,-0.0545311
-0.015036562,-0.02787548,-0.06154,-0.030027533,-0.031322792
-0.016744949,-0.030017806,-0.03385486,0.0024886879,0.01783798
0.04543616,0.02117581,-0.054849155,-0.0423589,-0.03220506
-0.043979954,0.024938775,0.008497768,-0.023597563,-0.04784756
0.008984761,-0.014917601,-0.002716157,-0.04138734,-0.011264263
-0.039609067,-0.0107691595,-0.019219216,-0.019860724,-0.022394788
-0.024825742,0.022211539,0.030305132,0.06127607,0.03126078
-0.02048016,-0.028069101,-0.055375922,0.024383001,0.01827873
0.03728676,-0.008524328,-0.0068976674,-0.010455267,0.032707665
-0.010908734,0.019062335,-0.026602818,-0.009116949,0.044766795
-0.005163086,-0.030498048,-0.030100113,-0.03119619,0.035385832
-0.011283757,0.05334749,-0.024221878,-0.0098674605,-0.04796065
-0.03409494,-0.001359165,0.041116692,-0.011960847,0.014468969
-0.03595128,-0.046769876,0.019385738,-0.018925577,-0.013020477
0.026432887,0.050644327,0.042482402,0.0098048225,-0.00092574797
-0.010525624,3.8533286e-05,-0.006325371,-0.011974976,-0.015013206
0.03999556,0.031895958,0.0074692178,0.0076554827,-0.042279556
-0.039330784,0.012964251,0.029006416,0.030827984,-0.051033463
-0.012687086,-0.041691583,-0.03734084,-0.019203246,-0.04915607
0.035564966,-0.0438568,-0.04099196,-0.05800318,0.037500918
-0.035965417,-0.02311585,0.020456415,-0.03613999,-0.026290787
0.03022473,0.033737354,0.03433184,-0.02665913,0.0184237
0.046472073,0.047794722,0.06194687,-0.014479937,-0.014558128
0.029084058,0.054538663,0.04743377,0.027084796,0.03209767
-0.036646817,0.021197448,0.030606262,0.04185251,0.03599562
0.042868685,-0.0016551319,-0.012418749,0.014972007,0.048160683
-0.020494834,-0.016184324,-0.017059205,-0.0109040765,-0.024063172
0.015278016,0.056258533,0.028932704,0.014742806,-0.011673999
0.009823437,0.025113802,0.028916294,-0.06496884,-0.03900871
-0.036691774,-0.006346081,-0.031114154,-0.0036388931,-0.037892208
-0.01851351,0.014644156,-0.0014614476,0.0032756657,-0.020428475
-0.0019530364,-0.0098538175,0.0045496505,-0.023971105,0.013263563
-0.037059177,0.013151796,-0.03077354,-0.044792555,-0.060326636
-0.0031921905,-0.024787892,0.020734046,0.032363433,0.016719032
0.03866855,-0.045546435,0.006548219,-0.043475952,-0.04945149
0.012969007,0.041550674,0.012721478,0.0056979796,-0.018022506
-0.0024368789,-0.03444613,-0.035737645,0.042131633,0.024423966
-0.014364319,-0.04264118,-0.043707114,0.02577863,0.0008620236
0.051710524,-0.016821237,-0.034007397,-0.024741786,-0.01903833
-0.013589996,0.029954504,0.01380299,-0.030135056,0.042855088
-0.021296658,-0.022162909,0.016907768,-0.031741653,0.029282246
-0.034550764,0.027162207,0.03341235,0.009356947,0.063549265
0.034004718,-0.00088181964,-0.03617124,-0.01110002,0.0537914
-0.025454711,-0.036336433,-0.050193116,-0.03127579,0.06481898
0.06940252,0.035609193,-0.0064023505,-0.049347434,-0.008518752
0.01761262,0.049367446,-0.019888047,0.024577793,0.023346484
-0.030916307,-0.025301725,0.038040556,-0.022565419,0.017925944
-0.026416894,0.023830045,0.021846235,0.01687715,-0.010724624
0.07900815,0.054571927,0.0061555025,-0.020674067,-0.014804425
-0.0015951471,0.055724233,0.009781642,0.010137428,0.037674103
0.023504503,-0.017551498,-0.020056805,-0.047069393,-0.046477694
0.0021620186,0.02479045,0.058040787,0.065025896,0.0003470848
0.021645218,-0.05363074,-0.028939081,0.028201472,0.0067864107
-0.048813507,-0.027360925,-0.07277721,-0.0405716,0.0015170877
0.04974807,0.0372106,0.016045976,0.031807836,0.0066278917
0.050216522,-0.028926494,-0.022031052,-0.006637593,0.016572418
0.014661307,0.0037435717,-0.047887675,0.02946114,-0.0048662485
0.0010813762,0.014484848,-0.028268993,-0.015006294,0.022393934
-0.027419625,0.037645325,-0.015088818,-0.05359274,-0.005295053
-0.044189237,-0.047482654,0.027981592,-0.02941816,-0.052641038
-0.0523664,-0.007961241,0.030210821,0.0021016432,0.027329834
-0.038556084,-0.008129176,-0.031554814,-0.005241102,-0.0120056085
-0.04752754,0.019626493,-0.021253701,0.032604177,0.02778091
0.0017228469,-0.06359463,-0.04730075,0.008288352,0.0406147
-0.024292113,-0.041486572,0.029480668,-0.0014136904,0.017624151
0.002086544,-0.02220685,0.0013501116,0.04308247,-0.03806579
-0.001637417,0.0013336269,0.019330224,-0.037898608,0.0042395396
-0.015552286,-0.00047229332,0.009500654,0.06368415,0.009303277
-0.06878108,-0.003546161,0.073561825,0.028255634,-0.011900623
-0.051628817,-0.043392375,0.0021409716,0.0722288,0.0035182787
-0.03702152,-0.025015354,0.009108463,0.043666836,-0.043386232
0.011561409,0.0069255754,-0.0054843654,0.035886277,-0.034950454
0.014014938,0.03427218,-0.005169419,0.021060288,0.0063483077
0.019420328,0.0053568142,0.0033535582,0.04433642,0.0010334618
-0.057833266,-0.00256338,-0.0017217341,0.012001845,-0.028657466
0.0041769445,-0.047420237,-0.022545744,-0.011402376,0.01893246
0.03785484,0.029709088,-0.035777565,-0.04163734,-0.0047079623
0.0005380859,-0.0023999834,0.020955577,0.010397878,-0.0163065
0.01806844,0.0060489965,-0.016353097,-0.010668546,0.006039375
-0.002840459,0.01570931,-0.023882857,-0.002255686,-0.023241214
0.024923325,-0.0041592503,-0.0028080447,-0.0041247867,0.0018902568
