0.007938778,0.02448931,-0.028251594,-0.032087736,0.015268362
-0.04197095,0.017173233,-0.0132193435,-0.0050203456,-0.020966193
-0.034657847,0.0077904803,-0.028089724,0.0059427763,-0.006705366
-0.011633581,0.045385014,-0.029754667,-0.016435882,0.041812014
-0.018745247,0.0332553,-0.009350239,-0.02241132,0.009191499
0.049098495,-0.00016042005,-0.015023725,-0.009720484,-0.03801313
0.0073151058,-0.0012099573,-0.030549817,-0.0168981,-0.021769026
0.025687777,-0.029530047,-0.03684257,0.015145287,0.0095290635
-0.025115637,-0.0010516283,0.0011412298,-0.028921569,0.0091817435
-0.028583122,0.0009492134,-0.028846705,0.032205693,-0.047850426
-0.036676105,0.04376466,0.011663268,0.021054083,0.044886235
-0.013105915,0.0003985165,0.03435389,-0.0064323056,0.00092748366
-0.0012437877,0.016885139,0.019621367,0.011903922,0.03801531
0.03651598,-0.017369246,0.013141798,-0.037696984,0.02655801
-0.0054932944,0.004839674,-0.005965777,-0.007998574,-0.020804467
0.025992177,-0.0035660644,0.037891258,0.0055628275,0.036730375
-0.010593516,0.03106668,0.010044817,0.038494155,-0.038836874
-0.0055084256,-0.0015769498,-0.02046406,0.010687685,-0.034505934
-0.020409599,-0.00045665356,0.022383647,0.033901237,-0.030690214
-0.031203607,-0.020247642,-0.026392652,-0.012551355,0.038198356
0.008462952,-0.026519699,7.4356605e-05,0.0048488276,0.04070975
-0.039744787,-0.028272392,0.01268821,-0.009089901,0.036774613
0.04460699,0.04334545,0.004038719,0.014137187,-0.04371166
-0.013035353,0.019500557,0.041946772,0.014377169,-0.012644936
-0.0030412627,-0.024379728,0.020988503,-0.03232009,-0.00060884084
-0.012654014,0.015971726,-0.0056302524,-0.03070272,0.04382813
-0.011193505,0.011852563,0.019938082,0.005211267,-0.01948108
-0.020408912,0.0053110053,0.026831677,-0.005100824,0.0060417014
-0.029974774,-0.0016944617,-0.0076421816,0.047753487,0.030534772
-0.026671736,0.03717123,0.039595928,-0.026444912,0.033389863
0.028242638,0.0065845884,-0.018532079,-0.0072042686,0.006265023
0.038866457,-0.020090917,-0.038580004,0.0058502974,-0.021228354
0.01204534,0.02181862,-0.029873097,-0.029107632,-0.01723138
0.0022554444,0.02556808,0.011082604,-0.036254343,-0.03307419
-0.028723225,0.03871389,-0.015353097,0.033742942,0.024357831
0.010535746,0.005331448,0.019178694,0.026412718,0.01309396
-0.025197238,-0.01610492,0.04124049,-0.030375613,0.0010124234
0.048084293,0.0023236454,0.035227258,-0.013224837,0.013022957
-0.011702046,-0.015050362,-0.029472636,-0.031121472,-0.017783057
0.04670012,-0.025934743,-0.011121942,-0.003981069,0.0021446398
-0.025093881,0.014299256,-0.004355398,0.020650398,0.02121034
-0.017747497,0.004805223,0.039142154,-0.025882438,-0.016859243
0.0017996881,0.008846535,0.015958084,-0.0054129865,0.031990662
0.0006501011,-0.045836493,-0.034110673,0.032215115,-0.0055335714
-0.00071069866,-0.017311092,-0.002870591,-0.030590406,-0.01971385
0.021827767,0.050024796,0.0062118736,-0.0089272475,0.042282216
0.04377481,0.0032434044,-0.041039582,0.036742456,-0.041057866
0.03145605,0.031897362,-0.01489298,-0.037182137,-0.014080367
0.00982357,-0.029389085,-0.011921562,0.028120771,-0.034247976
0.0007248588,-0.0141436765,0.0071341945,-0.028772738,0.012652115
0.009815532,0.030272415,0.012089584,0.0063838353,0.018281277
0.034441464,0.04382918,0.03217005,0.036286082,-0.006973835
-0.008084121,0.036999207,-0.010975349,0.03131785,0.028174536
-0.04889718,0.023986053,0.013940167,0.015382234,-0.015682217
0.0030064096,-0.026022218,0.026524603,-0.03584778,0.015587432
-0.043485224,0.00034297092,-0.023732008,0.04872753,-0.017559484
-0.026509793,0.008857573,0.044096872,-0.028801654,0.037952945
0.02469698,0.027356524,-0.034971487,0.027453283,-0.024257075
0.029025385,-0.008680607,0.031956233,0.03407834,-0.017300641
-0.028041402,-0.0041715433,-0.022841362,0.00278599,-0.022144007
0.019192105,-0.0232914,-0.04106322,-0.020682694,-0.002890329
0.0046571256,-0.008482317,0.0050248923,0.0014658355,0.031714257
-0.0071470714,0.021522995,0.00017834111,0.03093315,-0.020595659
-0.046618015,-0.039351188,-0.0012380144,0.041218832,0.039891474
-0.011328577,-0.009949973,-0.037618063,0.044996146,0.014093969
0.011484712,0.006575387,0.040982675,0.027164066,0.019305045
0.03399951,0.00461527,0.008320721,-0.042187758,0.02620384
0.018896718,0.031668376,-0.011682305,-0.029001616,-0.023993187
0.036354307,-0.005152945,-0.011976984,0.008458348,0.023196978
-0.025099266,0.04051878,-0.01171044,0.027765315,0.015157955
0.021163544,-0.03555929,-0.050967537,-0.033717845,-0.02230743
0.029075785,-0.053609695,0.041284688,-0.012147197,0.0424345
-0.022299,0.023321936,-0.022393554,-0.006923602,0.004943319
-0.04311994,-0.033758044,-0.005818816,-0.020565556,0.03924401
-0.025161244,-0.028207643,-0.0260396,-0.0111951325,-0.025162313
0.036549762,0.048246287,0.020908257,0.017428145,-0.035454024
0.049679704,-0.016221972,-0.009399363,-0.04146859,-0.036521353
0.02517426,0.02235998,0.045944482,-0.039402667,0.008631152
0.012590887,-0.014661236,-0.0103162555,-0.014014293,-0.020871583
0.011197921,0.003273992,-0.01286868,0.00963743,-0.017650338
-0.025105374,-0.03720253,0.026861679,0.0041164146,-0.026346708
-0.032446213,-0.01635961,0.007931701,0.022811225,-0.020861125
-0.006064098,0.0030860968,-0.029834151,0.025400763,0.0062580607
-0.043036547,0.04567625,-0.0034022143,-0.023592489,0.022451686
0.014970294,-0.010228436,0.0003809744,-0.012515496,0.032130636
0.015145247,0.019295033,0.046902884,-0.024178207,0.017162263
0.014367852,0.03438884,0.047151204,-0.0013139037,-0.051694192
-0.0053434335,-0.0142693035,0.004140229,0.0005084271,-0.019704139
0.03345884,0.04122188,0.00038701273,-0.03279859,0.02690736
-0.024998365,-0.009960392,0.030829813,-0.005836988,-0.032280296
-0.035020847,-0.027068911,0.044748694,0.047890287,-0.03697867
-0.021292029,0.02465513,0.0016039438,0.041450422,-0.021503286
-0.019804781,0.030952916,-0.01796879,-0.03537512,-0.005299332
-0.030757297,-0.0064373375,-0.0077813105,0.04081912,0.029272538
0.025159119,0.023713836,0.036153223,-0.033053167,0.038331356
0.032305263,0.006600861,-0.03908302,0.013801999,-0.0025937876
-0.018786587,0.00889808,-0.03485668,-0.0034258452,-0.012498417
0.012728293,0.04734468,-0.03332289,-0.009226903,-0.0088283075
0.01994976,0.028295843,0.028637497,0.025714668,0.010497122
0.021770528,0.039395943,-0.022761747,0.04014183,0.03051692
