0.06546897,0.025782354,0.01627373,0.01876245,0.04602428
-0.03237704,0.043011006,0.059162438,0.06941905,-0.0038701151
0.04007698,-0.034041677,0.0153574655,0.07645528,0.06527564
0.016926702,0.00657326,0.016391438,-0.0007246679,0.010909521
-0.0019372449,0.039263412,0.024965657,-0.001966036,0.048718188
0.031825613,0.02033988,0.011304061,-0.017648669,0.029423283
-0.019563943,0.029839605,0.01463698,0.037773013,-0.006448529
0.019144984,-0.07656006,-0.085811,-0.031237857,-0.02634193
0.041384462,-0.047629524,-0.095688425,-0.011495241,-0.0003412625
-0.022271212,0.03839354,-0.041637007,-0.0073149684,-0.05956697
-0.0075182784,0.033971738,0.041779105,0.006736956,-0.020782325
-0.032392774,0.0008103334,-0.009615958,0.014241122,0.06748418
0.016789084,-0.027900957,-0.021724612,-0.029609272,-0.035469517
0.061836027,0.07626919,0.05921143,-0.0073866444,0.042812865
-0.005002401,0.06597485,0.046784863,0.09683745,0.0654763
-0.046462256,0.007169711,-0.012098341,0.024065234,0.013299355
0.036281783,-0.015021563,-0.028323103,-0.008883588,0.012057059
0.054491885,0.08783191,0.022942519,-0.015695821,-0.01291564
0.002881356,0.04411938,0.0932801,-0.022577,-0.044995066
-0.03636001,-0.033701714,-0.0157679,0.034696385,-0.007709202
-0.013884738,0.029306136,-0.04146839,0.019807134,0.032172814
0.016496532,-0.01296673,0.04679212,-0.0020900923,0.01666573
-0.0154837,0.030649198,0.033379134,0.0053712423,-0.023147166
-0.04561264,-0.008198557,0.048696384,0.039125893,0.019167844
-0.042544175,0.00023607172,-0.036196537,0.06628729,0.043285213
0.02268988,0.062222857,0.0718404,0.0019332457,0.046139523
-0.010209175,0.048567012,0.10656654,0.099343814,0.084271505
-0.0045439196,-0.07163843,0.00096288515,0.010731645,0.03542139
-0.04342118,-0.028976183,-0.062522896,-0.07025395,-0.038537264
0.018423473,-0.008366576,0.00999852,-0.01858939,-0.054158263
-0.030348105,-0.02287261,-0.036887318,-0.06462643,-0.0012326166
0.021032315,0.00216255,-0.026446056,0.016522374,0.032307524
0.04438083,-0.021223018,0.013612536,0.05563613,0.026311122
0.01604425,-0.0048752334,-0.027339362,0.030828105,-0.0011561157
0.021064993,-0.04732383,0.010827133,0.0035986614,-0.019636134
0.04574006,0.0649457,0.053613953,-0.011590455,-0.018008202
-0.022167457,0.08735566,0.10764873,0.09712547,0.036108192
0.013163887,0.023756942,-0.004058325,0.047151566,0.059790783
0.050680526,0.0365093,0.008556756,0.07342721,0.07696198
0.008793731,0.038044203,0.022254625,0.009255081,0.029168198
-0.04862758,0.0026458178,0.02135355,0.028519612,-0.006471402
0.031515267,0.01341961,-0.06806422,-0.05890052,-0.017893532
0.05865737,0.0030110276,-0.025021221,0.01845181,-0.02670329
0.030446878,0.033935208,0.06810754,0.055571504,0.058137536
0.053100627,-0.0076239454,0.060183614,0.029477576,0.05162342
-0.04183062,-0.017295409,0.017275097,0.0647441,-0.009533839
-0.011955407,-0.040751375,0.005669278,-0.010411066,0.0044927984
0.04367284,0.047105428,-0.003850135,0.026361234,0.030529635
0.013835489,0.048147414,0.028422145,-0.0021046665,0.033661947
0.021250745,0.017001154,0.07427201,0.039946605,0.04337721
-0.011865888,0.026429942,0.007847289,0.023697205,0.062942915
-0.04003256,-0.031239942,-0.00866792,0.013765018,-0.0031077722
-0.02051646,0.014195389,-0.05005406,-0.044563472,-0.01561496
-0.008981045,-0.008518911,0.046135917,0.036504664,0.041072343
0.0039687087,0.061687227,0.11947887,0.11924689,0.03938056
0.015515026,0.04329402,0.053448487,-0.01820727,0.013152437
-0.051287238,0.056318652,0.06606632,0.035051513,0.036309354
-0.059475496,-0.023319399,0.010064098,-0.011932015,-0.01200307
-0.024695307,-0.044037454,0.019835098,-0.019237136,0.024170112
0.035636302,-0.004247283,0.033291444,0.05695308,0.015282751
-0.006149918,-0.013442163,0.054948613,-0.018927187,-0.008467561
-0.02489312,-0.080248885,0.022857135,0.022648556,0.028405743
-0.04305058,-0.022306561,-0.0823002,0.0067417687,-0.012224943
0.021954637,-0.075968325,-0.061895628,-0.072781645,-0.03450622
-0.011410515,0.010379707,-0.077008486,-0.037975065,-0.073013
-0.055088915,-0.015478568,0.024993738,-0.012953364,-0.018315395
-0.054238386,-0.029116422,0.0036803181,0.08049989,0.05251591
0.039939575,-0.05668957,-0.016792852,-0.037370212,-0.050846376
0.10225007,0.09070313,0.008407398,-0.048649456,-0.01193356
-0.02147883,0.10199952,0.08848373,0.11198061,0.03227854
0.04766414,0.04941206,0.067039505,-0.008203683,0.0395514
-0.020446887,0.06916838,0.077714704,0.06501161,0.05450215
-0.036434487,-0.0003449378,-0.008483584,0.026472343,0.06621817
0.04571133,0.0079117,-0.047773715,-0.053212974,-0.04777723
0.006469756,0.040790725,-0.054710966,-0.06082769,-0.08118833
-0.028277472,-0.014275365,0.018405592,0.061773244,0.06152994
0.011923206,0.038594108,-0.018761605,0.054746345,0.027046954
0.037730735,-0.012697254,0.0109326765,-0.012111521,0.018146573
-0.008540593,-0.0012999993,0.03197049,0.059563126,0.015295079
-0.031155717,0.02454592,0.08340707,0.086163566,0.024347277
-0.0011263561,-0.010342345,-0.0054880567,-0.031487297,0.003157916
0.009701748,0.025187027,-0.024445103,0.0022366268,0.015519873
-0.043478593,-0.0017339003,-0.0007207019,-0.031399727,0.016116314
0.017958093,-0.06920612,-0.009835619,-0.047047567,-0.047327206
0.02636168,-0.0632543,-0.008155253,-0.069670714,-0.0432142
0.017228918,0.0119808465,-0.07214415,0.00919868,-0.0032282139
0.012838385,-0.040871724,0.018921668,-0.090766124,0.02111861
-0.04009357,-0.004951231,0.036655046,-0.020452848,-0.04754246
-0.005036335,-0.011696409,-0.012548247,0.0072982674,-0.05546133
-0.016920451,0.009980737,0.015968125,-0.016231442,0.035392135
0.0023700881,-0.026893275,-0.07257266,-0.023850858,0.020814473
0.0073512774,0.026760112,-0.017798774,-0.02442114,0.012117805
0.0028472848,-0.008890039,0.008225656,-0.07679829,-0.049664542
-0.0016090383,0.021400616,0.060316537,0.03756695,-0.021078983
0.035581335,-0.038034417,-0.008326457,-0.0011393256,0.047385246
-0.022441456,0.00041214886,-0.06318547,-0.027115937,0.01682011
-0.0016165806,0.053817503,0.03508256,0.0021115816,0.012228979
0.00068388076,0.06775216,0.061255556,0.02186165,-0.002994177
-0.040213384,0.06726099,0.1282629,0.09619459,0.07548094
0.008333421,0.027402299,0.049378257,0.071071655,0.04204669
