0.033795156,-0.02481524,-0.029327964,0.02814586,0.016460005
-0.00080795074,-0.014769589,0.03837468,0.003035968,-0.039046954
-0.04196344,-0.033319812,-0.024168724,-0.05263883,-0.0036674594
0.018629165,0.02521595,0.0027830768,-0.0031552482,0.020859506
-0.023001278,0.010171611,0.024102598,0.023007084,-0.022214107
0.02708473,0.0321991,-0.034014165,-0.054302856,-0.0058806404
-0.018402906,0.0055636084,0.0028634956,0.03513727,-0.009638185
0.003350488,0.032570805,-0.038466584,-0.0007743123,-0.014385186
-0.016818956,-0.016526682,-0.009121352,0.005043992,0.016003545
-0.031780224,-0.020293271,-0.0031332886,0.038864635,-0.01127422
0.036822286,0.017055843,0.025242845,0.0027796095,0.0073194895
-0.042914715,-0.03256132,0.0028027096,0.012855482,0.02873596
0.009393644,0.015956,0.039943226,0.06931257,0.06698811
0.047851674,-0.01730426,0.025261562,0.004039631,-0.010970613
-0.019878112,-0.038840733,0.015763527,-0.03479676,-0.003265032
0.009052977,-0.048916142,0.014016112,0.0097954,-0.048017837
-0.010852328,-0.037776377,-0.02676794,-0.0394049,-0.038400497
-0.012984418,0.021004057,-0.041498907,0.02406016,0.04143973
0.032941226,0.0018172313,-0.0011474298,-0.01386953,0.0102793425
0.0064981612,-0.025349688,-0.04378517,-0.011626709,-0.022545248
0.023912111,0.034435805,0.05183801,0.0589539,0.028199716
-0.005611862,0.01572243,0.024061354,0.016524171,0.009636016
-0.015815718,-0.03823853,0.024002941,0.04566328,0.049376044
-0.038701717,0.008294989,-0.023827562,-0.036364146,-0.0056138304
-0.005386902,-0.0018560129,-0.018179262,-0.0047639767,-0.018960789
0.04279121,0.052754965,0.023852713,0.056839023,0.0523657
0.024516435,0.005736039,-0.044841047,-0.03900344,-0.049551293
-0.029342629,0.0153625235,-0.022720812,-0.01256133,-0.060113154
0.025293728,-0.0027630725,0.044182215,-0.026483173,0.00034270715
0.01843285,-0.032921672,-0.021928255,-0.0053094695,0.002007052
0.010599622,-0.040178984,0.02058753,0.011964917,0.050549544
-0.001905444,0.03134912,0.016060555,0.02860458,-0.013614102
0.024984594,-0.013350084,-0.05692771,-0.047667738,0.003693191
-0.03279425,-0.03911543,0.01014557,-0.024056595,0.00836168
0.023616161,-0.03502518,-0.033942398,-0.028475067,0.025838977
0.0048746015,0.018766176,0.0174373,0.07487491,0.07291643
-0.01235607,0.014281768,0.038155917,-0.022079583,-0.00081404677
-0.043593496,-0.026481785,-0.03026297,-0.044420045,-0.018955344
-0.012661489,0.030826649,0.011833844,-0.03842429,-0.03186855
0.037135515,0.0149218505,-0.018066399,0.0112738535,0.009062556
-0.0072602173,-0.038573064,0.009159519,-0.017283501,-0.030346414
0.033370618,0.032959994,0.009007323,0.055334676,0.01424143
0.016930314,0.008505675,0.05613856,0.051876783,0.057097483
-0.009112322,0.010287108,0.030074958,-0.016066525,-0.030426243
-0.043031264,-0.05010211,-0.025640724,-0.035696857,0.0364185
-0.022154072,-0.011610953,-0.0009155172,-0.026294395,-0.006101557
-0.030243343,0.020396622,0.008244882,0.0790396,0.06968427
-0.020377304,0.026474996,0.023205578,0.015795832,-0.0065773088
-0.01646935,0.009381424,0.0021735572,-0.045109462,0.017226959
-0.0035084628,-0.028368248,0.0039566294,0.0290019,0.01987477
-0.015425718,-0.002007479,0.017420504,-0.016089411,-0.035683744
-0.034350388,0.008549988,-0.0015725122,0.020059407,-0.023692185
0.03478665,0.041031256,0.0648366,0.06909283,0.069612585
-0.0076664197,-0.00014768109,0.047717977,0.020297978,0.01680379
0.0137342205,-0.0132105565,0.018825242,0.039262194,0.0054129795
-0.034853075,0.015106298,0.058710605,0.017292138,0.039778005
-0.0029692433,-0.010379977,-0.006616529,-0.036121204,-0.0422319
-0.034266017,0.051985696,0.06018489,0.034367718,0.043758333
-0.018189074,0.043019246,-0.024462081,-0.025621327,0.0013737387
0.035036925,-0.014569272,0.019630363,0.0016620873,-0.028979355
0.04355366,0.010040691,0.0034669384,0.061366934,0.056765664
0.045481212,0.024005018,0.0041358876,-0.036684766,-0.047634862
-0.060484495,-0.048050072,-0.037190758,-0.03667081,-0.018489024
0.008591233,-0.010189371,-0.033314966,-0.040489126,0.0201068
0.014803491,0.036548056,0.037960783,0.015978549,-0.03423424
-0.021058911,-0.014440511,-0.009410006,0.041143086,0.016974177
0.008914861,-0.054794148,-0.06363953,-0.020344937,0.022192774
0.048305564,0.03739935,0.04440469,0.059785012,0.06599598
0.010275253,-0.009270794,0.062451866,-0.015421576,0.024629641
-0.043658447,0.014818331,-0.0016600905,-0.04623382,-0.04772309
0.05051567,0.04864735,0.054207254,0.057899155,0.020406315
-0.051557403,0.013746569,-0.05643246,0.0148096075,-0.032016594
-0.06821166,-0.041017655,-0.017734505,-0.014638939,-0.025232133
-0.036156636,-0.031571712,0.023806652,-0.03535795,-0.038570043
-0.021933429,0.046537507,0.013640648,0.004199403,-0.016218696
0.030405052,-0.010093927,0.017928721,-0.040626917,0.008357199
-0.011742007,-0.0025749935,0.035933837,0.013278707,0.00553826
-0.0319956,0.03812804,0.039128862,0.05908827,0.053849313
0.041156165,-0.013945967,0.04488327,0.042566013,0.006995129
0.036383867,-0.04877444,0.0012543764,-0.01227267,-0.025217399
0.020498926,-0.0019380322,0.04750857,0.06205646,0.022616988
0.0141168395,0.004507518,-0.02610715,-0.0664939,0.022072716
-0.01078349,0.0034802542,0.0060634497,-0.015930537,0.02668282
-0.03416594,0.017659796,0.041132662,-0.046119887,-0.039173163
-0.013415558,0.01909697,-0.011152356,-0.051735174,0.0066486285
-0.01988582,-0.059297767,-0.03539252,-0.051502664,-0.06771085
-0.04254669,0.009954993,-0.03893018,0.017420867,-0.06509322
0.03829858,0.03392239,0.010670845,-0.019449258,-0.069743514
-0.010484268,0.03612222,0.0064605237,-0.0023018687,-0.03390213
0.014381634,0.023322655,-0.015965587,0.024075968,-0.036549997
-0.038074486,-0.03803324,0.0038937065,-0.030231304,-0.049253076
-0.007912149,-0.028640136,-0.039282195,-0.06400305,-0.008402783
0.0059360787,0.039316583,-0.024171444,0.02542825,0.0014001017
-0.01551383,0.007454427,0.0075454894,0.013830622,0.013275355
-0.043015152,-0.019787597,-0.033772156,0.0070372852,-0.029576793
-0.042954877,0.027880952,0.032858357,-0.028354714,-0.01726226
0.052031714,0.058486644,0.09200612,0.080609515,0.019953776
-0.012442516,0.00941035,0.026796492,-0.002292716,-0.024056384
-0.0101514505,0.017666206,-0.006682018,0.015408566,-0.012084395
-0.025927378,-0.020221377,0.03553668,0.0036330721,-0.005114873
