-0.01676685,-0.02220258,-0.010918893,-0.037925538,-0.028726496
-0.014986972,-0.06904906,-0.0025286954,0.035479624,0.03130913
-0.03001097,-0.027091911,0.028161064,0.0024859833,-0.00062563247
0.008699464,0.037060034,0.05152432,0.027250933,0.004327479
0.053861737,0.043245383,0.011822917,-0.04533125,-0.06812439
0.007865677,0.0069640954,0.0006914684,0.038316462,-0.04230646
-0.022460472,0.02926529,-0.027471002,0.015703449,0.023666158
-0.05626541,-0.0039476315,-0.002970974,0.025276467,-0.023638675
-0.00933821,0.028811485,-0.0018459412,-0.04751625,-0.00039672403
-0.017750885,0.027539877,-0.032541282,0.015198044,-0.037720796
0.028670825,0.03824397,-0.033157278,-0.0016316284,-0.014314312
0.020064421,-0.031427503,0.037349317,-0.0012412885,-0.006683946
-0.022570767,0.04478293,0.07517885,0.03236682,0.014704336
-0.02953281,0.040904246,0.07992383,-0.016545795,-0.032879245
-0.0014856356,0.047603257,-0.0060065654,0.007823041,-0.014884328
0.027257828,-0.0018886863,0.033447403,0.021845836,-0.049231093
0.03426592,-0.0365356,0.003425951,0.026114063,-0.046725295
-0.015189845,0.0011020493,0.035257682,0.0151093835,-0.024954772
0.030448861,0.023201391,0.025040533,-0.009142399,-0.018124152
-0.028762413,0.029422821,-0.0534378,-0.00044214627,0.034557335
0.03977286,-0.024072098,0.035565745,-0.025252819,-0.02674515
0.0071241166,-0.020528054,-0.03580789,0.006152012,0.03354557
0.025541635,0.008548687,0.014903286,0.029360559,-0.024252454
0.03112571,0.0027653011,0.020300368,-0.050350897,0.0061356784
-0.006204702,-0.00779438,-0.035978153,-0.0067237304,-0.011918423
-0.014226629,0.027727135,-0.04624709,0.011228182,0.027375484
0.0002089016,0.033722278,0.031777892,0.04284131,0.017729463
-0.032114748,-0.02062143,-0.006813744,-0.0361489,-0.04355808
0.022663446,-0.027832968,-0.04471749,-0.018379692,-0.037299942
-0.029221,-0.017961375,0.00048057956,0.023467513,0.04512437
-0.008895356,-0.025589084,-0.026853085,-0.028459385,0.03002204
0.038998522,0.011033318,0.011379778,0.014771118,0.032484874
0.024797453,0.032812625,0.018799568,0.008787563,-0.008945351
0.030196777,0.018457646,0.03128579,0.043943025,0.035239205
0.046186406,0.03748853,-0.00968409,-0.0152682,0.013019101
0.028458383,-0.042381916,0.021816857,0.03188839,-0.031290602
-0.033776645,-0.0221866,0.052524544,0.005508044,-0.030732194
0.017606085,-0.0222495,-0.037255213,0.030227244,-0.0055864705
0.0012261308,0.028614303,0.0016104518,-0.016064525,-0.022820603
0.025413917,0.00048480404,-0.005142442,-0.045232356,-0.03463568
-0.03749946,0.03309757,0.0412782,0.022106878,0.021770956
-0.01968003,0.014428015,0.02017665,0.044431817,-0.03084787
-0.026724309,-0.02672414,0.03276048,0.00078106136,0.037183635
-0.017465945,-0.010403364,0.0020443783,-0.01432927,0.037219707
0.032792784,-0.034347408,-0.02138792,0.029284013,0.032054674
-0.0015332564,0.034507234,0.0049281903,-0.046869863,-0.020776637
0.037640274,-0.0023632,-0.03573905,-0.011108237,-0.02412586
0.023210308,0.015316777,-0.01974811,0.030238299,0.04489247
0.028751984,0.0029795775,0.02676745,-0.0072522373,-0.028730305
0.013058394,0.013142837,0.03944149,-0.0014742735,0.029559221
0.024736872,-0.0037604645,-0.025593853,-0.041916337,0.029845659
-0.044998445,0.018433357,-0.024067448,-0.0065894066,0.025985321
-0.043487523,0.040701307,0.009965096,0.026685683,-0.003681731
0.03247607,-0.007956667,-0.03234966,0.003924495,-0.045809604
-0.02530622,-0.007776479,0.024078995,0.007507099,-0.022116676
0.025715826,0.020621598,0.017233796,0.04256576,0.035091102
0.016303228,-0.044619016,0.01989941,0.024850491,-0.026274588
0.026413092,0.044486206,0.0141177215,0.030607793,0.026235143
-0.0074965525,-0.039724544,-0.018338053,0.025223525,-0.034229662
0.038718674,0.008464662,-0.015576264,0.034000568,-0.037160747
0.00071186887,-0.05737112,0.018966865,0.027173031,0.035786267
-0.037834823,0.024788864,-0.03281336,0.054857,0.03860604
0.012137731,-0.013297171,-0.018421737,-0.014546225,0.01873297
0.037462756,0.01668388,-0.0040174513,-0.025563547,-0.049391504
-0.0033134937,-0.004462767,-0.013772073,0.014613024,-0.046841864
0.007054594,-0.0004335201,-0.032125574,-0.04128658,-0.03589624
0.04265743,-0.016211722,0.011199732,-0.014180963,0.008435956
-0.03730801,0.02073378,0.03594877,-0.0022470986,0.0027823444
-0.036896113,-0.027134119,-0.03497154,0.04111334,-0.0021860155
0.014599342,-0.005599821,0.021099415,0.03296316,-0.033147365
-0.030861523,-0.013059404,0.0040376275,-0.010817848,0.028236927
0.022849409,0.0024421238,-0.041433737,-0.024486827,0.030377133
-0.018343072,-0.042852648,-0.007086125,0.05389235,0.021052629
-0.018868376,0.042163912,0.017859593,0.05922827,0.044110205
-0.029524013,0.010709467,0.05185773,-0.04647126,0.02928855
0.03642187,0.044538677,0.002226146,0.0503677,-0.004017741
0.034843132,0.02085662,0.01604933,-0.044230293,-0.03664969
0.033738557,0.020785192,-0.020616332,0.050835274,-0.025484005
0.02400284,0.051123347,-0.008401534,0.015932824,0.02641113
-0.011409234,0.02125915,0.021010768,-0.02401121,-0.030494308
0.00646625,-0.04419725,-0.035623766,-0.0030730588,-0.034772962
0.007707045,0.011346421,-0.033459805,-0.030378928,0.031599592
-0.0012024489,0.0043292195,-0.024849044,-0.0006257049,0.008108487
0.023435818,-0.0057981485,0.0094530145,0.017614761,0.04316076
-0.04437909,0.012542039,-0.025391107,-0.020742957,-0.038376324
0.0120394025,-0.048169184,-0.02691936,0.0099364,0.015989996
0.010151122,0.035196166,-0.022282565,-0.013211768,0.007018641
-0.022832615,0.0020097154,-0.011760402,0.009359537,0.015540202
-0.0073273405,-0.023880877,-0.0050503127,0.008775718,0.040682603
0.02843986,-0.024334665,-0.003956751,0.027599875,0.0045131836
0.019886272,0.020700347,0.0034700832,-8.597367e-05,-0.046585985
-0.039703302,0.023167025,0.07271052,0.036446206,-0.046110872
-0.032787085,0.07452502,0.012428146,-0.023297897,-0.029212464
0.04211055,0.05886507,0.0021247938,0.013571415,0.03565758
-0.0436243,-0.02699276,-0.043985438,0.019152062,0.028378466
0.010935827,0.012834346,-0.063138805,-0.010811368,0.001757842
-0.02111605,0.020940553,0.01608291,0.07004212,-0.007793825
-0.00025503582,0.055665676,0.094601646,-0.012114637,-0.023316616
0.060678888,0.07049342,-0.04099004,-0.0040680612,-0.004702941
-0.03341878,-0.05909222,-0.026136324,-0.0064885467,0.0044450373
