-0.019710882,-0.034358382,0.047993623,0.06661552,0.009618854
0.017692763,-0.013945812,0.052438993,-0.0035082544,0.024164533
0.04290736,-0.034143683,0.06060138,0.027511964,0.061255664
0.0085055325,-0.0045922236,0.018212415,0.0011451693,0.025018256
0.022865186,0.046955686,0.020005055,-0.023610681,-0.03844257
0.03347784,0.007957029,0.057196245,0.05588025,0.027668007
-0.0015706363,0.071012594,0.09923981,0.0150603615,0.0047557144
0.0244868,0.034812093,-0.0021309997,-0.03453581,0.05251997
0.016031288,-0.026833182,0.006294802,-0.02152361,-0.046382744
-0.010482301,0.0012219506,-0.023377454,-0.017944887,-0.050722994
-0.044554543,0.028115692,0.028136374,0.029875638,-0.010869654
-0.039579313,-0.02159846,-0.013180885,-0.05350916,0.032948673
-0.05876687,0.0005016769,-0.062205195,0.011380377,-0.031088015
-0.04037291,0.002636569,-0.005960407,-0.0071956655,0.009401267
-0.019753302,-0.011817805,0.02134047,0.08275076,0.029183298
-0.006628491,-0.012953772,-0.003933368,-0.021836014,0.026336042
-0.011299659,-0.040791612,0.018553497,0.043254342,-0.01968171
0.032321017,-0.027992688,0.03421536,0.029207334,-0.019857934
-0.033781722,-0.022491625,-0.00073943473,-0.029491149,0.036460217
-0.028990488,-0.022588382,0.029129349,0.038342636,0.06403554
0.033962775,0.02299847,-0.045780238,-0.017450117,0.015550304
-0.004749523,0.01679363,-0.050084934,0.02740069,0.04021383
-0.039114837,-0.025215758,0.017668163,-0.021106249,0.0133957025
-0.0056049977,-0.02789525,0.0080912905,0.019905709,0.028064875
-0.009012913,0.01964,0.025330322,0.03879832,-0.012462775
0.025294123,-0.021818575,-0.019467855,-0.051241234,-0.044369016
0.051419593,0.022265546,-0.0818596,-0.037599236,-0.05796916
0.04200835,-0.03080133,-0.0075541195,-0.047837973,0.020825647
-0.015475396,-0.026016265,0.017826056,-0.026961947,-0.006422122
0.004163691,0.032487687,0.016976196,0.08084624,0.06863802
0.036647692,-0.0031141518,0.043296847,0.009192055,-0.029116064
-0.034912065,0.008093749,0.03616645,0.0007597424,-0.0033099684
-0.057869226,-0.012042308,-0.014300435,0.008267652,0.038605884
-0.059912864,-0.0007193321,-0.02036449,-0.0014347949,0.009579642
0.00036035242,-0.017031398,-0.030211587,0.00092210545,0.008308384
-0.0005426846,-0.020454006,-0.029290479,0.020540178,-0.013776872
0.02666486,-0.00525941,-0.040180583,-0.0017717859,0.040615294
-0.009398102,0.033195294,-0.030565085,0.052803613,-0.018416885
0.012658926,0.0047249016,0.012133513,0.015881978,0.030379156
0.048138134,0.010053612,0.0033474353,-0.0072628367,0.017721904
0.018888928,0.018408202,-0.064661525,-0.041259427,-0.03578823
-0.03580342,-0.026635963,-0.034383133,0.023221195,-0.045462176
-0.02314606,0.015171563,0.01827267,-0.028485514,0.017539784
-0.009844938,-0.009205106,0.022867776,0.037792083,0.03798834
-0.007812356,0.005718378,0.038611524,0.005998214,0.05064356
-0.0041737896,-0.019922018,0.013661956,0.037143745,-0.0052286773
0.019481996,-0.05494437,0.021382136,-0.047789488,0.0151982745
0.009368755,-0.050438095,-0.00523721,0.032262225,0.035922553
-0.028099777,-0.0018801506,-0.004538403,-0.00020117272,0.0024828964
-0.04039186,0.027992932,-0.021232782,-0.010017859,-0.011721776
-0.0075467178,-0.011368352,-0.032936383,-0.038790405,0.0001519431
-0.040745642,-0.055263538,0.016953038,0.020070814,-0.03916162
-0.04222444,-0.0559582,-0.011497859,0.0136825545,0.042931214
-0.060535517,0.0055707856,0.013878455,0.04662433,0.049125586
-0.033392534,0.01634929,0.06836616,0.027811999,0.0377615
0.017290859,-0.021222327,-0.037831347,-0.049807034,0.037151534
-0.020816859,0.01888805,-0.036987547,0.033114932,0.02685149
-0.032203555,-0.021619568,-0.054430358,0.037262995,0.026676403
-0.007607239,0.03145859,0.03560399,0.016158167,-0.001032742
0.04906366,0.03096897,0.03153888,0.030503137,0.07262883
0.010876367,0.10394149,-0.04351509,-0.03670723,0.01864028
0.046419516,0.052488584,-0.067893505,0.01168905,-0.06779484
0.017924992,0.00092999934,-0.047776744,-0.0114932675,-0.023892581
0.009197197,0.0140866535,-0.04410276,0.0023701792,-0.044639044
0.042716093,-0.023417512,-0.049865194,-0.017471163,-0.017428963
0.029905576,-0.030448,-0.051006682,-0.033025768,-0.027878001
-0.03919243,-0.034638435,-0.025112964,0.012879338,0.012900971
-0.009470455,-0.03453929,-0.024236316,-0.012314144,-0.008808383
0.035056226,0.016784552,-0.011794505,-0.014387709,0.00036210602
0.026681684,-0.0132877,0.07618171,0.077966526,0.06820181
0.028587999,0.060610026,0.026350483,-0.02297918,0.017980084
0.033244584,0.02965231,-0.042876665,-0.025455616,-0.018703682
0.056760773,0.022398308,-0.017033847,0.011695937,-0.023869084
0.0091838315,9.159939e-05,0.02561427,-0.00081506267,-0.05247743
-0.013475764,0.0386811,-0.028123442,-0.0059713083,-0.014459186
-0.028718986,-0.01602578,0.02596812,-0.013463162,0.047709744
-0.026978647,0.017588088,-0.010919942,0.009973794,-0.034185138
-0.031191982,-0.0031719517,-0.033914287,0.022331474,0.015762009
-0.011129652,0.026481407,0.050596487,0.060419098,0.023748895
0.026647087,0.006863588,0.030284414,0.059357863,0.07608012
0.043823913,0.04819166,-0.034806192,0.036381077,-0.0024219328
0.00043554167,-0.04261568,-0.023946583,0.038733277,0.04633524
0.0090550715,-0.049935356,0.025172705,0.017519811,-0.008366513
-0.032183293,0.007364387,-0.0395538,0.01589498,0.007837612
0.04219374,-0.046262223,-0.04557952,0.038395673,-0.027235962
0.03843955,-0.04289125,0.06282426,0.038741723,0.026516557
0.039957784,-0.027569728,0.096446894,0.059718195,0.056274556
0.02326558,0.05349463,0.069132105,0.007102283,0.046885613
0.010889669,0.0010945175,0.0034254787,-0.023202807,-0.036159083
-0.030541085,-0.024774617,-0.012343594,-0.062182773,-0.03518884
0.037618782,0.024341375,0.03382815,-0.011933126,-0.021337057
-0.010863475,0.04010104,0.040083166,-0.0027073931,0.011550864
0.0014037432,0.04604523,0.036102448,0.05128867,-0.0006106736
0.023326118,0.016816134,0.059101034,-0.011286738,-0.004494372
0.015098128,-0.033658344,0.002003327,-0.027041892,-0.020333203
-0.038940012,-0.038050577,-0.039850235,0.048417885,0.045667022
-0.027848158,-0.05209841,-0.033833668,0.008981134,-0.036223616
0.005925231,-0.056921165,-0.023536293,0.023428498,-0.0018121316
-0.018558329,-0.031031774,0.049851526,-0.00044622406,0.064446
-0.025195938,-0.014937893,0.05767124,-0.0034520577,0.017387465
