-0.017231144,-0.07396842,0.000589377,-0.0416023,-0.061244324
-0.036760867,-0.060222067,-0.05695286,-0.06298219,-0.030686079
-0.054046728,0.0067459606,-0.024691852,-0.0053731464,-0.02855467
0.036612187,0.034306455,0.017462565,0.007292286,0.03492564
0.034170493,0.036531363,-0.03834758,-0.0089229895,0.033572637
-0.032080896,-0.028354058,0.022595888,0.016438492,-0.040594503
-0.043581296,0.029481232,-0.03938603,0.002843049,-0.04098744
-0.013503812,-0.036759134,-0.06355406,-0.04400023,0.016363569
-0.04994432,-0.025516966,-0.019363709,-0.056443956,-0.07190671
-0.057117082,-0.037539728,-0.016092528,-0.050571065,-0.0693067
-0.026070789,-0.04726642,0.0067405677,-0.00464287,0.01818389
0.06299205,0.0048987553,0.038201235,0.030501654,0.009771648
0.015536408,0.07013136,0.027224319,0.0072842985,-0.01660113
-0.008668166,0.02853567,0.03159869,-0.032876078,-0.016743535
-0.048457287,-0.0008476775,0.0024689909,-0.03874606,-0.0477914
0.009648576,-0.0539769,-0.039382126,0.025594458,-0.009811226
-0.08094058,-0.050422926,-0.05232767,-0.040933248,0.024374487
-0.042082414,-0.061406106,-0.035586808,0.025962856,0.013325818
-0.06651387,-0.046348598,-0.017098833,-0.07696977,0.0029883182
-0.076313116,-0.03469162,-0.0009094008,0.015953472,0.002434304
-0.039294012,-0.05924885,-0.0040023667,0.015438789,-0.044643767
0.0062005394,-0.03712609,-0.007487673,-0.0016975442,-0.03214074
0.022810053,-0.0008214668,-0.006159205,0.008472613,-0.042277426
0.027222207,-0.02940683,0.03290329,0.015654733,-0.047424734
-0.045774892,-0.006564254,-0.030190704,-0.039386094,-0.033744786
-0.063245736,-0.07912346,-0.0971234,-0.027781654,-0.012817436
-0.03583641,-0.052583165,-0.03775148,0.022681255,0.0025860632
0.07839343,0.06562321,0.018274916,0.036036186,0.055030398
0.010750448,-0.004638099,0.06686478,0.06412425,0.08388957
-0.0061160745,0.019370668,-0.015732553,0.02341057,0.10277018
-0.019644992,-0.020168819,0.026409678,-0.0020729597,0.030437667
-0.037792634,-0.009581666,-0.07014695,0.01353422,-0.06760853
-0.007838328,-0.062381584,-0.027626986,-0.04171199,-0.021802053
0.035611082,0.0377342,-0.047688514,-0.001557295,-0.06268599
0.032165624,-0.0019191819,-0.028006405,-0.016804067,-0.059670895
0.027556233,0.012180578,-0.010867326,-0.030121598,-0.06355505
0.031687118,0.017349891,-0.044066485,-0.054602705,0.01870865
0.028740764,-0.041895438,-0.007700687,0.025121747,0.011010083
-0.029988162,-0.03323566,-0.047095932,-0.020670073,-0.026673947
-0.05534341,0.011791593,-0.055112913,-0.045161553,-0.038738683
0.06326826,0.049382277,0.013279183,0.03485993,0.0023746965
-0.00021176682,0.08628203,0.04093662,0.044959825,0.020454481
0.028439954,-0.027995449,0.03481401,0.009832688,0.0017807765
-0.0055064703,0.006016544,-0.030797144,-0.065122694,-0.050622575
-0.011653184,0.029557148,0.00064160046,-0.03366122,-0.053919066
0.0032572953,0.024463223,0.06867736,0.06879106,0.07758597
0.014250268,0.06252763,0.011210158,-0.034064125,-0.027627602
0.03078902,0.011849797,-0.021833964,-0.009081436,-0.021674236
-0.021552697,0.020479092,-0.04254899,-0.042284504,-0.0026572505
0.012400181,-0.011852636,-0.048368417,-0.055341024,-0.010127423
-0.03192029,0.021116124,0.018747175,0.018495878,0.014156918
0.08448525,0.085480906,0.13487265,0.124522984,0.079261534
0.072778046,0.0553098,0.061651304,-0.028883692,-0.0061620157
0.017896738,0.005499807,-0.002300557,-0.043571055,-0.060622092
-0.04186725,-0.003901942,0.02730946,-0.019245978,-0.08777177
-0.038584553,-0.0035068793,-0.051121734,-0.00050017016,-0.032987013
0.026572298,0.040491883,-0.022280162,0.07184243,0.07870134
0.043862592,0.06427769,0.059807558,0.041838218,0.028754016
0.039061,0.034463003,0.03941151,-0.02837432,0.056181673
-0.03297976,0.004481175,-0.008319975,0.023807729,0.026113015
-0.035786983,-0.041360363,-0.07990355,-0.03550143,-0.01129648
-0.01323797,0.0031798151,-0.02548691,-0.037354447,0.0019193308
0.03433177,0.041885685,-0.03842075,0.016112952,0.028897913
0.07891366,0.046791755,0.025094392,0.050999507,0.05014289
0.024200104,-0.010600394,-0.01599866,-0.027095314,0.0800559
-0.015784323,-0.019342994,-0.0016488334,-0.005425953,-0.017688489
0.055044774,0.043759,0.094530694,0.080370516,0.054617554
0.03631418,0.025565902,0.032336984,0.019309305,0.03174437
0.025135657,-0.034718942,-0.00047385832,-0.0038326185,-0.0029925024
-0.0033010636,0.025213938,-0.03503335,-0.053723842,-0.0427121
-0.059701048,-0.069048434,-0.04537541,-0.07533371,-0.0486863
-0.009501009,-0.048498552,-0.012560827,-0.03662124,0.00085985364
0.0027307754,-0.0063720574,0.039880194,0.060900353,0.071299314
0.007091013,0.038892087,0.056870416,0.027015984,0.098183624
0.02329198,-0.020334689,0.0058603045,0.06937606,0.048975933
-0.014178298,0.0172824,-0.05130167,0.01848045,-0.04594991
-0.025152743,-0.0142339,0.033368595,-0.00515215,0.0033999474
-0.021749042,0.017444465,0.013525479,0.016721917,0.019619852
-0.04145,-0.022451034,-0.056465946,-0.0130174225,-0.057260092
-0.040131558,0.0065565747,0.011637488,-0.002349932,-0.012457018
-0.029801378,-0.048562773,0.008598215,-0.060856536,-0.05552337
-0.06315633,-0.022097232,0.027263949,-0.0055028163,0.02834749
0.024764204,-0.01088855,0.039965488,0.0264965,-0.018083144
0.037326947,0.0012021682,0.050225668,0.04746121,0.062728375
0.049121473,0.01897417,-0.020752287,-0.018679006,0.038222104
-0.06927273,-0.057519935,0.040757407,-0.0036353131,-0.036964715
0.008042777,-0.032577973,0.024025816,0.031282946,-0.02846012
0.02033025,-0.052255455,0.032577604,-0.002351816,-0.04084973
0.0013679627,0.013123311,-0.047126107,-0.012533035,0.0073194806
0.03653408,-0.0068489895,0.04039762,-0.030177636,-0.016345873
0.033238538,-0.008095285,-0.045696024,-0.004697332,0.0131707415
-0.016742993,0.015966969,-0.008681504,-0.02539672,0.0033851764
0.012048287,-0.00843986,-0.01640525,0.026921533,-0.059859507
-0.022612747,-0.019050986,-0.01311908,-0.0022837834,-0.011444062
-0.020324608,-0.0011269016,0.027324127,-0.0027836477,0.0015092104
0.012733576,0.04736875,0.029309787,0.06622073,0.063694276
0.02238283,0.0045640366,0.035137694,-0.03970508,-0.036837798
0.0066860644,-0.017808175,-0.0381326,-0.077645786,-0.04023848
0.03087147,-0.035118483,-0.013969637,-0.018659316,-0.05338658
-0.021910414,0.00095757644,-0.018133344,-0.0028415264,0.007961731
