-0.16409689,-0.15138787,0.15613906,-0.199296,-0.15770407
-0.18484616,-0.1712851,-0.17738678,-0.1921458,-0.18077376
-0.17054543,-0.1601447,-0.21750659,-0.1599039,0.1527899
-0.16099924,0.19541751,-0.17913932,-0.16358434,-0.21203834
0.19462155,0.18162495,-0.1804754,-0.15609388,-0.20056958
-0.15814938,-0.16196573,-0.19557458,-0.23063105,0.15923038
-0.17119254,-0.21539792,-0.20477389,-0.17639872,0.19777007
0.19551542,0.16168739,-0.16559204,-0.17576575,0.16082145
0.20364773,0.17732915,-0.19447441,-0.18168604,-0.16852717
-0.19000982,-0.20709202,-0.17630905,-0.17894122,-0.19320248
-0.14576666,0.17141844,-0.2322646,-0.2140413,0.1988867
-0.14493035,-0.22409408,-0.20023027,-0.20678356,0.21457669
-0.21491371,0.20726313,0.1524561,-0.22300866,0.17662516
-0.16944945,0.16141042,0.17308247,-0.20019524,-0.21369894
0.18920586,0.22128618,0.17484552,-0.2315812,-0.14893246
-0.21696655,-0.2019028,-0.18864664,-0.2311703,-0.14508918
-0.21854778,-0.2067748,-0.19847305,-0.18362407,-0.14886834
-0.16601543,-0.15567009,-0.15798737,-0.1990428,-0.20605253
0.19579288,0.14459527,-0.19670638,-0.1930067,-0.20182818
0.19030331,-0.20498551,-0.22137077,-0.21102488,-0.15231581
-0.23207322,-0.1990313,-0.14772151,-0.19237824,-0.17323968
0.20246741,-0.17875725,-0.1515692,-0.14815794,-0.1961275
-0.1937433,-0.14388806,-0.23182337,-0.22956578,-0.15738645
-0.21753992,-0.17345785,-0.20275517,-0.22157013,-0.14736027
-0.17195937,-0.20955157,0.19410631,0.16833837,-0.20711668
0.21264495,-0.19794746,-0.19520566,-0.22684772,-0.1864892
0.21473725,-0.16815354,-0.17216668,-0.1722098,-0.15528023
0.17884524,0.14630412,-0.21227771,-0.17673612,-0.15591685
-0.15202442,-0.19498391,-0.21559843,-0.14637128,-0.23220046
-0.14310886,-0.2263741,-0.19608955,-0.16745737,-0.18070404
-0.14960608,-0.18513612,0.14572819,-0.16176267,0.17873988
0.22715041,0.2156039,-0.18318917,-0.16505998,-0.20870185
0.14625008,-0.21743648,-0.20173168,0.15457861,-0.22699255
-0.16396874,0.17385179,0.21153829,0.17770429,-0.20695196
0.14441702,0.14678162,0.21696985,-0.1711308,-0.19026135
-0.19832614,-0.22704253,-0.14640439,-0.14326723,-0.21378054
-0.18129584,-0.22439797,-0.21995515,-0.18737173,-0.21437053
0.14517623,-0.21048872,-0.22773537,-0.17347595,-0.21731794
0.22374971,0.21301986,-0.1456311,-0.22647268,-0.16263849
-0.15197495,-0.18230698,-0.19122909,-0.16586679,-0.17567755
-0.20436147,-0.23135366,-0.21615821,-0.16560613,-0.15469575
0.19073068,0.1673636,-0.16691467,-0.19630209,-0.17231484
0.1564523,0.21210845,0.16702418,-0.17924759,-0.17775138
0.23134823,0.22853738,0.15069216,-0.16515724,-0.22304374
0.16548672,-0.16962229,0.15695165,-0.14920773,-0.17067336
-0.18380617,-0.1625144,0.14952885,-0.18016623,0.20425227
-0.20823006,-0.20154706,-0.1693972,-0.1495026,0.1688612
-0.16063523,-0.16256112,-0.21376933,-0.22303055,-0.1918104
-0.15985328,-0.22491801,-0.21865584,-0.15498997,-0.21275866
0.15568317,0.1857016,-0.14312151,-0.15801731,-0.16449466
0.19309919,0.16487812,-0.22248554,-0.16381405,-0.17433932
0.19917631,0.17104824,-0.23101464,0.19262232,-0.19532971
-0.1909393,0.19090047,-0.21364874,-0.21547092,-0.20061775
-0.17026919,-0.21562016,-0.14592148,-0.2316741,-0.21541695
-0.17482895,-0.23117125,-0.21248275,-0.16456133,-0.21797158
0.014327328,-0.023836043,-0.021137228,0.007759468,0.0043307696
0.04056324,0.009304195,0.0077860123,-0.023227768,0.038869567
-0.0005871199,0.026760079,-0.03579789,0.023397595,0.03633331
0.028980162,0.03736394,-0.020328693,-0.03208573,0.016100448
0.019378075,-0.027173668,-0.0143617885,-0.0005738186,-0.0037514868
-0.16626438,-0.15589713,-0.17470941,-0.2053085,-0.21506026
-0.14901902,-0.18263437,-0.2110441,-0.2209992,-0.21799053
0.22935359,0.15944761,-0.23117152,-0.22114052,-0.20887238
-0.18901181,0.15699393,0.20694359,-0.1949938,-0.20626853
-0.21479407,-0.20177189,-0.14419784,-0.18540944,-0.17505863
-0.04332284,0.02730744,0.00706405,-0.0049477764,0.00080778904
-0.020662816,-0.03471889,-0.02238257,0.014031009,0.037773654
-0.031143079,0.02057469,-0.021738129,0.033718914,0.005457082
-0.04063279,-0.038577594,0.010759777,0.02497748,0.013200269
0.012306786,-0.007020025,-0.02231417,0.007713588,-0.035451755
-0.1653172,0.17055434,0.14747718,0.19183686,-0.1703282
-0.22177261,0.1593703,-0.19538504,0.16756256,-0.15122087
-0.18084258,0.17366801,0.15272614,-0.21997167,-0.1718563
-0.19835281,0.19314472,0.19567607,-0.15637258,-0.18726955
-0.16762553,0.1456906,0.21879858,-0.22569169,-0.20041038
0.1428717,0.21041708,0.17286187,0.1433187,-0.21229452
0.21213652,0.21773636,-0.15623918,-0.21952982,-0.20588972
0.19487648,0.18462883,-0.21008088,0.21785153,-0.21505804
0.21683522,-0.15878229,-0.22584428,-0.21672587,-0.19947769
0.22031276,0.14829263,-0.18702362,0.17375161,-0.19614582
0.16092679,-0.22615185,-0.22607617,-0.19239108,-0.18510129
-0.17600779,-0.17297275,-0.20654483,-0.16317032,-0.16133446
0.15223603,-0.14942183,-0.1924802,-0.19007373,-0.23020689
0.21109077,-0.16957691,-0.17629501,-0.16798373,-0.22697623
-0.14290567,-0.15773886,-0.20082688,-0.16404909,-0.20355463
-0.20182839,-0.1902571,-0.15986162,0.20907113,0.17214067
0.15033197,-0.18680422,-0.20613562,0.18461226,0.20965378
0.21749665,-0.18517603,0.20368952,0.19533876,-0.2078318
0.21418303,0.15626271,-0.19093542,-0.20702882,-0.1845993
-0.15052879,-0.17339146,-0.19056778,-0.22930053,-0.21950936
-0.19692342,-0.20914325,-0.17883629,-0.23172508,-0.14600463
-0.20121633,-0.16099435,-0.15554215,-0.15105814,-0.1950477
-0.18608582,0.21041718,-0.22090884,-0.19082119,-0.16884187
-0.18845487,-0.21948014,-0.18099558,-0.19684152,-0.16022712
-0.21876174,-0.18392181,-0.19373417,-0.18847933,-0.14718284
-0.1872163,-0.18942125,-0.23002204,-0.20852967,0.15151882
-0.18436466,-0.1973562,-0.17447053,0.22374664,0.19666286
-0.21918294,0.1604248,-0.20782416,-0.21212472,-0.1802005
0.14445363,0.15336889,-0.19532207,-0.2182507,-0.15946917
-0.17293102,-0.15294108,-0.16709815,-0.19957611,-0.19432923
