-0.028584136,-0.028813109,0.014661865,0.016178768,-0.025426986
-0.008645015,0.015669448,-0.05239366,0.012477271,0.014365561
-0.025889123,-0.04037487,-0.012301986,-0.025375549,-0.017395861
0.03248311,-0.035711385,0.043437146,0.019246235,-0.015668394
0.013692773,-0.0048511703,0.03533535,0.02709229,0.0063871997
-0.047243547,0.02992603,-0.042273052,-0.00967602,-0.041936304
0.019854639,-0.031587932,-0.06319046,-0.04362045,0.019561226
0.0010003312,-0.058756914,-0.00079475256,-0.017563896,0.02131037
-0.0468571,0.022716336,0.08786202,0.048061665,-0.03240839
-0.0009518416,0.089157395,0.0162452,0.023050394,0.009282278
-0.0009934731,0.011111389,-0.012128008,-0.014354606,-0.023365203
0.04465417,0.06376332,0.027872097,-0.018484056,-0.016375946
0.0165479,0.018919025,0.03135422,0.023809662,-0.019732824
0.026141088,-0.0537885,-0.024619611,0.023913631,-0.022778085
-0.0071857576,0.020403037,0.0033111584,0.026607133,0.036213968
-0.025348917,-0.034965664,0.004163686,-0.04113211,-0.006203201
-0.018140322,-0.019430673,0.024974337,0.009931431,-0.025571432
-0.024500214,0.011553002,0.0010681299,-0.031233951,-0.053297166
-0.0052539236,0.049453735,0.018992905,-0.04439604,0.04091047
-0.024985272,-0.05032874,-0.0072581978,0.0075267632,0.043543916
-0.029917028,-0.015582456,-0.011632672,0.0063833925,0.005391313
-0.024401613,0.042849604,0.0067758947,0.052811153,0.004928455
0.028962363,0.067466915,0.0022389046,-0.019276684,0.007438484
0.0036240262,0.032987524,0.0020358397,-0.044242404,0.020823302
0.006563032,-0.038931713,0.020171154,0.035624422,0.03682612
0.04024557,-0.009963019,0.005955409,0.04932997,0.057989124
0.03198002,0.0804733,0.0370822,0.03299871,0.030633444
0.032576825,0.03527174,-0.03394081,0.020293966,-0.04712825
-0.029767575,-0.06269932,-0.048973624,-0.060453624,-0.04032687
-0.10727556,-0.062070724,-0.060602237,0.0017560424,0.016756443
-0.049013767,-0.02393132,0.0053234827,-0.036287118,0.0023549472
0.011743241,0.023846665,0.016965792,0.0049670236,0.03345065
0.02555314,-0.006043826,0.073617384,0.012896601,0.008879935
0.06715325,0.012778613,0.04447557,-0.014165268,-0.0072734216
0.021933155,0.018204978,0.0012456288,0.026170515,-0.025727846
-0.023008827,-5.7397054e-05,-0.009764546,-0.004307567,0.02918103
-0.028878516,0.019925745,0.0025911422,0.029321615,0.060751945
0.031823166,0.018702248,0.033660475,0.0019885444,-0.050376475
0.031860344,0.053159967,-0.0029545012,0.03565739,0.03844597
0.044178225,-0.039704062,-0.029687429,-0.009361433,0.008598247
-0.042139985,0.03727375,0.035228904,0.009744234,-0.004225354
0.03223737,-0.023365425,-0.03619056,0.018962255,-0.057911962
-0.006330609,-0.046703227,-0.011640452,0.042328876,-0.02554333
0.040630363,-0.013182006,-0.018325763,0.012048919,0.019218268
0.046771336,0.06741057,0.06881154,-0.014224565,0.025561951
0.03851662,0.015528063,0.035421126,0.008173694,-0.037482813
0.024722647,0.04782127,0.038610585,0.011640246,-0.004232055
0.01874283,0.0120846545,-0.020598438,0.07160391,0.057546537
0.015876213,0.048775986,0.043886255,-0.029709404,0.0013578745
-0.010384311,0.015343653,0.0063302424,0.022176627,0.0033524975
0.0005509581,-0.038697075,-0.004928841,-0.0138424635,0.03847359
0.052981753,0.022861084,0.019795395,-0.0051199417,0.015641421
0.035692405,-0.031758796,-0.031145705,-0.0030318259,0.023126066
-0.06051716,-0.020038763,0.056114312,0.037241884,0.013387553
0.036028244,-0.0010259196,0.035900697,0.05758903,0.010682694
0.029715065,-0.03007012,0.021605061,-0.025889685,0.007816612
0.014298273,-0.0053287097,0.06301538,0.013888937,-0.033427723
0.03447676,0.035372987,-0.06144949,-0.053284563,0.014663528
-0.05360427,-0.05227912,-0.02824075,0.028243598,0.04456306
-0.05130537,-0.06011318,0.019399682,0.041905794,-0.009595983
0.038870692,0.010240397,-0.0062639127,0.0012976674,0.0147227645
-0.0011444853,-0.020443514,0.0075674984,0.047116376,0.040435944
0.039610237,0.032735873,0.06620477,0.013193222,-0.021458207
0.025969261,0.05474879,-0.039251994,-0.05119428,0.004543505
-0.029737005,-0.04062992,-0.047172602,-0.050757255,-0.044504628
-0.024753178,-0.018787686,0.02445832,0.033727024,0.018384047
0.013993074,0.009485702,0.021833885,-0.028808,-0.019177483
0.016262623,-0.014865283,0.008963879,-0.03219496,0.03984731
-0.07217983,-0.012485413,-0.047619496,0.05092927,0.026973996
0.005008019,0.057061814,0.044191174,-0.023855362,-0.023803324
-0.0060723573,-0.004845775,0.013883082,-0.0052204393,0.0048730113
0.039895892,-0.015318339,-0.00037560012,0.052230816,0.05780034
0.056449533,-0.0073798737,0.016168253,0.01101437,-0.0166833
-0.01903272,0.012611621,-0.0056468383,-0.03262364,-0.009615378
-0.0509507,-0.02689097,-0.06574214,-0.0019955838,0.0051966375
0.030930208,0.005884008,0.041251406,0.01086871,0.026410243
0.049652766,0.007625691,-0.0089647025,0.032910943,-0.054152593
0.021978188,0.0042830263,-0.027249498,0.0036687632,-0.015447047
-0.056630306,0.015775088,0.0252803,-0.009664647,0.02998552
-0.025404938,0.055161364,0.019987317,0.04838096,0.03823686
-0.011879256,0.0370159,0.048874613,0.028450081,0.06793221
-0.01052978,0.004373774,-0.0018645377,0.05508143,0.043909352
0.055226676,-0.017620066,0.0014487575,-0.040871285,-0.054775096
0.04504309,0.008461984,0.00962307,-0.041309472,0.010833524
-0.065988675,-0.06964103,0.020558048,-0.03938059,-0.0064618597
0.014292815,-0.010270837,-0.015201784,0.0062084836,-0.04111676
0.009513076,-0.01857088,-0.013629029,-0.055089608,0.015928013
-0.04564272,-0.081942536,-0.08732042,-0.07876359,0.026943434
-0.08444862,-0.07262292,-0.038421266,0.039473787,0.057609458
-0.03400841,0.020935986,0.058356225,0.06491165,0.029752651
0.0137293525,-0.029821664,-0.050705023,4.094126e-05,-0.032066997
0.0241514,-0.051983062,-0.022526963,0.00974869,-0.02916566
-0.018754702,-0.022608012,-0.07237628,0.004371849,-0.042310473
-0.030454755,-0.03200268,-0.043494444,-0.0012637428,0.042195253
0.022734378,0.046197556,0.028209524,0.033441197,-0.011454953
-0.036277767,-0.014034535,0.030578503,-0.03361905,-0.05650697
-0.019529495,-0.035503257,-0.040250145,0.0023234403,0.046313286
-0.00052376534,0.0073688384,-0.016372353,0.04828819,-0.018457536
0.050882827,0.029587718,0.008003878,-0.0013171732,0.04092521
0.06056857,-0.011289923,-0.00054424274,-0.0043237535,-0.0077464436
