0.00082483643,-0.048419986,-0.0068428954,0.04983004,0.07070577
-0.006075317,-0.030138653,-0.04091525,0.03220064,-0.006878139
0.036245864,0.0042542676,-0.012646964,-0.0581212,0.05371219
-0.021331564,-0.02513375,-0.04448064,-0.021497598,0.024981055
0.006254039,0.036754612,0.03911117,0.058433913,-0.022339614
-0.047630906,0.0110127125,-0.0309938,0.01999939,-0.018079363
0.029906817,-0.008753388,-0.048719034,-0.028622266,-0.035919838
0.0366015,0.03302355,0.020709762,0.058381785,0.026942702
0.04334545,-0.01488514,0.07378655,0.108424634,0.069340765
-0.009088393,-0.019419719,0.10543169,0.106303744,0.008709553
-0.013949859,0.030591875,-0.040139567,-0.042645186,0.015562881
-0.008893393,0.03077416,0.037040275,0.026246823,-0.033352107
0.014454756,0.02579397,0.066976495,-0.022189349,0.020351361
0.01662349,0.02982971,-0.02799204,-0.04170045,-0.04978807
-0.0068175704,0.009705591,-0.06585042,-0.026558619,-0.043829728
-0.0005123353,-0.00451507,0.012682909,0.022287413,0.0022606803
0.056415603,0.024528256,0.044783097,0.028954752,-0.01656597
-0.050732605,-0.000103231476,0.05482669,0.06844897,-0.03514755
0.022812814,0.030122723,0.026232945,-0.0048966384,-0.009101801
-0.014995619,0.027531795,-0.029279048,-0.033716403,0.04878127
0.012175809,0.025153143,0.05368154,0.017189793,-0.041524697
0.02825973,0.025646359,-0.022152673,0.0009770592,-0.0013050382
-0.011408557,0.012716787,0.01132059,0.01757211,0.006770052
0.04757288,-0.019400882,-0.02242061,-0.0070359143,0.010892192
0.055063937,0.011515415,0.0180331,-0.0345556,-0.021628052
0.031514093,0.0075131445,-0.05576867,-0.018270236,0.038083423
0.052447516,0.019044805,-0.073532805,-0.0070721414,-0.026867582
-0.015198222,0.04197068,0.0008201214,-0.046931658,-0.023575852
0.041601297,-0.026818374,-0.05899386,-0.084662676,-0.040074106
-0.0024816191,-0.003734722,-0.044514634,-0.029466806,0.027109718
-0.034657907,0.04313843,0.018123943,0.05085056,-0.021459097
0.047477156,0.03659263,-0.008680456,0.031858128,-0.007226297
0.015583814,0.028950091,0.0020232748,0.06917194,0.0057415734
0.04223858,0.010414431,0.06563916,0.011209745,0.01298165
0.0015808274,0.040064346,-0.021433577,0.054118164,-0.0046823886
-0.03542709,-0.021041688,-0.010862872,0.05352448,0.0610527
0.03381797,0.000321246,-0.033776116,0.02293053,0.049352385
0.037531,-0.02945321,-0.043815915,0.008411214,-0.06316253
0.04694934,0.024961667,-0.023226881,-0.02393219,-0.014023875
0.0026501897,-0.015208398,-0.037783455,-0.028352387,0.007209686
0.037937008,0.019141583,-0.00091927673,-0.017821984,0.0042300285
-0.02787362,0.04080939,0.079654686,0.042149957,0.038487777
0.0076439455,-0.01788059,0.009896301,-0.003405165,-0.025988394
-0.0003989457,-0.029095422,0.019774828,-0.05929863,-0.056856535
0.018052636,0.03149222,0.015929658,0.013443778,-0.027758243
0.04349988,0.00036334057,0.014467601,0.040831547,0.0127404
0.033931807,0.08344788,0.044422105,-0.0026799045,-0.0345269
0.0043640644,0.04068247,0.03329002,-0.025859399,0.0044279415
-0.018425599,-0.05195658,0.023358498,0.003647865,0.041756142
0.041045096,0.041651018,0.048493613,-0.009235153,0.03911283
0.016885795,-0.052121792,0.0077085146,0.01885513,-0.067654386
0.0022327844,0.06057451,0.017979179,0.002933151,-0.013909622
0.046405327,0.06767339,0.030799227,-0.011544165,-0.053293444
0.009482044,0.017742112,-0.020801311,0.024480987,0.041726302
0.0052747387,0.009351118,-0.025353994,0.0015255918,-0.0038346725
-0.03409358,0.029012889,0.009654052,0.012200256,-0.0073274844
-0.037685905,-0.006680365,-0.05112016,-0.045233965,-0.02517774
-0.010396865,0.044047654,0.01724415,-0.043687105,-0.039771736
0.0354446,-0.0097659,-0.0099977385,-0.052929714,-0.023830546
0.03089664,-0.005035032,-0.02593689,-0.02495144,0.04685195
0.09104748,0.0072714915,-0.045424115,-0.018733663,0.02685058
0.04363866,-0.014389895,0.013270459,-0.05318527,-0.066595025
-0.013693635,-0.054721482,0.051521208,-0.0004541445,-0.10100091
-0.052369814,0.021225473,0.07266851,-0.07314142,-0.070419505
0.0078513585,0.015925407,0.033317477,-0.074215576,0.004023454
-0.0031140477,-0.0014442843,-0.019438291,0.009552708,-0.053278442
-0.008040248,0.065053545,0.027682116,0.028440703,-0.07839603
0.019531762,0.10316151,0.031674773,0.016891496,0.0037975216
0.021834144,-0.006690838,0.0063425214,-0.026182795,-0.035853546
-0.011219215,-0.046330467,0.02245152,-0.02753751,0.017905053
0.06705435,0.025956634,0.017070197,0.021718135,-0.004813575
0.02289056,0.0018399338,-0.07921898,-0.057246886,0.010220629
0.04816617,0.010737433,-0.056173056,-0.09686907,-0.10263111
0.030401565,-0.01620504,0.045612317,-0.047858942,-0.039189935
-0.007949512,-0.033973474,0.012870275,-0.03548563,-0.019437417
-0.009156571,0.011566375,0.036066588,-0.0038753576,-0.0295528
0.0105621,0.023859862,0.04686433,0.008518509,-0.042105574
0.008875278,0.03763722,0.0054397993,0.05204923,0.036471613
0.045137003,-0.027755162,0.011074671,0.012582783,-0.044200465
-0.03474565,0.017085599,0.02342695,0.024334691,-0.0036833645
0.038432192,0.051324554,0.014018445,-0.024428392,-0.023483979
0.049362857,-0.059910152,-0.057172187,0.00714374,-0.0026513138
-0.039205033,0.03317801,0.00892681,-0.043550696,0.010464003
-0.02768327,0.049333792,-0.016540615,-0.06572195,0.03644908
-0.038004093,0.005647989,-0.040603153,-0.0070836083,0.0024617668
-0.010034273,-0.002159104,-0.033168625,0.00802417,0.028275056
-0.010719738,0.003274509,-0.009337624,0.05288949,0.030604579
-0.044940375,-0.083087996,-0.067307144,-0.019197851,0.12668774
-0.03985368,-0.07062481,-0.03180803,0.06962425,0.11158552
-0.017010512,-0.06815003,-0.014929228,0.11783078,0.07721282
0.006785124,0.011820274,-0.018202264,-0.016448492,0.030976495
0.002422288,-0.0003785752,-0.0038079268,0.079576254,0.026031144
-0.04745149,-0.022076419,-0.035464536,0.06423483,0.107146114
0.013796356,-0.034561105,-0.050419692,0.009274753,0.092341945
-0.0008591544,-0.054830447,-0.016209016,0.050683916,-0.012275721
-0.002854068,0.0299414,-0.00019579737,0.03670884,-0.020161146
0.039954867,-0.008211801,0.059649065,0.0788133,0.05881228
0.029931955,-0.02321746,-0.03836681,-0.02751995,0.071150266
0.013758004,-0.05007747,-0.07550274,-0.039350923,0.036571678
0.0019706,-0.008868624,-0.012147423,-0.01398489,-0.007933157
