-0.0017136507,0.01024655,0.04235589,-0.009154212,0.04385245
0.0040612966,0.009142233,-0.00093907636,0.0066657024,0.015785515
-0.0031886506,-0.01283746,-0.012346626,-0.03003148,-0.043651167
0.039096963,-0.031049527,0.032920286,0.0020050802,-0.027699457
-0.0011739009,0.047212217,0.007695839,-0.0029041164,0.0033456224
-0.034496304,-0.009871579,-0.0014582134,0.033507578,0.0116607575
0.025709014,-0.04813146,0.015669178,0.04340983,0.025466138
-0.003230001,-0.05515717,0.019113282,-0.017759413,-0.03611755
0.0053460323,-0.045129497,0.037679717,-0.031449832,-0.030756285
-0.046041485,-0.0165056,-0.032965824,-0.0184532,-0.03075886
0.019724809,0.0125101525,0.036356475,0.0046545123,0.014446223
-0.014652305,0.009531673,0.017075619,-0.038246907,-0.0057474133
0.02966463,-0.033027,-0.03910932,0.0024151185,0.028835729
0.00958188,-0.043570578,-0.037688486,0.0014500344,-0.006538206
0.016927008,-0.051786415,0.009200393,-0.012641552,-0.022540936
-0.035716422,0.00097489846,-0.01036252,0.011841189,-0.03889935
-0.045981906,-0.036146708,0.024855055,0.019238152,-0.030373285
-0.001412445,-0.026424978,-0.0036707423,-0.012012886,-0.0063796486
0.0030904342,0.02828513,-0.04061025,-0.020989029,-0.006637262
0.029770633,-0.02163145,0.009580461,-0.007380155,-0.03676255
0.0030728853,-0.0071868356,-0.026496034,0.00242939,0.00989438
0.037919495,-0.026406012,-0.008954053,-0.03800747,0.02838455
-0.015962064,0.011670766,-0.041422762,0.03519738,-0.0075395335
-0.009118215,-0.018139664,-0.027818382,-0.0139202075,-0.03866013
0.0034932937,-0.034817,0.012421806,-0.023025544,0.025978677
0.031212222,0.05081345,0.03240902,0.041813828,-0.018520502
-0.007824298,-0.00881278,-0.043384954,-0.037870884,-0.03527511
0.03144448,-0.024028514,-0.046401706,0.0070601837,-0.024127774
0.0024970444,-0.021250142,-0.0041877604,-0.002662961,-0.024191223
0.025189608,0.00044550683,0.014446913,-0.045602832,-0.01975005
0.03060856,0.009205285,0.025836842,-0.034599133,-0.029285436
-0.023039011,-0.017502146,0.01866524,0.03972726,0.031505827
-0.025030557,0.014220464,0.022507155,0.03475479,-0.05054215
0.0046090446,0.027092768,0.007990492,0.02558865,0.023587732
-0.03848469,-0.014985246,-0.030519754,0.015182477,0.030902216
0.047865678,-0.030633057,-0.033400547,0.028300945,0.0025941622
0.03629507,0.033743057,-0.03281241,0.025426684,-0.021230727
-0.037328314,0.018220415,0.029690022,-0.0038518838,0.02499282
-0.00029184826,-0.029637557,0.026010606,0.013354928,0.04060385
-0.034541592,-0.0029859229,-0.00023726287,-0.04498516,0.004029962
-0.020905618,0.011673016,0.023384877,-0.019819548,-0.032528043
0.026260676,0.009015999,0.032807156,-0.015024471,-0.035038073
0.030402668,0.05151798,0.052577153,-0.012165536,-0.0016315413
-0.036145113,-0.037612136,-0.0023126646,-0.0056040697,-0.011570109
-0.024918025,-0.03032138,0.0006770379,0.036053795,0.01625123
-0.0473776,-0.04693871,0.036283437,0.010983652,-0.018117003
0.047903117,-0.02701598,0.028407866,-0.017883405,-0.018951206
-0.026016645,-0.0018269495,-0.041612357,-0.031491175,-0.03338874
0.008195691,0.008061629,0.0057821423,-0.027079597,-0.026812667
-0.013462726,0.032491423,0.03767578,0.04214882,0.007701205
-0.032278117,0.034429442,0.03512233,-0.051916752,-0.024267266
0.00938458,0.028895205,-0.02902035,0.009465457,0.016153738
0.042007454,-0.029469185,-0.021510426,-0.0075359894,-0.02256248
0.03326314,0.01775868,-0.025546374,-0.017814325,-0.007571982
0.00012451984,-0.036474176,0.010573227,-0.0037693179,-0.024888823
-0.028677745,0.010162012,0.010748891,-0.024076724,0.025250793
-0.0005275308,-0.017603446,0.007865893,-0.045074243,-0.040667858
-0.0335635,-0.0056945467,0.01932496,0.03930867,0.019858751
0.042810254,0.036887687,-0.005518224,-0.017234005,-0.008454811
0.03892178,0.024837663,-0.04660974,0.00054531347,-0.012862926
-0.028432528,-0.03679597,0.019020014,0.050999887,0.011124035
-0.019782366,-0.006345902,-0.018334528,0.0067070285,0.016364168
-0.0017864672,-0.019197283,0.014039494,-0.020890916,0.033969823
-0.011331844,0.07084547,0.029401122,-0.03619015,-0.011202103
0.0032872234,-0.01381655,0.03650918,-0.05500987,-0.0008335666
0.03565986,-0.038741607,-0.031953733,0.0034277302,0.033882402
0.02381026,-0.037533455,-0.03363758,0.0159343,0.011509305
0.0029368955,0.011921215,-0.026519086,-0.023489429,-0.0156244235
0.028384099,0.0258045,-0.020309124,0.011653778,0.034437742
-0.013613245,-0.0019082592,0.002031601,-0.034469143,0.008107101
0.005435301,-0.03371721,-0.030927818,-0.019125754,-0.010122952
0.01929331,0.037866686,-0.028717166,0.0010712505,-0.05403311
0.02579204,-0.0396225,8.5675856e-05,0.00863072,-0.045572482
-0.023594683,-0.015127376,0.012289133,-0.025822746,0.04881926
0.03312869,0.049462464,-0.028141774,-0.012113279,0.03629782
-0.015927654,0.012993082,0.0080672605,-0.017276831,-0.016931316
-0.034197304,0.038344983,-0.019532025,-0.025497735,-0.008701019
0.047354747,-0.009280564,0.012838371,0.025057152,0.01604183
0.003048304,-0.016885985,-0.006624328,0.038766988,-0.008527131
-0.014271223,-0.007809416,-0.0069590798,0.01279734,-0.03933011
0.0068674716,-0.005382907,-0.0013409505,-0.034707285,0.034704775
-0.024952333,0.0143820625,-0.043212626,0.022102702,-0.009508202
0.0012935017,-0.016296754,-0.036733914,-0.03121848,0.034831647
0.030840883,0.002045898,-0.022679608,0.034162663,0.025417188
0.01736033,-0.0063918442,0.016028648,-0.040064923,-0.016388774
-0.011422671,-0.015070493,0.034945942,-0.03149791,0.016758459
0.029727466,0.039643176,-0.02600715,-0.021959562,0.05596418
0.032884236,-0.033201847,-0.012440778,0.062512115,-0.02343277
0.055037193,0.041618124,0.0040240916,0.043197528,0.022191122
-0.02999871,0.039796434,-0.0056336895,0.045236103,0.04307924
-0.015144028,0.024195699,0.041219663,-0.025333924,0.0056927586
-0.001576095,-0.03727965,0.041439284,0.028458107,-0.042625807
0.04094777,0.037768096,0.00032565434,-0.019907279,0.016321069
-0.039061837,-0.0027294995,0.049411356,0.0014170397,-0.026351167
0.0058951364,-0.0012668255,-0.013625897,0.049571678,-0.021981133
-0.0031293225,0.014579202,-0.0026931383,-0.026144326,0.0042894036
0.03777861,0.00022763235,0.032447636,0.023860168,-0.02831254
-0.005307965,0.043480165,-0.036317956,0.0038468607,0.041329842
-0.029064827,0.0032472785,-0.03868261,-0.037389234,0.034838475
0.029921798,0.009951334,-0.012644776,0.039324474,0.04617789
