-0.18399887,-0.15943529,-0.18077487,-0.1707563,-0.11781986
-0.14925762,-0.123616375,-0.16891837,-0.13586454,-0.16988324
-0.12015221,-0.16212822,-0.15378103,-0.18132195,-0.14253034
-0.09999587,-0.18324545,-0.16630444,-0.14184614,-0.14734125
-0.24102154,-0.16998135,-0.2043064,-0.19556601,-0.16050279
-0.16345459,-0.13519181,-0.12612963,-0.13265368,-0.16440043
-0.099088795,-0.14921238,-0.17000517,-0.16345827,-0.09869605
-0.20504755,-0.2110675,-0.22360274,-0.15412846,-0.18011989
-0.17792007,-0.17889144,-0.16677554,-0.0997834,-0.17468335
-0.11822696,-0.23271358,-0.17833436,-0.17272522,-0.10785014
-0.110206276,-0.17713232,-0.14135243,-0.12172429,-0.15833052
-0.1226791,-0.15670528,-0.20592189,-0.24405219,-0.15399088
-0.16606335,-0.15737881,-0.23449281,-0.24547713,-0.202556
-0.113337904,-0.16452011,-0.11649648,-0.22889596,-0.25030312
-0.12543646,-0.11756246,-0.18098164,-0.189665,-0.16776757
-0.13971576,-0.1694319,-0.16836305,-0.18609068,-0.17548837
-0.17288366,-0.11660115,-0.23568368,-0.16088717,-0.22414176
-0.11573152,-0.13373311,-0.13074113,-0.14944102,-0.18699375
-0.16109574,-0.18467939,-0.15966271,-0.17009367,-0.21712531
-0.12853302,-0.15908764,-0.10900073,-0.17839964,-0.12687808
-0.22796391,-0.24230586,-0.20401442,-0.2314132,-0.10548686
-0.24796972,-0.18548621,-0.16216882,-0.18302964,-0.12665312
-0.18572575,-0.09929046,-0.2130833,-0.24635237,-0.098085925
-0.1609344,-0.14598095,-0.10141261,-0.17406832,-0.23691304
-0.1354407,-0.14868219,-0.1324779,-0.18030098,-0.14119303
-0.22501309,-0.16439791,-0.18330981,-0.11841466,-0.13349558
-0.24319597,-0.16954194,-0.19176616,-0.13401398,-0.23122795
-0.13603044,-0.16215067,-0.17445059,-0.24001475,-0.16437313
-0.13909738,-0.18369035,-0.107897945,-0.16719522,-0.1774409
-0.10330542,-0.17295326,-0.13923094,-0.2365505,-0.2150176
0.080662824,0.1822811,0.18297988,-0.11603341,0.19932246
-0.009712456,0.09622741,0.14879991,0.11002043,0.1647525
0.15761495,-0.17837627,-0.252659,0.1387987,-0.18085359
0.14931233,0.18660788,0.17731209,-0.18069007,-0.15842658
-0.20206922,0.223416,0.22279687,-0.15015191,0.15306003
-0.13473448,-0.07202517,-0.025645105,-0.04271389,-0.14080389
-0.0656442,-0.1435581,-0.104673944,-0.03621628,-0.12539026
-0.29684094,-0.11188019,-0.13262442,-0.1054929,-0.08631098
-0.18592462,-0.24348854,-0.19028962,-0.047789566,-0.10489691
-0.09653159,-0.22999844,-0.22730713,-0.09147709,-0.0456367
-0.18083034,-0.13068363,-0.12776193,-0.17062163,-0.12059188
-0.1804569,-0.16663174,-0.16322017,-0.1295917,-0.16910633
-0.12202377,-0.13605468,-0.19362405,-0.19178462,-0.108148396
-0.16096243,-0.1525475,-0.19277222,-0.20069462,-0.17096946
-0.16576174,-0.14390329,-0.1339962,-0.21699254,-0.17475598
-0.20118256,-0.18322839,-0.14593813,-0.16272599,-0.20439908
-0.21034354,-0.2493845,-0.14909193,-0.14521198,-0.21860467
-0.16497932,-0.15213206,-0.11286796,-0.13069856,-0.17998096
-0.1316396,-0.1052952,-0.23428313,-0.23409143,-0.09763983
-0.1693745,-0.23049238,-0.17890793,-0.14799587,-0.25048405
-0.13917543,-0.12763168,-0.15546133,-0.1261799,-0.18032968
-0.17427634,-0.1670091,-0.11782511,-0.13470307,-0.19012803
-0.23757242,-0.21622932,-0.20963278,-0.23073497,-0.23846163
-0.112058744,-0.17480163,-0.24578682,-0.19141947,-0.18704116
-0.099934205,-0.116449244,-0.10134267,-0.15695761,-0.11093419
0.036376417,-0.042231638,-0.035898138,0.15529598,0.024419554
-0.022218157,0.004925364,-6.492338e-05,-0.0963669,-0.024031004
0.02522459,0.029740125,-0.031030286,0.0004332348,0.00012408372
-0.033802643,-0.130136,0.01311514,-0.0101616755,0.040165726
-0.017017948,0.16234788,0.18039261,-0.03405571,0.0048664594
-0.1728986,-0.13804092,-0.13839874,-0.1364154,-0.1804598
-0.18502909,-0.12209122,-0.10434605,-0.18231198,-0.12619758
-0.23794444,-0.2022232,-0.16335095,-0.1710903,-0.17511714
-0.17737108,-0.18158859,-0.20513237,-0.1617083,-0.1601798
-0.15285543,-0.16511472,-0.19864365,-0.19318457,-0.13897498
-0.19880542,0.15144336,-0.15841933,-0.21289094,-0.18048297
-0.17460695,-0.19174911,-0.15740512,-0.17077339,-0.14226478
-0.17761475,-0.20058091,0.031597957,-0.16723761,-0.012808116
-0.20308922,-0.16319023,-0.21622325,-0.16149805,0.022112241
-0.039229598,-0.20294134,-0.2057278,-0.1356724,0.038018554
-0.1394698,-0.10001123,-0.15724951,-0.18551597,-0.18943717
-0.12643042,-0.09815872,-0.14198507,-0.108094364,-0.114996314
-0.1100789,-0.1864411,-0.10511124,-0.18048161,-0.102048434
-0.1439807,-0.18179938,-0.19312033,-0.2142724,-0.2451708
-0.22144727,-0.20055911,-0.17026871,-0.1559724,-0.17872405
-0.13697553,-0.14071156,-0.13361458,-0.17153476,-0.24224319
-0.15670459,-0.18409406,-0.16348413,-0.14056163,-0.17238536
-0.16100654,-0.15057765,-0.1476879,-0.16721219,-0.20304212
-0.14854608,-0.19214354,-0.14039944,-0.16472507,-0.22037037
-0.14293565,-0.2329523,-0.20152374,-0.20812075,-0.12512855
-0.13216104,-0.10918072,-0.20649241,-0.2381048,-0.18519884
-0.1728836,-0.14883733,-0.15690522,-0.22208954,-0.2218053
-0.10144098,-0.11697252,-0.1302073,-0.10071781,-0.24594788
-0.13536792,-0.11390558,-0.11284817,-0.17826056,-0.12685551
-0.16805536,-0.14425702,-0.15189163,-0.1799853,-0.18543749
-0.17219351,-0.122374296,-0.12230276,-0.18164685,-0.15971285
-0.20433362,-0.18119766,-0.117262475,-0.10191673,-0.1972609
-0.23821211,-0.19481385,-0.18879092,-0.16969936,-0.22885257
-0.24508558,-0.1853945,-0.20220976,-0.21959011,-0.16131824
-0.22805865,-0.16884883,-0.2128017,-0.11019946,-0.102645
-0.13700993,-0.13294257,-0.14543702,-0.11162022,-0.18258958
-0.1248818,-0.14969012,-0.12196812,-0.1425606,-0.22165637
-0.14747104,-0.11829948,-0.23625924,-0.23319414,-0.2150976
-0.15882903,-0.1250124,-0.11250246,-0.14745224,-0.16310744
-0.16125463,-0.1676853,-0.16251259,-0.23601931,-0.17395736
-0.1818428,-0.18147892,-0.13024892,-0.11463312,-0.09982401
-0.104216605,-0.14465488,-0.13346489,-0.16872375,-0.18785915
-0.2478928,-0.18410465,-0.19688939,-0.19133489,-0.18885843
-0.22600996,-0.16679604,-0.18385746,-0.17579517,-0.13653193
-0.17694452,-0.17496692,-0.18477003,-0.17112261,-0.15024652
