0.016013233,-0.022675702,-0.013097339,-0.038848445,-0.002135566
0.043027446,0.054710526,0.05822475,-0.004193208,0.031802237
-0.033455886,-0.034235217,-0.002354079,-0.0013621086,0.07446102
-0.0194125,-0.025698338,-0.027311686,0.0028469346,0.056385968
0.0024441886,-0.04760632,0.014612243,0.009419404,-0.029667597
-0.008613691,0.024434764,0.045471605,-0.026261535,0.0014950279
-0.01455178,-0.018036112,0.033419613,-0.02467011,-0.022884596
-0.04025074,0.0059058946,0.013501327,-0.035422254,0.038361054
-0.00745432,0.011757059,-0.022093017,-0.043132745,0.025175354
0.008431517,0.021370409,0.023958176,-0.03291959,-0.0057101217
0.010913596,0.00762846,-0.0057348874,0.027374472,-0.047683336
-0.0023430136,-0.011634068,-0.0011792852,0.028882397,-0.035827
-0.018635053,0.019239567,0.02888125,-0.01714523,-0.027147682
0.02636224,0.043169007,0.0002596592,0.025726873,-0.009545801
0.04799915,0.036974486,0.016458618,0.026183622,0.020408055
-0.0025716764,0.028890379,-0.030457323,-0.032781105,-0.010744359
-0.027490495,0.04150495,-0.057452876,0.0270512,0.027098672
0.016025677,0.05076651,0.0296307,-0.06698718,-0.019796064
0.0372209,0.008572404,0.06361627,-0.017095858,-0.056859512
0.018197047,-0.030416932,0.041869573,0.04866355,0.016479908
0.045229614,0.004177807,-0.030691002,-0.010068919,-0.03241427
0.031037228,0.046331104,-0.01526248,-0.052186795,-0.031093607
-0.010297363,0.04001324,-0.016153824,-0.041375436,0.0037573474
0.0090342965,-0.0059030754,0.057081666,0.046445664,0.04813635
-0.033850823,-0.022164756,0.034609463,0.050087903,0.051005937
0.032247238,0.0042359917,0.055260427,-0.025078546,0.0048095426
-0.03553327,-0.013969256,-0.008084944,0.059339207,0.010145383
-0.013644776,-0.0388204,0.003401117,0.004065921,0.077512674
-0.04897424,-0.054200474,0.014002136,-0.010690704,-0.0015494163
0.028558243,0.005529065,-0.018772906,-0.058673624,-0.0096930675
0.013071068,-0.0038039333,-0.035780124,0.019324651,-0.007420589
-0.023744956,0.01584279,-0.022719024,-0.014191514,-0.005390665
-0.023678051,-0.02630335,0.04807395,0.013669645,-0.0072297384
0.016838819,-0.031959664,-0.008557013,-0.019450663,0.020507513
0.016419265,-0.010715965,-0.03993318,-0.044177707,0.023772107
0.051916447,0.060960114,-0.023921698,0.02021698,-0.031863954
-0.0007385736,0.046502557,0.01937391,0.015110449,0.0047329795
0.009323126,0.0037202025,-0.013820355,0.058031864,0.05103205
0.01204924,0.041223347,0.047465924,0.05608674,0.06595134
-0.0051916377,0.034639176,0.0022442043,0.033877168,-0.022076843
-0.0095729,0.022876771,0.010718888,0.011931694,0.023151638
-0.020196265,-0.011486573,-0.03668925,0.0101999445,-0.0182892
0.006779136,0.051577523,-0.04387961,-0.0595055,-0.0042223283
0.027890094,-0.0012066588,0.0473416,-0.017789405,0.026739102
0.021702595,-0.028128913,0.037173513,0.07612397,0.05258463
-0.0034850074,0.034145977,-0.041515354,-0.024464086,0.035979606
0.02568514,-0.028779792,0.03639514,0.019459918,-0.03296411
-0.019456852,0.00061244087,-0.024166979,0.023235705,0.01774103
0.04185223,-0.023939393,0.008237137,-0.034782108,-0.006354015
0.0274691,-0.0064479588,0.045920953,0.06339551,-0.020676317
-0.013695222,0.027440662,0.026806423,-0.035906326,-0.0070766704
-0.042998184,-0.044697594,0.012092847,0.02753266,-0.031831693
0.011125191,-0.04324346,-0.08431611,-0.07189884,0.014923134
0.014911051,0.027109712,-0.03780773,-0.054380424,-0.035665166
-0.026383156,0.068676434,0.07590958,0.06880571,0.030260732
0.027601535,0.06265894,0.05676339,0.021410255,0.04153293
0.03450869,0.019315595,-0.007391813,0.016167307,0.013108309
0.012991169,-0.00028920075,-0.057513785,0.024147024,0.029391102
-0.028071487,0.015955426,-0.07059649,-0.0732586,-0.0016784172
0.067649685,0.067984454,0.012482728,0.033485208,0.043734483
-0.027079282,-0.003959664,-0.013730952,-0.0037783054,0.011019381
0.021026678,0.014800721,0.012276952,0.05745495,0.039755724
-0.0044325567,-0.06803091,-0.047010813,-0.050265174,0.05834909
0.01321258,-0.03135405,-0.051797673,-0.05466592,-0.035393145
0.06732113,-0.02796243,-0.04721268,-0.082267866,-0.009724915
-0.003771899,0.01972133,-0.01397284,-0.04852911,-0.03674807
-0.034938283,-0.03979371,-0.0022494982,0.011222628,0.040389948
-0.03189758,-0.016449999,-0.0080506,0.017286956,0.039685734
0.014822669,0.05566199,-0.010514699,-0.054318983,-0.026890721
0.07127356,0.100060545,0.09740181,0.061304435,0.002723423
0.035177495,-0.033384446,0.027768124,0.022894127,0.038192272
-0.034836065,-0.008560817,0.06220068,0.07412721,0.051228464
-0.059845515,0.0051270477,-0.03278827,-0.0043748724,0.051475003
-0.020134268,-0.060546886,-0.0298565,-0.03650611,0.036939994
0.004705487,-0.009997006,-0.022910208,-0.044742506,-0.07688941
0.009352528,0.021021167,0.0010704378,0.04416716,-0.03544864
0.014758687,-0.011398703,0.019675456,0.0130541185,-0.0094270725
0.015534544,0.018301029,-0.033847243,0.015076102,0.0054398775
0.016073477,0.020287268,0.06049201,-0.008118284,-0.01766522
-0.04544285,0.033171523,0.03272559,0.06276179,0.028275186
-0.0044492953,-0.018248644,-0.0012079924,0.04682249,0.040590867
0.0235601,0.012091456,-0.024964841,-0.012400716,-0.023047807
0.0072679776,-0.025250245,-0.0005518403,0.004010234,0.044684034
0.007398115,-0.019764123,-0.025385762,0.033839207,-0.021554178
0.04003321,0.013537867,-0.043006483,-0.012511094,-0.03737611
0.002003232,-0.032453556,0.00492788,0.02126303,-0.030725613
0.0055743456,0.016391663,0.029724916,-0.041161004,0.027777405
0.010693004,0.025282811,-0.0051527545,0.034549493,0.02044557
-0.033177834,-0.018734548,-0.009190111,-0.0024619845,-0.00094410725
-0.029705893,-0.07345657,0.0048467563,-0.0046686768,0.048939593
0.010294143,0.03397549,-0.017539266,-0.05296868,-0.015067624
-5.93022e-05,-0.016605461,0.0021723474,-0.011058258,-0.010022233
-0.0060135275,0.056509916,0.032326587,0.008007428,-0.0063364645
-0.026512733,0.0011693314,0.015976667,-0.008313663,-0.0003297043
-0.04183572,0.02148535,-0.00520699,-0.0225752,-0.017831339
-0.0014642765,-0.021892127,-0.0049984017,-0.021786436,-0.048516944
0.05898115,0.027053136,0.03676421,-0.057640936,-0.030414863
0.014772778,0.052587636,0.036793903,0.028159626,-0.028089443
-0.017957339,-0.028533744,0.06650136,0.09829006,0.0747958
-0.04273081,-0.0071253027,0.025128363,0.048167314,-0.002713308
