0.00928464,-0.0059412476,0.021423867,-0.021637425,0.0026512973
0.034824654,-0.03524937,0.021834178,-0.013016568,0.034240726
0.04475838,-0.03377454,-0.021091651,0.010492314,0.023039091
0.03835237,-0.032757312,4.5795037e-05,-0.029147545,-0.019395309
0.022217894,0.040631544,0.004911898,-0.020310387,-0.020887533
0.00036983535,-0.019220015,-0.004622788,-0.038362395,-0.03928651
0.039198816,0.0010344118,0.039463107,0.0030607323,-0.051453207
0.0038753045,-0.022187185,-0.044698883,-0.040463984,0.03104333
0.010978478,0.033921316,-0.01542607,0.04815484,-0.012736158
-0.017504111,-0.025934808,0.054789163,0.0040428843,0.018019462
-0.034945264,-0.014277381,0.023040362,-0.0028022858,-0.008444905
0.011446088,0.016724642,0.0016739784,0.026459819,-0.008773358
0.037780136,0.044861346,0.048420303,0.03845979,0.018535692
0.006181422,0.036307104,0.01805317,-0.036894932,-0.030880334
0.04404572,-0.015062008,0.035923623,-0.017513847,-0.04406058
0.0050451853,0.0067289565,0.029577658,-0.01083668,0.010488477
-0.04400655,-0.007752886,0.05298581,0.06594027,0.0147174895
0.023279749,-0.0387555,-0.028892012,-0.024469174,0.016834889
-0.04065853,0.025155429,0.04680936,0.035093606,-0.02863408
0.05094682,-0.01347602,-0.020032018,0.010104657,-0.028252563
-0.0035352902,-0.033322908,-0.024114488,-0.0021200425,-0.029798783
-0.0049456027,0.02966407,0.010629804,0.025535747,0.016323633
-0.023040626,-0.030839453,0.045951683,0.013614468,0.015153774
-0.023003649,0.038825355,0.00014648575,0.022934087,-0.00627008
-0.002517886,0.026503734,-0.030482018,-0.0106063755,0.015214671
0.0012407821,0.0067174784,-0.014569986,-0.034182403,0.009735826
-0.013266815,0.0037190535,0.0060967985,-0.034994245,0.0319406
0.05282843,0.06275247,0.043458518,0.028230673,0.045482397
0.00021129302,-0.029750139,-0.006735171,-0.02609699,-0.024039924
-0.025927141,-0.011733026,-0.011354363,-0.04492748,-0.022385688
-0.015634079,0.028493838,0.01320222,0.049380746,0.04505491
-0.024123428,0.031959288,-0.022537082,0.020101972,0.03538261
0.032971762,0.018261485,0.046289127,0.004493912,0.019079862
0.0043630097,0.0013442045,0.03479824,-0.017131343,0.0031347745
0.05419041,0.026049262,0.061858475,0.036353253,-0.03811534
0.0008076323,0.03323305,0.042108826,0.0095191365,0.023100572
0.012377954,0.020465981,0.017134571,0.020859482,-0.015805235
0.0117905345,0.021502435,0.042103615,-0.003995776,0.014467775
-0.034913078,0.04381991,-0.004058381,-0.016777271,0.0410587
0.027760787,0.013105467,0.0001139971,0.015530898,0.023852017
-0.019420037,-0.0025301632,0.040294886,0.04305788,-0.011251307
-0.019125648,-0.0090797255,0.05842685,0.038408604,0.0066087404
0.00095229625,0.03173053,0.00544476,0.03840467,0.029608604
0.006048939,0.00828606,0.0002131516,0.004786862,0.010474498
0.015130002,0.042843156,0.0012170437,0.0045064315,0.012967276
0.026539022,0.023005106,0.05774663,0.043684352,0.006508279
-0.013312326,-0.028887391,0.005796749,-0.016811568,-0.02328739
-0.024937324,-0.014276635,-0.0054288534,-0.016399117,-0.00390962
0.041612502,0.034252074,-0.015748184,-0.01845749,0.015834987
-0.030269766,0.04079808,-0.022865376,0.017494496,0.04629724
0.04500749,-0.018873136,-0.016291346,-0.0005456492,-0.0148481075
-0.031915195,0.04044572,0.052449476,0.05208463,0.022272605
0.021972077,0.053546704,0.063026115,0.06727358,0.055970542
0.03182578,0.0038096793,0.027954502,-0.01033641,0.006216683
0.0042768097,0.026842523,-0.0326893,0.034612007,0.010146453
-0.0022999318,-0.027667744,-0.046466008,-0.016320465,0.01434288
0.020210344,0.004770823,0.048359934,-0.030061493,-0.014160594
9.782213e-05,0.0062863715,0.021940775,0.054653272,0.042362444
-0.01749294,0.042974874,-0.040509835,0.042834442,0.023896221
-0.024262665,-0.051964182,0.0045884913,0.039104845,0.0227078
0.037884932,-0.029826712,-0.02096825,0.0066679916,-0.016434059
-0.008881891,0.036872867,-0.060383443,-0.053443354,-0.03991522
0.0040635224,-0.009838475,0.016628977,0.025941642,0.015048922
-0.029298196,-0.02323977,0.032234386,0.054023594,0.05521592
0.015967174,-0.039809372,-0.0033241273,-0.03666563,-0.011127184
0.00930425,-0.02492517,-0.03850525,-0.010326414,0.03281214
-0.015724225,0.021785105,0.03458276,-0.008207504,-0.019260487
0.028790832,0.0536586,0.052388303,0.08795622,-0.0035545249
0.036794607,-0.041303363,-0.049844332,-0.0039483816,-0.01935868
-0.046824392,-0.019880293,0.024882074,-0.016776888,-0.03338471
-0.0057419506,-0.01648622,-0.018187148,0.026883814,-0.017856568
-0.014261634,-0.036027312,-0.028205667,-0.037352033,-0.018250734
-0.002129397,-0.024477983,0.03346622,0.031317335,0.03900672
-0.03318696,0.04971434,0.02554965,0.036914494,-0.011010455
0.007930369,-0.023111792,-0.003077495,0.0221839,0.019104091
0.021045633,0.045488887,-0.028391168,0.006587458,-0.03629882
0.027026815,0.018416595,0.053331703,0.043786656,-0.014123669
-0.027809875,-0.020084875,0.013253798,0.047423404,0.021011526
0.024541564,-0.028243756,0.029392567,-0.04668478,-0.031381514
0.006252732,0.016034579,0.036501687,0.017925737,0.020924943
-0.047915436,0.034442667,-0.031587183,-0.041917175,0.021580795
0.01828943,0.0025918987,-0.012388561,-0.02398435,-0.012158331
-0.023575513,0.03493195,0.018951768,-0.014176595,0.028212084
0.019136252,0.048495136,0.046506643,0.0031278578,-0.017307917
-0.01938298,-0.03071513,0.0073097977,-0.0072866767,0.022871275
-0.03416123,0.021082405,0.0106548015,0.046568573,-0.02304024
0.013297039,0.009826412,0.0045805974,-0.009233572,-0.048649188
-0.02492911,-0.03522483,0.0061018597,-0.032465845,0.007300625
-0.054300234,-0.05788858,-0.06338709,-0.05398517,0.004184648
-0.044444878,-0.013166741,0.004286604,0.0051448266,-0.0006661656
0.0476677,0.026625356,-0.003314204,0.018418029,0.0019454441
-0.00069891266,0.016865524,0.026253412,-0.023696585,-0.020264184
0.035114072,0.017506622,-0.033087723,-0.03887524,0.00655376
0.0005031952,-0.056960583,-0.0024677492,-0.049681146,-0.008358548
0.026257314,-0.041619614,0.00025407405,0.009752592,-0.05487936
0.04239076,0.047056954,0.06726073,0.04791713,0.02424794
0.002764092,0.031389143,0.0049574086,-0.00915932,0.0448194
-0.01691576,-0.047145367,0.02501235,-0.04663431,-0.010504106
-0.005356854,0.056237523,0.05353909,0.013737755,0.00221302
0.040978115,-0.010122893,0.01037466,0.040383857,-0.011510292
