0.0003649138,0.046420492,-0.011910846,0.007935068,-0.037149135
0.005919621,0.040637843,-0.0074908454,-0.011593415,-0.01061224
-0.04010472,0.024998192,-0.013562079,-0.026377209,-0.037499003
0.01515657,0.0013752833,0.014282567,0.0120333,0.028298337
0.033122305,0.0063795764,0.037096772,-0.03485205,-0.01012257
0.053863216,-0.01522431,4.1536973e-06,-0.01712289,-0.047361862
0.052684944,0.016879408,0.0048431624,-0.0033579045,0.0118281
-0.01190876,-0.02137059,-0.0069553577,-0.050091207,-0.04717821
-0.038676154,-0.026666004,-0.018942729,0.007813503,-0.016690182
0.011858133,-0.045062635,-0.048209507,-0.0033738778,-0.039656263
-0.039593704,0.013423637,-0.0007403708,0.008934469,0.0066611003
0.020438068,0.018861765,0.0080300905,-0.03453024,-0.042445447
-0.0029589704,0.03724199,-0.036500562,0.012450472,-0.028428435
0.013222009,-0.0024139339,-0.01814685,-0.029813852,-0.015041097
0.042241126,0.03784236,-0.035707474,0.023393895,-0.051488265
-0.027788226,0.0022466576,0.018110812,-0.055103667,-0.04052048
-0.059323344,-0.024218578,0.01214659,-0.023763258,0.0043885033
-0.0023840033,-0.0500592,-0.048346493,-0.014696915,-0.053587075
-0.027496776,0.0013090118,-0.030589055,-0.024087744,-0.036002144
-0.029258585,-0.045157865,-0.049548555,0.031921342,-0.029180458
-0.037672784,0.00206461,-0.04641427,-0.032313976,0.007737365
0.02858352,0.03317324,0.015922898,-0.030798486,0.021141294
-0.0036354358,-0.021102386,0.025790663,-0.022644358,0.029091874
-0.020972194,0.0012001438,-0.007632188,-0.042658467,0.026767097
0.03124706,0.043567564,0.0253217,0.010294572,-0.0030679947
-0.06777422,-0.010326143,0.039434213,-0.02503864,0.008613404
-0.07630364,0.0015042834,0.04059188,0.051394142,-0.01148704
-0.03957929,-0.027196461,0.032899566,0.05443452,0.0025569652
-0.055787865,0.0036186907,-0.0073870206,0.06435327,-0.00012660255
0.017344829,0.0010599387,0.005903444,0.042288806,0.065691195
0.019098232,0.02848123,-0.04367972,-0.026691142,-0.00023969398
0.0059614647,-0.0340931,-0.013100523,0.017728977,0.020038547
0.025801904,-0.051459905,-0.009252595,-0.055592097,-0.057616334
-0.004868981,0.03418194,0.024361864,-0.018887106,0.009620737
-0.013117833,-0.02795245,0.01795487,-0.0064447057,-0.012873203
-0.015140698,-0.011501402,-0.025463391,-0.025615592,0.005161386
0.024404988,-0.0024318383,0.004373834,-0.044762596,-0.047085144
-0.011927226,-0.035639804,-0.005524327,-0.010180208,-0.038307946
-0.021744614,-0.016246293,-0.04801463,-0.018348012,-0.03776419
0.02382253,-0.03576586,-0.0009348407,-0.043381367,0.006103359
0.012715526,0.023219135,-0.027289573,-0.019240787,-0.0025480438
0.006461968,0.008718709,-0.012752467,-0.012205584,0.005035962
9.329607e-05,0.0027899467,-0.014879783,-0.00056084944,-0.023870528
0.051863547,-0.020775948,-0.012233728,-0.051073883,0.031935368
0.002918706,0.009648819,-0.009735996,0.023755414,0.005580732
0.034815375,-0.0032215521,-0.032742992,0.039998766,0.044571724
0.0011330496,-0.021729508,0.028423175,-0.00033361444,0.017369388
-0.011659021,-0.014266695,-0.02509955,-0.054877866,-0.053047903
0.04316254,-0.050972942,-0.004353511,0.014873148,-0.03574081
0.0038281686,-0.0027690001,-0.016568132,-0.015631288,0.022627221
-0.03899695,-0.014742498,-0.0296006,-0.010778549,0.039760664
0.030703826,0.044033524,0.0029577808,0.038261484,-0.0030093603
0.041751657,0.03896786,-0.03654399,0.010445073,-0.032663476
0.012204,-0.0062266397,0.0044386555,-0.053553317,-0.0075985547
0.020879067,-0.017413232,-0.04419546,0.0013558036,-0.049949996
-0.05556472,-0.010204489,-0.015979545,0.01467171,0.009534706
-0.06279085,-0.026673138,-0.0012488812,-0.032376785,-0.015731059
-0.048808746,-0.016902061,0.051721472,0.03586302,-0.00077690376
0.02106561,0.012357575,0.0077040754,-0.030556964,0.020755464
0.01642778,0.021350646,0.009634582,0.022827264,0.009311641
0.0076190676,-0.004466755,0.02949973,0.015366308,-0.04150535
0.0053159595,-0.04181501,0.03497061,-0.0013548158,-0.0010007223
-0.06877883,-0.05156544,0.04808029,0.04310237,-0.0023197853
-0.079392105,-0.041404016,-0.043330107,-0.0050588157,0.04706228
-0.021356413,-0.036100507,0.0022683996,0.039178774,0.0632071
-0.0016709369,0.019224094,-0.015649391,-0.02290768,0.031319577
-0.0020254545,0.029687004,0.0017117253,-0.03557274,0.016974734
-0.02449142,-0.010359431,-0.0070080846,-0.02578757,-0.028335053
-0.0007489993,-0.029885285,0.027866354,-0.033585098,0.019993989
-0.007899708,-0.038016632,-0.049054492,-0.0556405,-0.013665721
-0.059365742,-0.024447678,0.01708705,-0.012900698,0.032689888
-0.009691333,-0.04077832,-0.038324144,0.013212162,0.05011336
-0.0013484404,-0.027377091,0.06236322,0.029644134,0.054472927
-0.04193162,-0.03419844,-0.027430478,-0.0015176691,0.012968169
-0.026237864,0.028433928,-0.0066221636,0.030606039,0.062196627
-0.015705146,-0.022373592,0.04046169,-0.020348866,-0.011955822
-0.005117636,-0.025813576,0.0010113219,0.02298181,0.04815758
-0.043566115,-0.0012148059,-0.041626766,0.00535128,-0.0056736395
-0.045320284,-0.041036576,0.012073681,-0.025201274,-0.047465164
-0.0057654926,-0.034076653,-0.029317448,0.020900939,-0.013676075
-0.0249109,-0.0032090752,0.007097993,-0.03432245,0.0123205865
-0.011059904,0.0409886,-0.024835683,-0.009977399,-0.02176546
-0.050425764,0.001966772,0.015406167,0.015501073,0.052972656
0.019698193,0.017632654,0.023343947,-0.009418286,0.048841316
0.050685275,-0.030054761,0.004036867,-0.005902955,0.044141885
0.029176867,0.054333128,0.015249501,-0.00951782,-0.018915528
0.06461556,0.10933769,0.017562883,-0.048178457,-0.018531669
0.023381151,0.044235673,-0.055215836,0.005358452,-0.011647572
0.07669503,0.013906506,0.007714929,-0.033261728,-0.05190647
0.052481394,-0.033773165,0.011034522,0.0009833699,0.012920056
0.02225505,0.04501186,0.002874884,0.00047031327,0.0038033773
0.069931306,0.045447946,0.022221213,-0.013192777,0.010390687
0.029512089,0.048717514,-0.018801985,0.018976279,-0.038410105
0.077690095,0.01476571,-0.02637817,-0.026083183,0.011472569
0.01964021,-0.042010095,0.01293184,0.02842751,-0.02062287
0.03704282,0.043678444,-0.014956085,-0.008396889,-0.0034661717
-0.027215388,0.041627575,0.040869374,0.01761551,-0.026409397
-0.049082395,-0.0019530221,-0.045659132,0.0063196784,-0.04194013
0.035820823,-0.02247817,0.03647988,-0.0134457275,-0.027122458
-0.032990277,0.0066486434,-0.019466316,-0.005167884,-0.008725494
