-0.017114539,0.005888483,-0.021233171,-0.017684624,-0.023304591
0.013298079,-0.030269507,0.037084527,0.06743152,0.0048268987
-0.031898115,0.00671914,0.0010944409,-0.027312875,-0.016424766
-0.013580165,-0.028033452,0.04778696,0.013360626,0.030294025
-0.036951747,0.030236047,0.011087439,-0.038852952,0.02767113
-0.04593477,-0.01268537,-0.050685003,-0.010405441,0.011640713
-0.008193366,-0.027787864,0.005525939,-0.013352696,0.03286476
0.0047510024,0.015206522,0.08294997,0.029618226,0.0009113576
-0.020972516,0.10113479,0.045062855,-0.023344014,-0.038367823
-0.004930238,0.075882554,-0.03947979,-0.054004766,0.02340311
0.006407741,-0.027249772,0.0022340813,-0.027967783,-0.041856565
0.013387743,0.0054113297,-0.040876906,-0.013043984,-0.023718536
0.0073359427,0.014998542,0.033522896,0.034957573,-0.03217732
-0.04787459,-0.0023042837,-0.02135787,-0.05036499,-0.031749725
-0.041178785,-0.009375419,-0.045027368,-0.0141410045,-0.041202426
0.011765233,0.0040667336,-0.008698379,0.020851409,-0.0074469256
0.031343035,0.025819896,-0.015885396,-0.07259406,-0.023074234
0.05159253,0.006143151,-0.04739186,-0.013666787,-0.0066095223
0.027531175,-0.0090139285,-0.010699629,0.04268224,0.023819031
0.0057337973,0.023785321,0.02076487,0.021431401,-0.057378307
-0.037133344,0.0041892678,0.023319462,0.03055943,-0.02623727
0.037753563,0.03919325,-0.0031960516,-0.040390417,0.038319815
0.031527273,-0.004184439,-0.06985162,-0.012837168,-0.0093283905
-0.003634567,0.008628944,-0.04252831,0.03263001,0.014988224
-0.008816846,-0.0030441917,0.044368096,0.0022655902,0.017811788
0.0146190645,-0.040077634,-0.0322781,0.010639251,-0.0474636
-0.008353137,-0.023106128,-0.082869686,-0.0011974243,-0.016797932
0.05298384,-0.017060371,-0.037378497,0.017130844,0.05561209
-0.048757076,-0.023209916,-0.025205318,0.024017185,0.033820096
0.0051575564,-0.05595988,-0.036216393,0.044209093,0.003086951
-0.032721054,-0.006811988,0.052858166,-0.025811518,0.03957322
-0.033794463,0.038793784,0.042363014,0.0035908688,-0.020078199
-0.0042165522,0.010584958,0.03702154,-0.020481495,-0.036315966
-0.030123271,-0.034948472,-0.014091968,-0.024921803,0.0115187485
0.0057844087,0.021113882,-0.0075443177,0.026867285,0.025120795
0.023099488,-0.040903438,-0.0062889187,-0.043390807,-0.028604584
-0.028430171,-0.03910644,-0.040240232,-0.03336901,-0.01969158
0.036207035,0.017724095,-0.03162346,-0.019768987,-0.02313877
0.03639074,-0.055796955,-0.015142231,-0.020883938,-0.033407938
-0.03919714,-0.021505984,-0.0053196303,-0.0014810701,0.04679819
-0.00018208771,0.04220173,0.046023592,0.03786857,0.008573782
0.029733408,0.003554716,0.016987484,0.007161217,-0.051837195
-0.017372306,0.04294676,-0.007464228,-0.048808116,0.012179447
0.03247233,-0.013425145,-0.0497026,0.00018871564,-0.04488573
-0.020415155,0.015038433,0.0004599405,0.008255867,-0.021454496
-0.010740896,0.039051127,0.020940553,-0.037984837,0.025285099
0.03767818,-0.032914426,-0.027408866,-0.00019487592,-0.043387268
-0.04207257,-0.011018782,0.009971832,-0.03349925,0.009383103
-0.047061022,-0.031489316,-0.012605264,-0.028300771,-0.032584157
-0.023232237,0.014599562,-0.04434312,-0.05590549,-0.04953944
0.002726681,0.028008545,0.036203574,-0.03697914,-0.014110772
0.027205598,-0.031058513,0.024088921,-0.003028788,0.011682265
-0.030030569,-0.0657652,-0.043870658,-0.044630423,-0.032818817
0.0010711479,0.020190608,0.01855209,-0.035078723,-0.041438412
0.0044102706,0.012317534,-0.043653782,-0.051159024,-0.05512713
0.014360115,0.022038456,0.027875224,-0.058499996,-0.0055411826
-0.02714909,-0.00096136134,-0.0048470767,0.016518058,0.0040470394
0.040190063,-0.008786416,-0.026318055,-0.0055966172,0.041296724
0.026217448,-0.048588157,0.012056085,0.01549558,0.016953418
0.018814849,-0.030740472,0.019291233,-0.0129821915,-0.04991343
-0.047682565,0.026405288,0.006236346,0.011590393,0.01934408
0.043318957,0.04014635,-0.0088509405,-0.088105895,-0.0069900732
0.09701496,0.03420814,-0.016496986,-0.034344766,0.040525902
0.093165725,0.032770082,-0.11006402,0.030378144,0.062980115
0.053004026,-9.9762336e-05,-0.035849508,-0.019463167,0.029083341
-0.013516422,0.004954143,0.05696438,-0.030158956,0.009103589
0.0386013,0.03895666,-0.011646706,0.016370464,0.0012757296
-0.01513019,-0.03855302,-0.0392401,-0.01623147,-0.04393313
0.017187025,-0.049003564,0.010014079,-0.032864008,-0.041916467
-0.014496389,-0.054294713,-0.021536922,-0.030237399,-0.041902076
-0.00876961,-0.005933911,-0.00062654004,-0.060805343,0.018818732
0.007238919,0.039370093,-0.010410412,-0.022328595,0.03346578
0.049605086,-0.014569976,-0.060534563,0.0010246264,0.033239786
-0.011630558,-0.04081721,-0.053191863,-0.0056278794,-0.00057751435
-0.03802415,0.011415124,0.011291702,0.007791425,0.041257408
0.016781218,-0.0010024729,-0.026418865,-0.035662606,-0.037286937
0.040537547,-0.032248326,0.027600562,-0.031127257,0.035299785
-0.031842615,-0.046156686,0.018711485,-0.057436384,0.035545662
-0.042892586,-0.017832743,-0.002115668,-0.04262075,-0.018562838
-0.022425968,-0.034237288,0.01968045,-0.026176026,-0.0022873268
0.031729534,-0.043463726,-0.039025377,0.020866074,-0.005487974
0.019662093,-0.04822208,-0.041225515,-0.046625074,0.036062546
0.034152716,-0.052760575,-0.040866375,-0.0061620167,0.023417063
-0.0010286998,-0.043451298,0.020296277,0.07721802,-0.018829959
0.038565025,-0.012347987,0.03763921,0.04663136,-0.03607944
-0.04849262,-0.019737203,-0.02934244,0.037089847,0.041456614
-0.063105054,-0.062350173,-0.02110553,0.070174746,0.05035211
-0.056760672,-0.06592971,0.066882364,0.10295164,-0.0032695676
-0.056167133,0.009792304,0.15726432,0.1011837,-0.049699955
-0.01999591,0.056185767,0.11320679,-0.032474626,-0.06919282
-0.011874686,-0.032680966,0.05525161,0.039049517,0.026023079
-0.01918317,-0.051191352,-0.008224306,0.010049372,-0.040114958
-0.03725323,-0.05110815,0.08748127,-0.014644067,-0.022264143
-0.05116175,0.05861903,0.08545728,0.049915414,-0.04430165
0.022271207,0.008826874,0.081802234,-0.025135787,-0.0118439235
-0.028251348,0.021522494,-0.00255103,0.017143846,0.012988572
-0.0503947,-0.0044027404,-0.027283587,-0.002777347,-0.017860945
0.0023790796,0.025678642,-0.020897152,0.01402132,0.025121387
0.0021009343,-0.027051607,0.008354406,0.030218717,-0.047171906
-0.07020108,-0.015376584,0.031492498,0.0010646802,-0.03997086
