-0.012102698,0.0032270993,-0.045340367,-0.024706233,-0.033115946
0.024505293,0.047514927,-0.0016539857,-0.018564563,0.02203584
0.02274175,0.01988489,0.027954768,-0.030667372,0.0152296955
0.0130495,0.041256353,-0.04014731,-0.0024181271,0.008586166
-0.012729904,0.050280634,0.0061893463,0.03775263,0.028615648
-0.0027855686,-0.0061899284,-0.0054551777,0.042703036,0.02010161
-0.038618244,-0.024331108,0.04431004,0.0376033,0.039833598
-0.027402239,0.013830191,-0.003811093,0.0030720562,-0.0289934
-0.008444031,0.050816417,-0.0037567387,-0.053461805,-0.0032243642
0.029427473,0.024979845,-0.0046517076,-0.06158821,-0.037054677
-0.027322058,0.025882466,0.01747099,-0.0059246263,0.029366152
-0.04452352,0.033446595,0.015350762,-0.04443464,-0.019092085
-0.0027740865,0.016216118,-0.04421021,-0.02554412,0.011251281
0.03991841,0.040836275,0.07008531,0.022245917,0.061548654
0.01939372,-0.009004134,-0.04104191,-0.00400306,0.020747444
-0.0025627855,0.0062633855,-0.029726867,-0.012426108,-0.045463834
-0.045438398,-0.04113978,0.01804492,-0.017705752,-0.041578606
-0.024379317,0.023351006,-0.034520786,-0.027342297,-0.04748133
-0.05213469,-0.013253775,-0.03742397,-0.01585933,0.05230571
-0.039761078,0.0015621504,-0.017097535,-0.02495616,-0.058249004
0.0074113025,-0.020916864,0.028097166,-0.0066528353,0.04374132
0.040687338,0.024981122,-0.0335748,-0.03468981,0.032566283
-0.023689235,-0.019802311,-0.02250493,0.040362533,0.045813363
0.023776375,-0.02367994,0.04449918,0.04522861,-0.014301351
0.026441434,0.027327279,0.035587456,0.032270867,-0.015873883
0.01983334,0.02307272,-0.027623272,0.026415838,0.00087175623
-0.011860445,-0.023298968,-0.054333076,0.004064678,-0.042975552
-0.015283894,-0.012328263,-0.041889977,-0.05977599,0.01263531
0.02099947,0.017221825,0.023577245,0.006757846,0.02432794
-0.0003255524,0.024380416,0.049548216,-0.012701362,0.05511089
0.033481043,-0.053848006,0.016683875,0.011027205,0.008866114
0.020864718,0.033335883,-0.022433626,0.06674543,0.046008024
-0.023898028,-0.035299085,-0.046434768,-0.014386056,-0.025917772
-0.042316727,-0.05092,-0.03396175,-0.022693064,0.020382756
-0.018562492,-0.028777607,0.019979518,0.036850493,0.028288716
-0.008251843,-0.029055431,0.024411283,-0.00044285864,-0.016260248
0.0077193114,0.05590457,0.050603762,0.05632665,-0.010545816
-0.0011960153,-0.009160529,-0.017538173,0.006959337,-0.010230673
0.026664393,0.022614345,0.052907143,0.012527714,0.00647709
-0.040932104,-0.014341957,0.014895672,-0.027173111,-0.033160552
-0.026393412,-0.008857115,-0.03814022,-0.031991344,-0.014557274
0.02302248,-0.016328424,-0.030980935,0.017672477,0.03389825
0.07685282,0.050857462,0.010384085,0.027038082,0.03792328
0.016276795,0.017481694,-0.00048752333,0.007128868,-0.04426377
-0.025512781,-0.030513506,0.010951922,0.01284421,-0.043881252
-0.009456528,0.02171477,0.031692922,0.03362915,-0.030246595
-0.020594673,-0.004607255,-0.04171251,0.052371357,0.061938886
0.0028957583,0.07528162,0.004209832,0.02069195,0.032530256
-0.011495889,-0.018058939,0.023561208,0.020313952,-0.023945896
-0.023281198,-0.03306736,0.007612488,0.020998593,-0.027508743
-0.02235748,0.0378834,-0.040178794,-0.024840806,-0.026776142
-0.002490435,-0.018273477,-0.043041725,-0.0056919716,-0.02403459
-0.022083942,0.051312745,0.08128612,0.035020124,0.06831266
-0.0003649776,0.04878756,0.06441584,0.038437355,0.05909435
-0.021258073,0.0033035825,-0.01736363,-0.07414737,0.013763873
0.015790837,-0.040815618,0.02595238,0.031157458,0.03643214
0.008817299,-0.033153635,0.010156815,0.010302033,-0.016975764
0.03159053,-0.010778669,0.033292014,0.03121972,-0.02322772
0.05429206,0.0031755024,0.090725735,0.07280239,0.050901704
0.027398808,-0.019225748,0.041810066,0.024677915,0.002566402
0.038403656,0.040753517,0.024916036,-0.017856183,-0.0037365758
-0.010845913,-0.022348862,-0.0020450205,-0.026826803,-0.026068253
-0.020690871,0.01388441,-0.013859762,-0.08263152,-0.061520264
0.04050352,-0.011244641,-0.038720984,0.037338916,0.045040835
-0.027899282,-0.04311019,0.041316766,0.04695406,0.03923049
0.04136074,-0.02979377,0.011917503,-0.008291173,-0.008548269
-0.035119522,0.012457119,-0.007961246,0.013447793,-0.0325502
0.02896089,0.017957803,-0.02967177,0.017679475,0.08223947
0.06036895,0.05482976,0.09227314,0.065625876,0.028686065
-0.0381089,-0.036913358,0.013072136,-0.04016006,-0.0072583067
-0.02374667,0.014631331,-0.014573946,-0.042059768,0.005646652
0.017012954,0.001771694,0.009165168,-0.049586393,-0.05521701
-0.027014747,-0.019234665,0.00064753136,-0.009213944,-0.011160342
-0.046320133,-0.037584417,0.02922367,-0.022683717,0.022591598
0.024891306,-0.0024524035,0.0102599785,0.0033971209,-0.0011379084
-0.03630174,0.011571818,-0.02561815,-0.02762334,-0.016512379
-0.022560515,-0.024545819,-0.05355337,0.022378232,-0.04691116
0.036378648,0.043536298,0.035379298,-0.012028188,-0.02767895
-0.012059772,0.039911438,0.058488026,0.051414575,0.021079969
-0.046648085,-0.00960001,-0.026093734,-0.01382691,-0.045350768
0.036753703,-0.009947785,-0.004697503,0.037281737,0.023540795
0.00916494,-0.0012358672,0.02710057,0.023554463,0.008587456
-0.05163037,-0.048453454,-0.013341683,-0.028908143,-0.029066725
-0.013412496,-0.047099106,-0.020368362,0.022041831,0.010413357
-0.010332647,-0.019417938,-0.006350745,0.048497874,0.043387804
0.005354684,-0.030989623,0.06083935,0.018922932,-0.0011505368
0.027688613,-0.017529225,-0.006320992,0.022992285,-0.030909864
0.003582198,-0.0088447835,-0.02313758,0.039069027,0.023558136
-0.009571787,-0.012249669,0.046196133,0.0055522043,-0.0432496
-0.04808712,0.0012912039,0.02613718,-0.039252635,-0.034752667
0.04544684,0.02607827,-0.02412094,-0.029686706,-0.005467951
0.0125716515,-0.026275167,-0.004623409,-0.0076999003,-0.058126993
-0.014033845,-0.04137511,0.010051361,-0.030881083,0.012267349
-0.04468492,0.02293741,0.026401043,-0.007837068,-0.05484821
0.0032645809,0.01654711,0.0139481425,-0.01685916,-0.0102582155
0.00019047543,-0.02119887,-0.028494038,-0.04502136,0.014246872
-0.01798807,-0.024497736,0.040934224,0.020534037,-0.024191743
0.03315651,0.0010335526,0.05203381,0.0025407616,0.014505302
-0.052931745,0.008799114,-0.018664163,0.00018010288,-0.05247169
0.029979996,0.036615293,-0.01526297,0.038008228,0.03568901
