-0.0075668516,0.016450373,0.027956791,-0.04353992,0.029916853
0.040786218,-0.034650054,-0.024022497,-0.0019042656,0.02286095
-0.03104447,0.030835442,0.0065717804,-0.012756018,-0.014395969
0.0031887803,0.0054165185,0.008917742,0.034433153,-0.0030510717
-0.029658146,-0.0038934008,-0.03191262,-0.009117992,-0.010052966
-0.02857984,-0.016534436,-0.013242743,0.025858497,-0.012660994
0.017257767,-0.0061549805,-0.004948118,0.01778266,0.025707662
-0.046062887,0.012428761,0.005174034,0.025224475,-0.02266535
-0.0013546628,-0.02221429,0.036203705,-0.03026162,0.023174731
0.00093582046,0.055823788,-0.040233653,-0.019742323,-0.04690241
-0.008889216,-0.015893223,0.006191189,-0.024093438,-0.047849864
-0.041179523,-0.028548062,-0.059653066,0.032627136,-0.025504362
0.046795756,-0.044083394,0.0017091753,0.030097187,-0.02400884
0.052139316,0.043679617,0.020934576,0.008337275,-0.0026015686
-0.016916957,0.047195602,0.051762898,-0.01885977,0.020212248
-0.007860682,0.0051852474,-0.012162753,-0.03072292,0.0044852183
-0.03081882,-0.03191203,0.033454094,0.016334334,-0.0062440853
-0.02924904,-0.0058348775,0.026089981,-0.023075856,0.03233562
-0.03937238,-0.034750894,0.015383624,-0.016483957,0.0036174909
0.010584751,-0.041737724,-0.0055543697,-0.035126068,-0.012913172
-0.029695408,0.004819978,-0.001996254,0.032855276,-0.040086515
0.017183749,0.0077155405,-0.04947487,-0.05618677,0.00028748414
-0.028379086,0.033921674,-0.008748747,0.028776148,0.052845567
0.037951604,-0.021171588,-0.019894216,-0.025662955,-0.0012277216
0.012608924,-0.016625648,-0.027554858,-0.01699613,-0.018676255
-0.01380496,0.0015186564,-0.039073825,-0.05750447,-0.060644034
0.024086425,-0.015984094,-0.009306158,-0.07925465,-0.032808173
0.049398854,0.005670267,-0.047297027,-0.010836034,0.042824537
0.0056939465,0.008803859,-0.031017443,0.024490833,-0.01168158
0.039758585,0.057600763,0.032194193,0.028118294,0.012790896
0.031139152,0.040365785,0.030145472,0.02289528,0.01610171
-0.018429846,-0.011944292,0.006244731,0.031208886,-0.022084624
-0.0059056645,-0.0510315,-0.010226697,-0.026240444,-0.0044465996
-0.01208628,-0.024342053,0.021345014,-0.016140155,-0.01468079
0.018422874,0.033912357,0.012882269,-0.019837642,-0.030114695
0.03216729,0.023001693,-0.036309615,-0.0408861,-0.009260772
0.01895484,0.027319299,0.0111239655,-0.05685577,0.031332653
0.010325352,-0.006014692,-0.0024122694,-0.03642872,0.037016895
-0.018298872,0.031918366,-0.041500635,-0.03974553,-0.016156847
-0.015152659,-0.029397707,0.052752994,-0.0005445974,0.03360236
-0.038008373,-0.0030218554,-0.040622253,-0.027174361,-0.00028829172
0.041836612,0.057556547,-0.013566714,-0.023220597,0.040844675
0.050915148,0.060691908,0.03920577,-0.008580502,-0.03613372
-0.04630616,-0.015712738,0.01692675,0.005083363,-0.024299689
0.032093383,-0.019728024,-0.017764287,0.012971935,-0.017127637
-0.022225516,-0.025825847,-0.016938118,0.0031307945,0.01881028
0.03870265,-0.032427844,0.011933817,-0.0222188,-0.027351646
0.046746384,0.025217406,0.051430546,0.022322364,0.013585028
0.01163721,-0.023240475,0.020798983,-0.0009604752,-0.015985474
0.03409337,0.03601191,0.022208909,0.014662254,0.00872703
-0.034817178,-0.054176137,-0.003874378,-0.05347808,-0.011052412
0.024291398,0.01897279,-0.010814714,-0.023762299,0.024217844
0.049849506,0.055800248,0.035645176,0.006702431,0.06164896
-0.016361669,0.060202904,0.035073433,0.03815772,-0.044230465
-0.010676653,-0.03257531,0.009295096,-0.043438967,-0.028344352
0.012960247,-0.030354844,0.018614894,-0.016206423,-0.043897424
0.025734922,-0.037694648,0.011857726,-0.01536351,-0.00088984636
-0.023719158,0.03771704,0.018131172,-0.023876315,0.05654488
0.031289067,0.011028443,0.0022474565,-0.0050418573,-0.0007510852
-0.041759968,0.037790358,0.009198099,0.007404403,0.02914951
0.033833053,0.06556763,0.06262535,0.033988494,-0.07050475
0.020088581,0.052802403,-0.020034453,-0.001333968,-0.03606798
0.054146625,0.03287875,0.012896062,-0.055576243,0.0073934305
0.023369217,0.019767553,0.006457307,0.0091226185,0.024959946
0.064232185,0.049432185,-0.02771831,0.0024493528,-0.030925332
-0.009530104,-0.054794353,-0.033356752,0.008496078,-0.030588232
-0.035805255,-0.03416214,-0.06961263,-0.044320233,0.04626616
-0.008010922,0.017349452,-0.023407288,-0.0025162883,0.018547885
0.022143858,0.07758996,0.020932991,-0.03777718,-0.017411297
-0.03233532,0.015243119,0.03465262,-0.021177014,0.015920274
0.0017532469,0.03210907,-0.028341858,-0.02876248,-0.058983095
0.019310249,-0.018074973,-0.049031075,-0.056952953,-0.05623225
0.03131998,-0.03197265,-0.01911937,-0.036320616,-0.00920304
0.036708616,0.024611168,0.015460503,-0.0069315233,-0.005235239
0.066654846,0.008170129,-0.0015867163,-0.013413634,0.0075525017
0.0031363247,-0.009050258,-0.005446749,0.01604389,-0.0050536073
-0.0358512,0.03679899,-0.033769432,-0.03053774,0.005654091
0.03163125,0.00541653,-0.00795161,-0.025574397,0.035839465
-0.042948574,-0.036937255,0.006166713,-0.00078112475,-0.016342549
0.021698777,0.034010068,0.020487364,-0.037912685,-0.011611052
-0.0025281946,0.005451749,0.009194688,-0.043188777,-0.021684745
0.003599527,-0.050007615,-0.049125463,-0.022269586,-0.019623706
0.037419666,-0.008871895,-0.06224826,0.00624859,-0.019642016
0.000199904,-0.047712997,0.0036997676,0.024833387,0.018465212
0.026307793,-0.014077209,-0.015209567,-0.01560001,-0.012023764
0.017387297,-0.020809265,0.035520647,0.02199083,0.024651138
-0.05303402,0.007959289,0.02698202,0.08735501,0.013469062
0.0035728607,-0.04961518,0.039194,0.108738944,0.019037958
-0.04603523,-0.022581052,0.011209386,0.08458357,-0.011991793
-0.06415645,-0.008406701,0.0133468555,-0.011249678,0.011896703
-0.04116306,0.015598943,0.024121664,0.009970751,-0.039844017
-0.045647874,0.01599109,-0.001009152,0.0054891203,0.010243759
0.0038953277,-0.017773315,0.012597692,0.07929257,-0.024907518
0.030110471,0.034836918,0.033436902,0.02935902,0.023495115
-0.014021023,-0.025278792,0.0005852763,-0.007820762,-0.004785244
-0.038419984,0.029166909,0.033437192,-0.0075017777,0.019936407
0.044821445,-0.026504243,0.00035561458,0.03531964,0.039650418
0.019831972,-0.027736342,-0.017138943,-0.03411068,-0.03502279
-0.046855822,-0.058767095,-0.0117405,0.015147539,0.014715421
-0.04071691,-0.026150567,-0.021787709,0.035199236,0.001851755
