-0.013663789,0.004069601,-0.034848507,-0.032655463,0.001864461
0.052324086,-0.03963096,-0.032263383,-0.018183189,0.024450753
0.012260828,-0.00087748386,-0.014761883,-0.03226344,0.026414983
0.04458585,-0.030122556,0.028314384,-0.022498172,-0.037558958
0.013471565,0.011624137,0.026798226,0.011524997,0.0055716303
0.0008000242,-0.0028788669,-0.030723736,-0.037700426,-0.0029048363
0.03350901,0.026177198,-0.033828575,-0.022654757,-0.015105103
0.0051392326,0.026672382,-0.022218058,0.04312343,-0.030712135
0.019735519,0.05170818,0.011679016,0.043365616,0.015105639
-0.005855396,-0.009565688,0.017284162,-0.012011488,0.025343526
0.02315688,0.02551417,0.014008662,0.038991775,-0.022169018
-0.04233408,0.02528042,0.033355355,-0.038814384,0.0064661996
-0.020909457,-0.0065749157,-0.02900325,0.00916715,-0.0006286248
-0.03149541,-0.029387506,0.029395225,0.04066786,0.039957758
0.05467129,-0.023702318,0.01807648,-0.030079434,-0.028981375
0.02804302,0.021121373,0.058638718,0.0063520903,0.006618358
-0.012967027,0.015346859,0.002381809,0.01919265,-0.024737421
-0.034442086,0.03067669,-0.007562852,-0.027535273,-0.007511895
0.047993653,0.0035095427,-0.018078348,0.04481565,-0.0013866976
0.03589588,0.049018506,0.040681988,0.007862964,-0.028968833
0.033483103,-0.004631212,0.008339294,0.008558947,-0.04117822
-0.041914012,0.046226047,-0.017839216,0.034572158,0.035188355
0.036751,0.0028113923,0.03318185,0.03519838,0.008231398
-0.017030194,0.0039591277,0.04966198,0.023402972,-0.0036204027
0.05561943,0.012791664,-0.0031787793,0.0034167927,-0.031518742
-0.03380794,-0.03429127,-0.0040309387,-0.031152388,0.028950436
0.027415168,-0.0199737,-0.031193115,-0.009058624,0.038603533
-0.03776189,-0.03180409,-0.016177641,0.049263023,0.02532507
0.027325423,-0.03366035,0.022110384,0.011034912,0.018123312
0.022788372,-0.036010686,0.027094599,-0.032776225,-0.039292183
0.033733584,-0.01720175,0.027150273,-0.026966179,0.027714951
-0.010420933,-0.011946464,-0.020075906,0.0049998066,0.035133608
0.030088924,-0.01841234,0.0125716925,-0.0023841246,-0.010312796
-0.008912125,0.04428416,-0.033295788,0.028198725,0.038437806
-0.0440487,0.052218497,-0.00971558,0.02535854,0.026803248
-0.0032562837,0.014008448,-0.0007055149,0.0019651356,-0.0006825085
0.017611057,0.020727789,0.017412284,0.041710142,0.0040086163
0.019440858,0.056492534,0.027492877,0.014277252,-0.011324603
-0.026043376,0.024444243,0.007190269,-0.015825117,-0.004108749
0.017734455,-0.02802232,-0.012497495,0.03554034,-0.016808037
-0.0034954657,8.4183994e-05,-0.00025222337,-0.039569896,0.0435224
-0.031524803,-0.039370965,-0.026789937,-0.031689823,-0.03841571
-0.022256492,0.02558456,-0.0032913953,-0.02316429,-0.014331851
0.03779851,-0.01217034,0.013879159,-0.05054575,0.0018174862
0.019058397,-0.047210395,0.024427192,-0.03327715,-0.0084115425
-0.011058722,0.0025088447,-0.023336383,-0.018939842,-0.03791743
0.05132089,-0.029795904,-0.014481709,0.013020953,0.020088265
-0.026136301,-0.014614539,-0.0006350827,-0.009754252,0.01957891
0.044102613,-0.004574107,0.022425344,-0.033379257,0.0026672266
-0.01568616,0.023695044,0.039149337,0.022651674,0.04025288
0.013270516,0.037068877,0.037490405,-0.035707302,-0.0026963232
-0.021347381,-0.015912194,-0.048463956,0.029661812,0.02100432
0.02717475,-0.009090767,-0.028584579,-0.023568993,0.046896104
-0.012145011,-0.002915082,0.013515879,0.04928552,0.0064238263
0.051494595,0.057128694,-0.02402788,-0.029203972,-0.049383517
0.01904465,0.0037081942,0.024552712,-0.038964562,-0.02202677
-0.040792745,0.013359321,0.011671542,0.028574742,-0.02158537
-0.031254973,-0.029095596,-0.04013744,0.0071829003,0.009919437
-0.033250436,-0.03375827,-0.0007963272,0.023630073,-0.0071406527
-0.032174192,-0.019012256,-0.0066649597,-0.020306231,-0.02173715
0.020117598,0.013483046,0.006848318,-0.010660624,-0.03621679
-0.06504944,-0.022131307,-0.0106391115,-0.0004771709,0.029374368
-0.045416996,-0.013691422,-0.050483733,0.020949151,0.03191817
-0.036644638,0.017784197,-0.051440634,0.040100235,0.014115482
-0.017423082,0.014109787,0.00029573985,-0.008958678,-0.04294209
-0.009284324,-0.019309487,0.0295741,0.0041309176,0.03207864
-0.04234516,-0.019215545,0.037233684,0.019712467,-0.045842145
0.02509145,-0.010659497,0.03396817,0.040569164,-0.021994906
-0.03237242,0.046218544,0.06177585,-0.028124474,0.01794518
0.052921075,0.046348773,0.024199946,-0.045192853,-0.025205107
0.0418259,-0.013260859,-0.00025731788,0.026601365,0.016392153
0.012476391,-0.051084097,0.013285345,-0.035842203,-0.0134148775
0.03275631,-0.017345844,0.033049744,0.01138989,0.016363177
-0.005638188,0.015048618,0.022305528,0.00938224,0.06020099
-0.022812191,-0.046303783,0.03775287,0.03567003,0.0015986664
0.004122364,0.036646985,0.022884823,-0.040623546,-0.008343609
0.025857113,0.013683435,-0.00019376283,0.008289907,-0.027424326
-0.027515495,0.003273322,-0.017109942,0.04333404,-0.034955107
-0.034169983,0.013098148,-0.03301643,0.04021694,0.035683446
0.041730497,0.013248275,-0.019115293,-0.006053637,-0.0030825436
0.037658975,-0.023086617,0.042022664,-0.030137055,-0.0066331327
-0.027551603,-0.010441883,-0.03732011,0.029207774,0.04801138
0.029368885,-0.028664289,-0.006990838,0.039793465,0.06401227
-0.040101208,-0.048672,0.04319049,0.068108186,0.0068668425
-0.02459672,0.052758373,0.025080038,-0.014939583,0.014389822
-0.017251678,0.0100705335,0.008110154,0.011323695,0.030936683
-0.01203036,0.024623565,-0.035266496,-0.029684363,0.016820919
0.003793197,-0.034039296,-0.004323668,-0.003641651,0.013857541
-0.052372664,-0.04446004,0.03121516,0.050783478,-0.02102361
0.004539111,0.018708335,-0.04081894,-0.04399544,0.0016022275
0.024873378,0.039269935,-0.035227735,0.03556009,0.01462267
-0.03975967,0.019788347,-0.011801569,0.013250572,-0.032888245
-0.040975314,-0.025743516,0.025474759,0.03961776,-0.023586322
0.0025021078,-0.03509914,-0.04187507,-0.037325468,-0.0041772663
-0.012087581,0.015629187,-0.044622693,-0.040917903,-0.04726963
0.040161274,0.019169582,-0.029997023,0.03537771,-0.009317064
-0.03320046,0.007506331,0.023912696,0.004946933,0.025898138
0.036244355,0.032201663,0.028712807,-0.025085777,0.0049740393
0.052708663,0.040258624,-0.02125371,-0.0026787678,-0.0031590536
-0.0033329723,-0.008768592,0.04218421,-0.026705576,0.024877854
