0.22130685,-0.16810757,-0.20295475,-0.19587016,-0.19000122
0.19029884,-0.18592788,-0.2226314,-0.212251,-0.1550774
-0.18623358,-0.20794456,-0.15743428,-0.20094255,-0.2058587
-0.15641353,-0.2229531,-0.20908764,-0.1538248,-0.19204237
-0.20611185,-0.15056181,-0.18086518,-0.22968754,-0.22073452
0.17623806,-0.19011468,-0.22132747,-0.2045199,-0.17254993
-0.22936934,-0.22957578,-0.17604148,-0.1791317,-0.23085414
-0.22927637,-0.15051004,-0.14303748,-0.20721388,-0.14311984
-0.15678072,-0.1479163,-0.20691088,-0.19861153,-0.16129915
-0.17108092,-0.22336063,-0.16088895,0.23126101,0.15925488
-0.22902878,-0.23025769,-0.21594988,-0.20735566,-0.2129383
-0.22585797,-0.15972313,-0.14392185,-0.1502271,-0.15965876
-0.16780066,-0.20526068,-0.22375707,-0.21407913,0.20789815
-0.17788006,-0.18195769,-0.21481012,-0.20865485,0.16878885
-0.19334434,-0.19610722,-0.18291926,0.17273667,0.18259522
-0.21611069,-0.16556919,-0.22482583,-0.17950197,-0.23020974
-0.21317036,-0.14442453,-0.19603421,-0.195883,-0.16458893
-0.22621885,-0.19796287,-0.18910632,-0.1826309,-0.19502304
-0.21921235,-0.22865614,-0.18718535,-0.15026204,-0.20769566
-0.18201502,-0.15924136,0.14390801,-0.14808829,-0.1498895
-0.20722455,-0.14861506,0.21712665,-0.15048477,-0.14892621
-0.17740431,-0.1628393,-0.21151224,-0.18013468,-0.14459579
0.17222427,0.19819367,0.16479675,-0.17096649,-0.17308865
0.22141914,0.18790355,0.20878625,-0.1605052,-0.18043733
0.14546564,0.21931818,-0.21628137,-0.16694127,-0.22111025
-0.17463644,-0.19602923,-0.22771074,-0.16724558,-0.1980694
-0.20627208,-0.2015545,-0.15726021,-0.16139014,-0.17548037
-0.16895013,-0.16469517,-0.16916612,-0.14958474,-0.16072118
-0.21067885,-0.19447227,-0.16665918,0.22319907,0.15048762
-0.2098456,-0.20983672,-0.14540607,-0.14372618,0.16765928
0.17373656,0.18842469,0.19015408,-0.20034538,-0.22027524
0.16381538,0.1838608,-0.1827958,-0.18574083,0.14650649
0.22716606,-0.2135733,-0.1985045,0.2290826,0.18787332
-0.22330014,-0.16187455,-0.20447432,0.23071882,0.17465538
-0.22108202,-0.22091009,-0.187271,0.18017726,-0.15156977
-0.18497676,-0.21454404,-0.18264793,-0.22073463,-0.18098089
-0.17584346,-0.22982351,-0.21825537,-0.21012576,-0.20330064
-0.1957904,-0.16891322,-0.22296551,-0.1645364,-0.2186655
-0.1483965,-0.2131904,-0.221879,-0.15561451,-0.15128745
-0.20281912,-0.14845653,-0.18262573,-0.17115082,0.1849956
-0.19504069,-0.20374365,0.14926745,-0.15499179,-0.16395317
0.2282793,0.1436631,-0.14344838,-0.15782832,-0.17545874
0.1684553,0.21921046,0.21297726,-0.14893669,-0.22449505
0.1944302,0.20375104,-0.23159605,-0.14566694,0.21554722
0.15166734,-0.22603954,-0.18579963,-0.15177675,-0.17460096
0.19390139,-0.19055438,-0.23210108,-0.16073838,0.21614219
-0.21899149,-0.19589354,-0.14418389,0.17042479,-0.21836162
-0.16205317,-0.16700022,-0.14913267,-0.20691699,-0.17678685
0.19835222,0.22397928,-0.16257983,-0.17715548,-0.19392851
-0.19556025,-0.21179563,-0.16885515,-0.14955187,-0.21039799
-0.21822621,-0.15434738,-0.18156214,-0.2087415,-0.15869933
-0.22410554,-0.20964019,-0.20203812,-0.18908916,-0.17813165
-0.1662818,-0.20328277,-0.19200219,-0.21099053,-0.21707308
-0.17791015,-0.15468936,-0.14907247,-0.22252117,-0.16649324
-0.20146464,-0.18987699,0.18577431,0.22627951,0.22508416
-0.036211453,0.00969873,0.026153421,0.011998499,-0.0010361457
-0.021111485,-0.031553667,-0.044017985,-0.0008667041,-0.01725485
0.010554425,-0.018906318,0.037146594,-0.031553455,-0.04871114
-0.01773172,0.006912292,0.14665882,0.018849248,0.035292935
-0.14513479,-0.030973887,0.21626961,0.029579224,-0.036698435
0.20574005,0.19625129,-0.16312037,-0.14848617,-0.18664593
-0.204174,-0.20782453,-0.18189378,-0.19423138,-0.21969824
-0.1864189,-0.16206264,-0.18618745,-0.15955395,-0.20456436
-0.15259685,-0.17701493,-0.20269892,-0.16610645,-0.16567618
-0.20684469,-0.19580302,-0.1645859,-0.22707175,-0.17037532
0.009804347,-0.03048443,-0.0055134594,0.013089471,-0.13342205
0.032703564,-0.02884878,-0.029077925,0.021148419,0.04412188
0.038191523,0.017611524,0.042403545,-0.020531278,-0.0012658405
-0.03647898,-0.02744485,-0.030244227,-0.04056787,0.012617829
0.0115516,0.018004429,0.02963832,-0.035621375,-0.0129073085
0.2228534,-0.22723979,-0.15623479,-0.17388587,-0.22394466
0.19730355,-0.18617514,-0.17899096,-0.20042427,-0.1674164
0.22240414,-0.15648681,-0.19195502,-0.22879548,-0.14383289
-0.17521249,-0.14796698,-0.17155436,-0.18692923,-0.16358167
-0.1626282,-0.19055916,-0.18082038,-0.18947193,-0.15701318
-0.16728586,-0.19511618,-0.14598572,-0.14481229,-0.15132894
-0.17962608,0.19039051,-0.21100688,-0.15506074,-0.21979369
-0.22619851,-0.17416172,-0.22946419,-0.17339318,-0.2091981
-0.1882256,-0.20488858,-0.15132675,-0.22090265,-0.1794434
-0.18702956,-0.23019756,-0.15307711,0.19643155,-0.22335085
-0.23205382,-0.16789135,-0.15095444,-0.19785722,-0.20087449
-0.22580285,-0.15746808,-0.20451416,-0.20821632,-0.17064786
-0.14855571,-0.16696797,-0.17475495,-0.14765175,-0.18575071
-0.18074949,-0.19093205,0.15963946,0.19586782,-0.21088451
-0.16178557,0.15681584,0.15110837,-0.1962879,-0.15444511
-0.22154951,0.17338228,-0.19106518,-0.2072118,-0.16653289
-0.14858651,-0.1634499,-0.19709563,-0.22276297,-0.22421679
-0.1983692,-0.20175439,-0.2215816,-0.17657802,-0.20460328
-0.17469716,-0.211401,0.18179248,-0.20111002,-0.16017461
-0.22847922,0.1700124,0.19711016,0.17502211,0.18685284
-0.15744273,-0.18126515,-0.18215038,-0.17460239,-0.21172766
-0.20552914,-0.16624609,-0.18118651,-0.15849574,-0.19337623
-0.1456582,-0.16096206,-0.2001982,-0.21052328,-0.17863567
-0.2249777,-0.20815066,-0.17396757,-0.18376307,-0.16742313
-0.20637608,-0.15003313,-0.21220772,0.1646859,-0.15773168
-0.19621246,-0.1747955,-0.19560012,-0.21929583,-0.18945406
-0.16737351,-0.1575279,-0.15355414,-0.18924324,-0.15527059
-0.17505154,-0.18601431,-0.186825,-0.19193539,-0.17489336
-0.18998018,-0.15890937,-0.19448042,-0.2124965,-0.17465243
-0.21272868,-0.15989427,-0.15112664,-0.18044989,0.17867468
