0.038866073,-0.02289101,-0.019343864,0.01642987,0.04678646
-0.03062257,0.0020351324,0.0039153,0.019029738,0.040539898
-0.0032653008,-0.03916195,-0.018799568,-0.055099398,0.0047188946
0.029076492,0.020932004,0.01621901,-0.039036203,-0.040543567
-0.035287526,0.02123668,-0.016070163,-0.03582911,0.0021531933
-0.030729843,-0.046576627,0.015354715,0.020531645,-0.010051987
-0.012116382,0.03672802,0.02404732,-0.003298148,-0.05891693
0.036717333,-0.017697893,-0.002112395,0.013384874,-0.02432049
-0.013914608,0.04409409,0.05656595,0.0149253225,-0.014530638
-0.004965659,-0.009092641,0.03339291,0.024580102,0.038577784
0.0177898,0.031528663,-0.01261489,0.02606578,0.03193301
0.007680682,-0.030080296,0.017431784,-0.00763926,-0.046606462
-0.044520106,0.0020310336,0.04125161,0.011132119,0.013086481
-0.040752478,-0.0044773943,-0.0046624835,0.03358322,0.03739079
0.0044297767,-0.022382366,-0.0005839903,0.016590698,0.022101868
0.002122553,-0.036373284,-0.005835643,-0.008794027,-0.0153718535
-0.02610522,0.014300142,-0.010530808,0.010928417,-0.039820034
-0.02889719,0.026923792,0.003239328,-0.014975836,-0.0022003874
0.019885616,-0.043049872,-0.012482344,-0.048761446,-0.027157819
-0.038262427,-0.046880282,0.002451063,-0.017012794,0.0032170655
-0.046240445,-0.048322458,0.012060951,0.020952856,0.026094873
-0.006118759,-0.021760112,0.036885656,0.011673196,0.005946736
-0.04317229,-0.04642532,-0.044273004,0.02224692,0.018160563
0.04005679,-0.0093840575,0.023333374,-0.032169595,0.014318422
0.033613168,-0.043300655,-0.03220478,-0.029364204,-0.02683363
-0.012259471,-0.011168099,-0.011270506,0.0044749635,0.03682342
0.011625523,-0.0069358866,-0.012677514,-0.016300652,-0.048195604
-0.001251034,-0.025187528,0.028935475,-0.0668535,-0.072945006
0.04835573,0.04889235,-0.028977219,-0.0014022485,-0.025884299
0.034877427,0.038441647,-0.002076326,-0.030978318,-0.002221677
0.04219346,-0.03166898,0.003573422,-0.021424625,0.0048368177
0.036389228,0.025176717,-0.0012025356,-0.033500955,0.02828719
-0.024177508,-0.03859012,0.017333291,-0.025049012,0.016757261
-0.032397028,-0.041201357,0.011208374,-0.0061766827,0.0057671093
-0.0075212796,-0.02628875,-0.035032216,-0.010069185,0.0060904026
0.04535968,-0.03942006,0.043781318,0.032311536,0.0550964
-0.030939091,0.011827962,-0.02767179,-0.01680293,0.05640636
-0.0031449972,0.030507261,-0.033626966,-0.034742266,-0.028029623
0.022804448,0.023776922,0.016315492,-0.047664177,0.0049788924
0.011192199,0.04310319,0.015244738,-0.0391387,-0.042752255
0.04684264,0.048734408,-0.0235299,0.03408348,-0.03516064
0.031883564,0.01096123,0.05744013,0.03908246,-0.021241324
-0.03564808,-0.012670348,0.057866026,0.059207965,0.06951883
-0.008849072,0.033547617,-0.0028701664,0.0044699456,-0.019352496
-0.037713327,-0.03430164,-0.0037333607,0.017251713,0.012626633
0.020321367,-0.01878855,0.02537308,0.0035338546,-0.048863225
-0.026894229,0.022075078,0.047925584,0.017972074,-0.006637272
0.0077658473,-0.014213075,0.02374532,-0.019633114,-0.020504396
0.03361959,-0.008794762,0.008424177,0.018894844,-0.037205175
-0.00036870834,-0.047459487,0.01861276,-0.0036442997,-0.037138928
-0.009524048,0.024297794,-0.045371786,-0.05779489,-0.0089302985
0.040351033,0.027630687,0.02252211,-0.0470183,-0.04394907
0.03377903,0.050652664,0.042284314,0.06799693,0.028576694
-0.048526928,-0.045215793,0.0138033675,0.019588897,0.00745084
-0.025211401,0.0008191718,-0.030443242,-0.011659523,0.025768392
0.044627026,0.03300174,-0.062260315,-0.020782437,0.04146748
0.04032553,0.04048805,0.02275632,-0.030558445,-0.029465372
0.029448245,-0.03445494,0.021443907,-0.041023813,-0.0107762255
-0.03403251,0.016986078,0.03333278,0.009585991,0.010350907
0.01718496,-0.009175151,-0.009235634,-0.014714395,-0.0318564
-0.015840285,-1.0705553e-06,-0.02410545,-0.06271798,-0.04450115
0.002541781,0.007255506,-0.01765581,-0.04815342,0.0024996346
0.024010928,-0.00080372265,0.015222137,-0.015733913,-0.07572256
0.01481442,0.0071568377,0.060269706,0.050742365,0.014715451
0.029200537,0.043444596,0.05373426,0.049620416,0.05422152
0.020675238,-0.04799766,-0.044637762,-0.04449934,0.010490592
0.022844749,0.014860124,0.018791249,-0.047359638,-0.05076186
-0.01637344,0.021771157,0.016797192,0.045490224,-0.018808495
0.007777558,-0.019674707,0.045269493,0.024455177,-0.002876782
-0.0014873055,0.007858539,0.023555728,-0.040203393,0.0070164218
0.0025907145,-0.026661986,0.02228965,-0.026856491,-0.0028485206
-0.016191904,-0.033841226,0.0021901797,-0.070938356,-0.021661658
-0.018835315,-0.014978419,0.015305238,-0.080408335,-0.05719292
0.034845658,0.057575393,0.04726839,0.03774463,0.0022892542
0.023654439,-0.012827044,0.005058209,-0.014687269,0.026499977
-0.03266772,0.023111325,-0.026398655,-0.011770693,-0.043329194
0.009062914,-0.028237274,-0.040758345,-0.03682833,-0.026519096
0.039857976,-0.034385815,-0.0037589115,0.008581549,0.056812707
-0.013308532,-0.0005235379,-0.0071504535,-0.010878582,0.059914522
0.018417181,-0.0121916495,0.02769791,-0.022765897,-0.010765206
0.027797796,-0.0062735486,-0.035678588,-0.0414133,-0.038462456
-0.018830525,-0.036839657,-0.0015556781,-0.014682607,-0.039544117
0.0015813507,0.013866636,-0.0198643,-0.062935606,-0.035961065
0.031796798,0.039204575,0.014024938,-0.009194319,-0.037911616
0.012606534,0.04501103,0.0065922816,-0.022077661,0.009895672
0.0150329005,-0.057343677,-0.009174119,0.007209964,0.04679287
-0.0035166016,-0.01567762,-0.022481548,0.023475124,0.07904374
0.023776669,0.014569361,-0.04466372,-0.0045138816,0.0051096617
0.009957384,0.018228784,0.022410735,-0.021344254,0.06501964
-0.04558122,-0.0051287725,0.0031040318,0.009049815,0.037877478
0.016294122,-0.062945485,0.026319439,0.019308416,0.03483888
-0.010412468,-0.045060083,0.0004117292,0.07442087,0.042012826
0.030994356,0.030793335,-0.028477218,0.016732877,0.03580792
-0.002277977,-0.020606188,0.026486674,-0.04238745,0.027230019
-0.020823956,0.024351358,0.0015251504,-0.019942528,-0.012852791
0.03595702,-0.012085064,0.017282395,-0.0048232577,-0.011076724
-0.027245222,-0.014876804,-0.0053472696,0.008626258,0.08734755
-0.038382925,0.0075662294,-0.04364326,0.047935266,0.044514984
0.036353003,0.030700238,-0.034213882,-0.054623775,0.021132817
-0.03539844,-0.046939768,-0.0022936906,-0.060404297,-0.01590572
