0.04870575,0.0008724961,0.011505878,-0.038242165,-0.022542479
-0.02302818,0.008776045,-0.00095112494,0.02093259,0.057606168
-0.032750867,0.025459506,-0.03037613,0.009604735,0.024814596
0.008701804,-0.0050965943,0.0043888977,0.010833549,0.005591139
-0.02583261,-0.010970354,-0.02915692,-0.028046766,0.051954877
-0.0034610457,-0.042758193,-0.02311039,0.056766555,0.07756872
-0.0018998942,-0.021265198,-0.0016163184,0.015154483,0.055454582
0.05295597,-0.008877163,0.046312783,0.09002628,0.051263906
-0.029721487,-0.022742279,0.02977571,0.02622118,0.035002302
-0.03364141,-0.048479747,0.0055451365,-0.01800194,-0.0008286949
-0.046218254,0.007021957,-0.050215982,0.016013255,-0.0031214377
0.02007941,-0.016454356,-0.04724024,0.0013264269,-0.016346611
-0.016496116,0.0074831583,-0.05806661,0.04012511,-0.035564993
-0.014611778,0.021619448,-0.029064305,0.01136293,-0.0055799345
-0.033846103,0.011225216,0.011037391,-0.034227904,0.015133966
-0.039172523,-0.062411986,0.03552314,0.015519892,-0.016058417
-0.045185804,0.00037543717,-0.00035125582,-0.020584976,0.04423513
0.022296283,0.007992746,-0.0052919225,0.039264526,0.025593638
-0.03369216,-0.03757468,0.004591468,0.005521682,0.04407319
-0.02450664,-0.03398228,-0.0074168006,0.02347043,0.03360185
-0.01407343,0.028753666,-0.028675407,-0.013273844,-0.002292961
0.022805357,-0.015858391,0.005925883,-0.0002034932,-0.0009062041
0.0048980527,-0.0068139983,-0.024075506,-0.008553892,0.023642205
-0.03463903,-0.030632993,-0.0017000714,0.011322633,0.037579723
0.032584663,0.041284062,0.0031380684,-0.04617344,0.035193816
-0.02854243,-0.037286278,-0.0076422137,-0.015058812,-0.01716679
-0.03028452,0.031977236,0.018330052,-0.030506127,-0.021549774
-0.03985603,0.02875886,0.02108149,-0.021224163,-0.050784085
-0.046673097,0.0031747406,-0.03621935,0.0110687595,-0.0018692603
-0.035459742,-0.042179268,0.01813836,0.044779338,0.0026247783
-0.026787318,-0.0027298452,-0.046202008,-0.0148200765,0.020270143
-0.04201178,-0.033642884,0.02737792,0.04091512,-0.0014887049
0.039117187,-0.051708654,-0.05391874,0.016930036,-0.029450132
-0.029119562,0.0032233165,-0.0077917073,0.022254381,0.041412886
-0.03578034,0.026725117,-0.0010184986,0.015197595,-0.029355193
0.026187051,-0.036445457,0.025073351,-0.021206371,-0.030165998
-0.05446423,-0.019119537,-0.053304452,-0.013517208,0.0067534163
0.028108012,0.031313065,0.0010667476,0.028235601,0.032938242
-0.006069485,0.032927476,0.02839393,-0.02430936,-0.018102894
-0.026411604,-0.023913048,-0.034695927,0.024932632,0.034644846
-0.03190416,-0.011259287,0.012108418,-0.03016392,0.03392754
-0.015891949,-0.00583776,-0.014271185,-0.023631858,-0.0065393075
-0.02704811,-0.0371344,-0.01556354,-0.004303567,0.018234244
0.028276961,-0.025222493,0.031646244,-0.022371538,0.017869553
-0.018197823,0.025212523,0.019120855,0.02727724,-0.0136026675
-0.04244405,0.016903428,-0.0073118596,-0.03130215,0.038826942
0.0406806,-0.050816458,-0.021470753,-0.0077756676,0.011770238
0.017353063,-0.020804787,-0.032148514,-0.042861346,-0.028927177
-0.020843534,0.025002891,-0.033754893,-0.02748503,0.042529173
-0.010896471,-0.030751508,-0.010778889,-0.0072157523,0.032749034
-0.036299232,-0.027911054,-0.0058014207,-0.056524284,-0.026159715
0.025363483,-0.037635878,-0.04452804,0.026795851,-0.0010288565
-0.014403697,-0.057543907,-0.0446351,-0.037305016,0.028144598
0.030877365,-0.028153626,0.018111255,0.04118431,-0.016174756
-0.033615932,-0.0047314134,0.017914979,-0.0043720184,0.019613745
-0.022263957,-0.045611754,-0.02660583,-0.052271042,-0.052541777
0.022679755,-0.024145484,-0.021875627,0.038069036,0.0038189746
-0.004179817,0.028514387,-0.00095590623,0.0064126886,0.0060153557
-0.015731893,0.033473164,-0.040327188,0.02562864,-0.021994097
0.008922937,0.013398603,-0.014238859,0.052023556,0.028625047
0.013455736,0.0010285003,0.09808768,0.07543569,-0.034241866
-0.013314825,-0.060168076,0.115267575,0.013249901,0.007852059
-0.034786303,0.015279797,0.09969791,-0.012711215,-0.030771587
0.011579096,0.043075427,0.022994576,-0.018095786,-0.025840541
0.013292974,0.01853932,-0.031039966,-0.042610753,0.033227418
-0.009139715,-0.064139396,-0.012168065,-0.0022780008,0.029392803
-0.041573603,-0.046659928,-0.061091166,-0.04814605,-0.04648073
-0.044932492,-0.0075581437,-0.015486287,0.012363492,0.012069562
0.036256537,-0.051157065,0.031804036,0.01001827,-0.0048568463
-0.035824567,-0.021604773,0.013375269,0.041104678,0.045500282
-0.0037252076,0.019229857,0.013446354,0.04577582,0.0012452158
0.006405931,-0.025065286,0.04638935,0.050933648,0.022157293
-0.013271066,-0.000608571,0.018616209,-0.048662394,-0.013992415
-0.04228557,-0.01352391,-0.0050802887,-0.0099217985,0.036979053
-0.037835285,0.000574307,-0.036726605,0.0040351846,0.021904824
0.04187117,0.0024029845,0.0051673017,-0.025897821,0.013546663
0.007863832,0.021940846,-0.01564085,-0.019255793,0.0024096027
-0.015029198,0.02608636,0.0028047971,0.035273936,0.030421408
0.0041686106,-0.04752553,-0.0051711444,0.039154317,0.04529816
-0.022967448,0.020025225,-0.040674277,0.0038228354,0.019411419
-0.00297588,-0.02752229,0.06238595,-0.03346705,-0.042209987
-0.05334733,0.03176312,0.023275493,-0.051643297,0.028280497
-0.03768618,-0.008768547,0.027176028,0.03594934,0.05367404
-0.0001743353,-0.034613565,0.00038879554,0.01949948,-0.01918582
-0.0013200671,-0.021637002,-0.028808434,-0.017758,-0.033848748
-0.0019503025,0.08094235,-0.016779456,-0.032922905,0.016080223
-0.0024871477,0.058674928,0.036369026,0.046682347,0.017408526
0.045601204,0.08929578,-0.027441664,0.020277703,0.06997157
-0.009876131,0.06269782,-0.0070516546,0.053069383,-0.0012850396
-0.014202666,-0.0195402,0.018103244,0.04898927,-0.008291588
0.061742403,-0.016387459,-0.042550165,0.007401968,-0.003931913
0.043680463,0.031820536,-0.021802329,0.019263469,0.007189348
0.012561551,0.032592162,0.043052163,0.021643562,-0.012080164
0.060329154,0.049914815,-0.014180358,-0.03044893,0.0349025
0.010233718,-0.0048875394,0.033067666,-0.03486057,-0.01455695
-0.01566414,0.05279163,-0.031613037,-0.01958993,-0.038353965
-0.0446115,-0.004726495,-0.007790307,0.0012561494,0.023607032
-0.0044782166,-0.015379219,-0.04758727,-0.006507561,0.056788567
0.022137737,0.009905277,-0.034513775,0.026014097,-0.009758843
0.0030894028,0.041203972,0.0006530176,-0.032988682,0.02794805
