-0.025255522
0.009100691
-0.043953612
0.011770454
0.0078814635
0.029043281
-0.012389744
0.036448285
0.032452047
0.012022447
0.04922348
0.016534086
0.014523467
-0.0035701161
0.0018137096
0.017874822
0.0037914724
-0.007310469
0.018408732
0.010518719
-0.017282944
0.009179399
0.025862196
-0.0010311543
-0.02806382
-0.03585701
0.0375009
0.011252362
0.033871192
0.015530399
-0.00048259727
-0.023436282
0.041936446
0.016975397
-0.025888674
-0.034002364
0.010788397
0.026947485
0.023448072
0.0028548953
-0.036815736
0.05222581
-0.029525662
0.0021377725
0.02132617
-0.03823954
-0.007319048
0.034707326
-0.03160867
0.00530476
