-0.18961379,-0.1394803,-0.178646,-0.19467288,-0.18921559
-0.26162368,-0.24145557,-0.18075788,-0.13176978,-0.21141665
-0.18751934,-0.22024238,-0.13890478,-0.19828264,-0.17966239
-0.23357841,-0.13163412,-0.20945738,-0.16831845,-0.13427253
-0.1291085,-0.17740442,-0.1695726,-0.14149743,-0.1368059
-0.21745953,-0.21797134,-0.13590972,-0.20419247,-0.18639308
-0.2108471,-0.25070843,-0.19006851,-0.21687235,-0.19093962
-0.2621447,-0.2065977,-0.18471867,-0.18377599,-0.21455961
-0.20156425,-0.17998308,-0.19515288,-0.1920277,-0.14602296
-0.15558541,-0.19531348,-0.18337134,-0.19012593,-0.1737797
-0.16208665,-0.22450809,-0.16115837,-0.15257189,-0.14944537
-0.16988756,-0.23704825,-0.20105758,-0.12366683,-0.14434485
-0.19775197,-0.16806623,-0.19222775,-0.12170798,-0.18618199
-0.1849559,-0.13574533,-0.12658432,-0.13197698,-0.17400077
-0.13041238,-0.14944546,-0.19772325,-0.15938227,-0.26004273
-0.18674663,-0.15926495,-0.20907322,-0.17535806,-0.1467377
-0.16432074,-0.1274721,-0.1762852,-0.17603269,-0.20840317
-0.1764438,-0.15979086,-0.14175546,-0.13516618,-0.17289226
-0.1904434,-0.16910636,-0.14759463,-0.14440408,-0.19270767
-0.19149502,-0.16637072,-0.19908066,-0.20938374,-0.16551547
-0.20039636,-0.14944525,-0.16754623,-0.25116658,-0.15478536
-0.21313569,-0.14893515,-0.14974023,-0.20563805,-0.14476052
-0.19248565,-0.19433916,-0.16588704,-0.20823607,-0.18468
-0.17720641,-0.14578693,-0.17071538,-0.17818227,-0.13306212
-0.22985455,-0.20302786,-0.14973745,-0.15436305,-0.20871042
-0.22488941,-0.19781591,-0.12502345,-0.19381373,-0.17074344
-0.18976068,-0.16444704,-0.12853651,-0.18773311,-0.1418247
-0.17959666,-0.18540685,-0.16545129,-0.12573022,-0.2562561
-0.18550102,-0.13296865,-0.1848841,-0.14565495,-0.13998012
-0.16266902,-0.16243367,-0.19229083,-0.16648316,-0.17157398
-0.18980156,-0.19253846,0.1713365,-0.0011428924,0.21123901
-0.17465378,-0.19517216,0.21216385,-0.1000863,0.21666844
-0.24261816,-0.2041824,0.09684949,0.13650528,-0.24298456
0.22917724,0.166405,0.124257125,-0.22152612,-0.16303018
0.13369936,0.1622341,-0.2279895,-0.27597332,0.003711019
-0.26700813,-0.23137116,-0.098487675,-0.032370865,-0.093660235
-0.28162622,-0.23436242,-0.03931887,-0.11348938,-0.14263728
-0.2539139,-0.21501456,-0.0075705596,-0.0532174,-0.11335103
-0.03691807,-0.05698415,-0.026485285,-0.05851869,-0.23221497
0.10250023,-0.010988638,-0.046930354,-0.04760415,-0.035925567
-0.18988298,-0.21185385,-0.110451505,-0.124146834,-0.1151587
-0.11284141,-0.23578596,-0.13056895,-0.12157953,-0.14647974
-0.17059019,-0.20192069,-0.1804631,-0.14525704,-0.19837439
-0.13795173,-0.1207912,-0.13953313,-0.2326073,-0.13919047
-0.22984241,-0.20740575,-0.1976243,-0.14735211,-0.12805122
-0.18280028,-0.13479371,-0.21604766,-0.16126198,-0.11909303
-0.14528255,-0.1697359,-0.113956444,-0.13241349,-0.17057465
-0.15066601,-0.16613409,-0.16989458,-0.09805735,-0.14527376
-0.14528184,-0.21215165,-0.15290056,-0.18171033,-0.15226229
-0.16502906,-0.1248786,-0.14541398,-0.1900766,-0.17610215
-0.2430121,-0.15082389,-0.13434015,-0.13948978,-0.15082352
-0.18857737,-0.16653971,-0.12213032,-0.18865207,-0.22387262
-0.16467841,-0.19624284,-0.14099014,-0.117421366,-0.20697556
-0.15580693,-0.11869536,-0.16610995,-0.21822834,-0.13596793
-0.18450803,-0.18756428,-0.15985435,-0.12249405,-0.17766605
0.012850393,0.0008157965,0.041049052,0.023583397,-0.023616834
-0.043033637,0.026610518,-0.041127577,-0.026216941,0.043422036
0.013188902,-0.0006051127,-0.20886451,-0.008364283,0.10976384
0.02649685,-0.017472636,-0.007868417,0.008898885,-0.043979023
-0.18420415,0.142507,-0.20163962,-0.026447948,0.021921394
-0.2548632,-0.20132461,-0.17100409,-0.1951346,-0.1997753
-0.23235716,-0.20758991,-0.21010175,-0.20735018,-0.17337416
-0.14457299,-0.16875817,-0.12837969,-0.15177622,-0.20595373
-0.14937423,-0.19651154,-0.20086353,-0.18513414,-0.13923767
-0.18879697,-0.18547045,-0.20412004,-0.13072103,-0.20007946
-0.20830937,-0.19822821,-0.21789844,-0.1946891,-0.10491162
-0.14505304,-0.1621281,-0.18680164,-0.16744131,-0.18197007
-0.21030366,-0.14330077,-0.105447695,-0.13466646,-0.21513233
-0.16642068,-0.14845029,-0.17974602,0.020746894,0.022200009
-0.022041928,-0.14035252,0.011320258,-0.177707,-0.15598878
-0.11347743,-0.13636613,-0.18405765,-0.17712958,-0.17321864
-0.15842317,-0.180552,-0.1812754,-0.15927464,-0.15866162
-0.15578438,-0.16759701,-0.17060179,-0.12575783,-0.1221191
-0.22543277,-0.21932632,-0.18268964,-0.116079286,-0.1687921
-0.14914136,-0.17590047,-0.13984168,-0.12747191,-0.19472088
-0.18497804,-0.15077463,-0.14029215,-0.1983695,-0.14155914
-0.16742529,-0.12054651,-0.17695682,-0.15170915,-0.18297201
-0.1882299,-0.19001906,-0.13603668,-0.19458704,-0.13742508
-0.20674717,-0.24649681,-0.17450489,-0.12344514,-0.19638927
-0.12872885,-0.11657235,-0.19641532,-0.20443222,-0.25398472
-0.16904368,-0.21731116,-0.14382917,-0.13656637,-0.17178583
-0.1488442,-0.14218128,-0.16482987,-0.19099969,-0.16224055
-0.14428963,-0.19586137,-0.17227782,-0.16887927,-0.16861038
-0.18066283,-0.19624123,-0.18209486,-0.12162007,-0.17810741
-0.17849456,-0.19359198,-0.15230396,-0.19834216,-0.18196328
-0.22254848,-0.23546872,-0.1977352,-0.14599262,-0.12944172
-0.24291988,-0.11491128,-0.15064351,-0.13101402,-0.25582755
-0.14505908,-0.13859849,-0.14564417,-0.23417144,-0.18761863
-0.146282,-0.19828497,-0.19958527,-0.23756222,-0.12428051
-0.18598385,-0.19068454,-0.19608879,-0.18261059,-0.18031886
-0.19908342,-0.12744537,-0.1581423,-0.13315064,-0.15090139
-0.17418931,-0.1895837,-0.19044067,-0.17034028,-0.16646545
-0.16547495,-0.16931391,-0.20315391,-0.18490289,-0.1208349
-0.1965958,-0.15208922,-0.1221237,-0.19749844,-0.15526764
-0.16250914,-0.19597466,-0.1734999,-0.18418191,-0.21231674
-0.22877055,-0.17201768,-0.104014315,-0.1749924,-0.16707923
-0.23981614,-0.18072534,-0.18155997,-0.1639802,-0.16819932
-0.16823491,-0.106869295,-0.18435706,-0.18373826,-0.25343108
-0.16878086,-0.119947955,-0.20135908,-0.21503697,-0.12480332
-0.11582276,-0.13568799,-0.1394666,-0.17467779,-0.20349973
