-0.0050642104,-0.035879493,0.029333478,0.036128893,-0.01338839
-0.026339956,-0.028253091,-0.03768299,-0.04534597,-0.019121503
0.03276847,-0.01777474,0.037555095,-0.041042402,0.040509805
-0.017977994,0.033819016,0.031110317,0.022459522,-0.011382861
-0.009421619,0.037853032,-0.022725709,-0.023647485,-0.020817548
0.031782527,0.026209252,0.015514314,-0.03888772,0.01187752
0.0138643775,0.03401792,-0.032183606,0.028662203,-0.030413318
0.01001698,-0.032326527,-0.036660958,0.0059707165,0.052584182
0.016788509,-0.03565919,-0.026965497,-0.012917893,-0.042573504
0.010776489,-0.007967008,0.02491426,-0.031094212,0.030459594
-0.00735158,0.04444819,0.010879482,3.3154174e-05,-0.027771972
-0.023862991,-0.0071190856,0.021855416,0.019358872,0.01911755
0.03561709,-0.036644157,-0.050102983,-0.040464908,0.015840076
-0.033111263,-0.040249694,0.010457863,0.027555386,-0.011482048
0.01892374,-0.044974934,-0.01177625,-0.017632503,0.02055875
-0.031376876,0.02620752,-0.042976983,0.013870656,0.022075623
0.027044252,0.009857363,-0.021728836,-0.01467695,-0.03139346
0.030028373,-0.0011653599,0.02690094,-0.04173328,0.022450564
0.0346847,0.028712206,-0.02194064,-0.022757187,-0.018441897
-0.008735396,-0.041615676,0.041180924,0.04471497,0.0156029295
0.0054091513,0.01046528,-0.013072678,-0.037580643,-0.024804482
0.032658,0.007044509,-0.0057267337,-0.019848146,0.01846199
0.019112121,-0.040522292,-0.016751423,0.038200993,-0.04379094
-0.0043476126,0.005162455,-0.029487856,-0.039316107,0.03121184
-0.043258663,0.03774502,0.022640951,0.00596078,0.016545199
-0.010744529,0.02372937,-0.044680715,-0.02190178,-0.02544517
-0.0076791192,0.039222468,0.008326678,0.025020244,-0.042759486
-0.010057056,0.0072305575,-0.0035593554,-0.027561402,-0.02810906
0.023815615,0.026599457,0.011420426,0.006194862,0.050233908
-0.029051006,0.021537881,0.026508473,0.021494253,0.026526177
-0.042732686,-0.0030534458,-0.0022029665,-0.04466944,-0.0032157772
0.039912682,0.0022747873,-0.040539175,0.009984758,0.010655521
0.0020496314,-0.015607141,0.027089683,-0.0068064216,-0.0008210071
-0.0031594157,-0.03186152,0.046874356,-0.020664591,0.035901383
-0.017836086,-0.04324481,-0.0045559313,0.02186574,-0.0120766
0.026525628,0.003674223,0.011176143,-0.014540876,0.01784481
-0.012564163,-0.022580218,-0.007367789,0.0055259215,-0.0095891
-0.028775671,-0.030645471,0.0010632226,0.017697042,0.007542315
-0.02300131,-0.024060182,-0.038345322,0.0057898974,-0.012244551
0.022452293,0.041177634,-0.043036364,-0.04285234,0.0050263978
0.0025320349,0.011976062,0.004541325,0.033437178,0.036459953
0.047614805,0.009924683,-0.02518326,-0.03617977,-0.013963765
-0.020792268,-0.026528304,0.022111943,0.0074843415,-0.014568903
0.014187487,-0.043535758,0.027419003,-0.041198533,0.018114971
0.014471132,0.021377632,-0.008957581,0.007433818,0.03373885
0.00590376,-0.042520497,-0.0042889053,-0.020410802,0.039611142
0.02697249,1.0936537e-06,-0.047627907,0.016651059,-0.023049321
0.0074879015,-0.02659289,-0.006936733,-0.021460557,0.02067221
-0.0101437885,-0.0025109786,-0.020564945,-0.021233756,0.021808885
-0.03405984,0.020191152,0.011169822,-0.04392191,-0.04188988
0.007591872,-0.02052364,0.035967752,0.037258666,0.032774463
-0.036896814,0.005396899,0.019301774,-0.027172891,0.018426139
0.023687186,-0.038940676,-0.012616995,0.01313151,0.008028162
0.019976497,-0.034261666,-0.040648393,0.0380061,0.005514051
-0.03650314,-0.036992226,-0.02151454,-0.04744765,-0.020469079
0.0049761343,-0.010689399,0.032285057,0.01696255,0.013485098
-0.038445845,-0.0030734006,-0.01016916,0.012604218,0.017851913
0.006575745,0.034780346,0.022138238,-0.0033923658,0.004322896
0.034499228,0.0053419014,-0.030781792,-0.02822022,-0.02780502
0.005591203,-0.014121777,-0.03279229,-0.00983938,0.04298487
-0.0014259885,-0.0020473092,0.02859122,-0.020433975,-0.01929252
0.0069411923,0.02693586,0.017671734,0.014302308,-0.01756343
-0.00081293285,0.025830388,0.059570782,0.013611481,-0.04143839
0.0132903205,0.019667994,0.041790027,-0.022765053,0.03440844
-0.010240626,0.03514187,-0.046546217,-0.040271338,0.05831666
0.034649048,-0.037238173,-0.0340056,-0.019405289,-0.0035241921
0.019464761,0.0031230545,-0.002487753,0.040289115,-0.03759552
-0.03992216,-0.015463806,0.02421032,-0.0018034006,-0.018022895
0.004439879,-0.03156456,-0.054827165,-0.03818205,0.0051145023
0.027775869,-0.00076047773,0.014333625,-0.008059545,0.0036288358
-0.034410074,-0.042547088,0.012242673,-0.027356517,-0.040609475
0.0062919273,0.03684564,0.009725247,-0.00904124,-0.048288744
-0.028428188,-0.011620585,-0.024045419,-0.0015173012,0.002168737
-0.01964759,-0.00020204975,-0.023856234,0.023000073,0.051393062
0.026960589,0.008163752,-0.006278744,-0.041623104,0.011701938
-0.02769559,0.042169973,0.039691657,0.024257224,-0.023373105
0.003967945,-0.04542944,-0.04177409,0.0019315946,-0.030640021
0.014743738,0.014482132,-0.025583133,-0.0112704765,-0.01639436
0.006198216,-0.048855573,-0.016040778,-0.0102844145,0.036933463
0.024660017,0.03796795,-0.021246543,-0.003419946,0.005095993
0.029611444,-0.021441272,0.024823954,-0.0038982877,-0.03000797
0.0068265223,0.003069202,0.01667367,-0.034101713,-0.0024760838
-0.034828473,-0.019482508,0.045579806,-0.03262999,-0.011509007
-0.005048583,-0.036004722,0.020078894,-0.022432856,0.01775625
0.029787602,-0.00045363774,-0.03250334,0.04394906,0.054690007
-0.012581991,-0.0016940221,0.030857228,0.021202266,-0.028466053
0.015943924,0.028301163,-0.03659736,-0.01459538,0.04588299
0.006217195,0.011995968,0.015448782,0.011906483,0.022648549
0.048577555,-0.0099963965,-0.036976125,-0.02415626,-0.0065617505
-0.022615856,0.014429157,0.034869004,0.029929724,0.007869683
0.038885117,-0.037933856,-0.0036390198,-0.0051030843,-0.026781654
0.020949747,0.05163087,-0.022032712,0.017349457,-0.0061277365
0.049359947,0.035769295,-0.002739261,-0.04254544,-0.02572768
0.033016633,0.035005137,0.022846717,-0.009417069,0.027606646
0.024286779,-0.042656526,-0.0134435,-0.01647828,-0.014614848
0.0004480597,0.010404371,0.040276635,-0.011607265,-0.012440077
0.02219723,-0.022251196,-0.024208408,0.0055284044,0.015218919
-0.03473193,0.0035438351,-0.0078549385,-0.017316127,-0.011690362
0.03293468,0.039684314,0.0103282025,-0.04392465,-0.047028944
0.03245742,-0.027612012,-0.02339015,-0.03393852,-0.0015863867
