0.0100083565,-0.02411956,0.049327858,-0.009751673,-0.009004224
0.012043452,0.03184193,-0.042447306,0.008936455,0.022561567
0.0131435385,-0.033822548,-0.010627563,-0.0199074,-0.010668786
-0.018456053,-0.017842976,0.002676217,-0.021467939,-0.04713153
-0.022616057,0.00801567,0.014846983,0.0044540376,0.00035319087
-0.011846049,0.01924505,0.022465482,0.0322017,-0.054170545
0.008058494,-0.014488459,-0.04166951,-0.003064736,-0.048179265
0.050768808,-0.01574134,-0.04616387,-0.04265823,0.031088524
0.013524648,-0.023439618,0.055563554,0.07725634,0.068935834
-0.036287382,-0.030271826,-0.022314658,0.01985032,0.051627446
0.0017604239,0.0035764056,-0.03707386,-0.0010097256,0.003517034
0.023761926,-0.026590655,0.008407702,0.047929984,-0.024074513
0.040694915,0.06425176,0.045358732,0.04097481,-0.03222963
0.0487088,-0.025830412,-0.03281694,0.007329029,-0.021824235
-0.017147174,-0.017740995,-0.04740901,0.021236932,-0.018339755
0.028291855,-0.0011905822,0.0047508716,0.039086234,-0.0015638662
-0.020103503,-0.010710888,0.033789016,0.05888896,-0.009162978
-0.029991243,0.04348173,0.042764284,0.08584697,0.062547445
-0.015867334,0.03445551,0.01538002,-0.007530805,-0.01714973
0.058380466,0.0050402135,-0.0068493923,-0.04076215,-0.0036088426
-0.004014191,0.028751168,0.015755123,-0.008338349,-0.0144244395
-0.020237733,0.004467143,0.032631103,0.026202846,0.046153102
0.023972413,0.03796735,0.036198087,0.028015845,0.044988617
0.05209496,-0.012266732,0.0033434627,-0.026637385,-0.037604816
0.056552373,0.0042035314,0.027895667,0.0048594554,-0.028486807
0.018968757,-0.03435747,-0.02119136,-0.012765823,0.020190058
-0.016338943,-0.049202878,-0.012272602,-0.029642971,-0.011385265
0.01286978,0.03212103,-0.030219845,0.006666384,-0.003305708
0.06762694,0.023394627,-0.014813707,0.05825851,0.02195977
-0.014080908,-0.025107104,0.026452737,0.015515444,-0.013309188
0.014245078,0.052730396,0.06257201,0.036147274,-0.016930755
0.020642418,0.033967607,0.03933037,-0.024529658,0.03275022
-0.005451931,-0.020626249,-0.021874743,0.0127674015,0.036895808
-0.0110721635,0.01484368,0.015004271,-0.011604803,-0.003790842
-0.026228257,0.015398507,-0.012961031,-0.020950252,0.0046269526
-0.047813285,-0.03533753,-0.012949963,0.04094801,0.056877956
-0.03919071,0.022410007,-0.034089606,0.047933545,-0.017068306
-0.012451617,-0.038504675,-0.020851782,0.043107156,-0.007813442
-0.025085159,-0.017807283,-0.031187287,0.022264097,-0.019229803
-0.024366641,-0.013039744,0.043879345,0.0031477762,0.04232208
-0.039112434,-0.0066411872,0.03259371,0.030306473,-0.040899184
-0.0028367992,0.005078734,0.0049643395,0.021071801,0.037626795
-0.026346643,-0.022132264,0.040203065,0.024611026,0.02123984
-0.034149613,0.007410924,-0.039018746,0.0055820243,-0.021120228
-0.017997602,-0.026033934,0.007386081,-0.03804827,-0.008950984
-0.023533313,0.04445214,0.034209687,0.025289632,0.0009265962
0.04196078,0.07503253,0.071486756,0.03462119,0.015275342
-0.02595547,-0.0068334937,0.014670974,0.019162895,0.05446094
-0.045661733,0.026292512,-0.0016621292,-0.017130325,-0.00020918965
0.027850498,0.0011840855,0.028505504,-0.009292777,-0.01845393
0.025323242,-0.03378174,-0.033622544,-0.0015415319,-0.05513478
0.051980138,0.04096607,0.029381076,0.017113486,-0.00035889825
0.0096650105,0.08843886,0.021846043,0.032768834,-0.005293949
0.011329529,-0.04216986,-0.042526882,0.030836482,0.04650656
-0.052253004,-0.057121523,0.003213752,0.0331993,0.03935997
0.0026535422,0.003242335,-0.010836815,-0.023394858,0.038362127
0.012891277,-0.029550923,-0.042987224,-0.016422471,-0.05120509
-0.010550927,0.038219977,0.06043525,0.038683567,-0.06251025
0.062633246,0.04732129,0.020398814,0.010362251,0.040082593
-0.007629019,-0.051686175,-0.006498466,-0.0098119965,0.053504944
0.021867568,0.0012615003,-0.025352776,-0.042358264,-0.049856648
0.0012514103,0.022648046,-0.058946773,-0.0070309485,-0.09317844
-0.006566136,-0.053173576,-0.051364426,-0.014359115,-0.027063375
0.027006373,0.033398595,0.045302756,0.04467858,0.020325266
0.016594674,0.02319396,0.0347087,0.018413192,0.06308627
-0.008940067,-0.014459502,0.011924675,-0.046272732,0.014723948
0.040772736,0.059766065,0.043769784,0.016764766,-0.01140733
0.027075896,0.045214962,0.033199813,0.02796281,-0.020192716
0.043284383,0.042412017,0.0068181725,0.058833256,0.044787858
0.02247395,-0.046256796,-0.047740616,-0.0037225885,0.018114412
0.0007875399,0.014745333,-0.04251368,0.025050929,0.01286127
0.034001265,-0.01730597,-0.060609348,-0.07970976,-0.048090596
-0.0038018338,0.005648582,0.0024802657,-0.047013935,-0.05307711
0.0617645,0.019239968,0.03791798,0.0188101,0.014047794
-0.022804327,0.0014150555,0.04431555,-0.0033971146,0.029903296
0.002826341,0.044209626,0.023757221,0.04433863,-0.02878971
0.019776128,0.047344565,-0.014130661,0.023464333,0.012262009
0.011463023,0.026276333,-0.027327871,-0.02970704,0.014954868
0.034384843,0.014631943,-0.041210834,-0.0122209145,0.04281243
-0.042203758,0.026085958,-0.031892687,-0.023431415,-0.0062726843
-0.025316685,-0.046941742,-0.008316311,-0.032420997,0.018840488
0.029700862,-0.007071199,0.02079307,-0.01333534,-0.012123828
-0.018627549,-0.018458512,-0.0049999496,-0.05679876,-0.05905668
0.029883761,0.06288793,0.058847632,-0.02199486,0.03874583
-0.019523289,0.017393317,-0.01065437,0.0031541137,-0.0045022904
0.029424839,0.021108335,0.0046383897,0.012413219,0.02933203
0.0028740738,-0.026090624,-0.022289284,0.0014086812,0.037382167
0.014553084,0.008861788,-0.01411117,-0.008113751,0.015502511
-0.061149202,-0.0010975375,-0.06737732,-0.05289166,-0.028356364
-0.021287728,-0.026823316,-0.041775044,-0.05496102,0.032556847
0.027008273,-0.033586603,-0.026649242,0.013080866,-0.025894003
-0.01763817,-0.0055012754,-0.004744748,-0.033459324,0.068883
-0.04362222,-0.036966547,-0.026173415,0.0079249935,0.046151847
-0.025665874,-0.016943177,-0.06253535,-0.0039942926,-0.034679007
-0.04047335,-0.00020441579,0.00019674815,0.0013066803,-0.035078906
0.00824941,0.0066078706,0.016256066,0.05384576,-0.0022978627
-0.019157538,0.0004710145,0.012543323,0.011336985,0.041538417
0.029592501,0.03191423,-0.045868278,-0.034494396,0.016579734
0.029724108,0.04099434,0.015942652,-0.04277322,0.011085488
0.03369294,0.01566534,0.009267909,-0.016092556,-0.023386857
