-0.06277597,-0.012568063,0.044801593,0.04663874,-0.0009794154
0.0014935136,-0.03260574,-0.0440637,0.013663379,-0.062224388
0.049768608,-0.023689551,-0.09281296,-0.07628813,-0.057947364
0.05844609,0.05778549,-0.0048953258,-0.022469655,0.07034122
0.06750902,0.07525912,0.049375284,0.020039912,0.015020357
-0.04682826,-0.07994139,0.0064013354,-0.04020642,-0.07638075
-0.017532766,-0.0208698,-0.033328146,-0.09006158,-0.09064461
0.058734667,-0.0006267712,-0.0783511,0.009388633,-0.030190947
0.050622694,0.06877223,0.076932475,0.008467222,0.075125694
0.049216058,0.10945819,0.093369834,-0.00029873854,-0.010054861
-0.009652507,0.037707586,-0.014464636,0.052806057,0.03393332
0.058370713,0.050182957,0.036236826,-0.04009687,-0.048615523
-0.024158157,0.0357946,-0.0037687072,-0.0035444074,0.008532808
-0.009316125,0.015810505,-0.028525565,0.043711446,-0.0185679
-0.04604538,0.0044187596,0.057546914,0.006617558,0.048643287
-0.0192217,-0.02927176,0.0099689495,0.05176359,-0.018229572
0.041343436,-0.0152648445,-0.015371681,-0.024401292,-0.06936378
0.0395245,-0.040707655,-0.036490787,-0.03121664,0.025683582
0.018168826,-0.01239652,-0.02238271,0.035281643,0.02346926
0.044686943,-0.0075062932,0.040545672,0.049057253,0.00857171
-0.041748855,0.0072737234,-0.040264536,0.0020256345,-0.0055368203
0.03212766,-0.035042968,-0.03844792,0.020374222,0.03286547
-0.017454924,0.010330513,0.038041428,0.0044759265,-0.015108384
0.018949416,0.034513474,-0.014603563,0.02190976,-0.002409441
-0.01686583,-0.014885773,-0.05480585,0.012416892,-0.029453835
-0.036957324,-0.01197527,-0.01909584,-0.027977541,-0.024791185
0.012246976,0.019757649,0.00718348,-0.016401071,0.00016978083
-0.02657277,0.038886968,0.027148567,0.049186964,-0.018214831
0.030463437,0.018600978,-0.012051747,0.07255077,0.008021443
0.0067954836,0.03866912,0.041074034,0.03916261,-0.05533888
0.046067372,0.011349577,0.00074116397,-0.030248977,-0.02479503
0.04902878,0.035512004,0.036419053,-0.0005862025,-0.024751965
0.017908866,-0.01524157,-0.025870632,0.015172025,0.03543329
-0.031042,-0.034557875,0.00898769,-0.014984536,-0.019307286
-0.008002557,0.001216184,-0.0070671784,0.0357021,0.026955847
-0.012372589,-0.03947438,-0.004850862,0.033824384,-0.015839165
-0.041697185,-0.02776657,-0.011190104,-0.035509527,-0.04234235
0.026091909,0.024275074,0.0143037895,-0.036356926,0.02364065
0.054850575,0.0392059,-0.016182542,-0.010082046,0.056392223
0.039384678,0.02387569,0.0064944723,0.033828896,-0.008073781
0.030444343,-0.015400228,0.010440197,0.015504844,-0.017142573
0.004107683,0.0146555705,-0.036334068,-0.0019109146,0.010637169
0.037519164,0.017595047,-0.029364888,-0.0062045534,0.05005859
-0.006851828,0.038900267,0.015628438,0.035101645,-0.011071767
0.04601593,0.013571951,0.0019474479,0.042936124,0.027105086
-0.032080177,-0.0034208684,0.037562683,0.021905852,0.0014565083
-0.038203347,-0.035687648,0.027046792,0.029099323,-0.028144764
-0.023807434,-0.0068512373,-0.051508557,0.0359048,-0.007740587
-0.02852495,-0.004081251,0.008972777,0.0073485994,0.04893244
0.01756743,-0.003946888,0.013411838,0.027270209,0.004414867
-0.04897737,-0.02263218,-0.02168807,-0.047054544,0.0019252024
-0.009700964,0.03403462,-0.0010573856,0.0014277403,0.002982965
0.025983077,0.03718668,0.043896105,0.012146803,0.0062383413
0.009682075,-0.0072700568,0.022017146,0.040262904,0.05085057
-0.04914882,0.023622101,0.0053148973,-0.014762052,-0.023457142
-0.0009692878,0.02202332,-0.03982347,0.012148673,0.040294804
-0.02526817,0.010689937,-0.017978946,0.0109946905,0.019365085
-0.02756237,0.010697355,0.044202328,0.003141685,-0.031744532
0.0005521131,0.009884075,0.013767373,-0.0032269156,-0.009587697
-0.022085993,0.028944235,-0.025262706,-0.015224727,0.029639324
-0.059408404,-0.04007049,-0.025129396,-0.03762701,-0.0012927573
-0.01931187,-0.04898979,-0.064647384,-0.030609762,0.008202871
0.07435419,0.031844415,-0.059475932,0.002456205,0.0293913
0.06707516,0.06153474,0.021107806,0.061103933,0.034346905
0.03964199,0.101522356,0.09247303,0.03915961,-0.035260543
-0.036428936,0.041873243,0.040869523,-0.01765778,0.0428232
0.008828104,-0.011746421,-0.024217993,-0.023796568,0.035880826
-0.027488388,-0.018344373,0.04452363,-0.021850128,0.043996822
0.019972112,0.022186618,0.010182846,-0.008006452,0.019937841
0.013319827,-0.024396788,-0.036841717,-0.03634638,-0.005412764
0.01188038,-0.018462783,0.014027932,0.0338694,0.049456466
-0.01735733,0.031994246,-0.023049327,0.039737307,-0.024017967
0.0033253522,0.007589092,-0.036026727,-0.048106756,-0.03136005
-0.02772129,0.051873144,0.0047576246,-0.035325404,-0.0026811732
-0.020465098,-0.0048851455,0.044605765,-0.030745488,-0.027024282
0.004187756,0.020536885,-0.031539954,0.024185475,0.033995986
-0.013335786,-0.047044504,0.024172362,0.034493387,-0.028241187
-0.011017071,-0.014209412,-0.039704915,-0.031373,0.00041003342
0.07370288,0.027236447,-0.040287014,0.046102796,0.024987925
0.076610625,0.0254099,-0.0027339018,-0.023002055,0.046346143
-0.0053631826,-0.04528263,0.053170726,-0.0098104,0.008048517
-0.007738458,-0.019583391,0.038550954,0.03001944,-0.03164822
0.0056371978,0.007253223,-0.0007169685,-0.0015545035,0.035940457
0.049617987,-0.03382654,0.025266994,-0.0011702819,-0.0068146945
0.039462954,-0.015467066,-0.021012126,-0.017881604,-0.051934943
0.01741825,-0.051357362,-0.03271092,0.009815256,-0.025746886
0.0042439294,-0.017389234,0.027208773,-0.061384436,-0.04322045
0.021419179,-0.03770194,-0.04041669,0.047730032,0.03143962
-0.0036326405,0.036237597,0.04075546,0.022128247,0.052898362
0.00018010687,0.061221305,-0.01041201,-0.024056999,-0.0006854866
0.007817749,-0.030963728,0.0308046,-0.042654175,-0.049777575
0.033266164,-0.054868933,-0.066020556,-0.049062297,-0.077751845
0.01583021,-0.03258035,-0.02900367,0.03306029,0.016750889
-0.03358898,-0.045971345,0.059195902,0.06324191,0.046064563
-0.029274933,-0.00872358,0.04812867,0.035100736,0.016611395
0.019175366,-0.031947795,-0.035617273,0.027649611,0.0014773387
-0.011882976,-0.026047587,-0.03787051,-0.09271694,-0.06842738
-0.007935946,0.0064252005,-0.041688427,0.008421648,0.060357474
-0.01399146,0.0031497856,0.013603654,0.049266264,0.0038543707
0.03756063,0.07139997,0.06683772,0.056587018,0.006916818
