-0.008957422
-0.031026462
-0.004508828
0.02229473
-0.00268679
0.02095733
-0.011103793
0.00012360816
0.026448771
0.032671187
0.036055654
-0.0045337267
-0.02198801
-0.010523252
0.012754001
-0.007931101
0.027958881
0.0019935858
-0.026162392
0.009934429
0.020656096
-0.020373482
0.03166558
-0.012481271
0.016787272
-0.010064712
0.0013235951
-0.012788721
-0.0165765
0.012667839
-0.028969083
0.011965536
1.2214467e-05
-0.020866266
-0.02363045
0.0091887405
-0.025425147
0.023342798
0.0068906047
0.024267796
-0.0011562706
-0.013184595
-0.017386597
-0.006453166
-0.028554104
-0.03446843
-0.0067594154
0.029491952
0.028096804
-0.0132897915
0.021426814
0.015112346
-0.028481778
-0.014143365
0.017249996
-0.02918832
0.0006863083
0.03941544
-0.015862996
0.00804952
-0.031945046
0.033157982
0.024153862
-0.022509295
-0.0039212937
-0.029760981
0.030604856
-0.0026817082
-0.011124528
0.0032921743
0.0106880665
0.0016593907
0.011793392
-0.015026392
0.031431634
-0.025696976
0.037046824
0.013052836
0.014707054
0.019630784
0.027621083
-0.010687178
-0.021638766
0.020343544
-0.00222012
-0.031914815
0.019339066
0.009065867
-0.025421347
-0.012021493
0.02805214
-0.0048357905
-0.031806648
-0.01381497
-0.0009450744
0.0022591641
0.021935627
-0.017649999
0.014863591
-0.029216018
-0.015569907
0.016929034
0.04395206
0.03347653
0.0025523782
0.015928656
-0.030554056
0.00876958
-0.0118169105
0.021851204
0.011459514
-0.029676175
0.016599111
-0.036618862
-0.01506638
-0.00986763
0.013948613
0.015163065
0.024683122
-0.0057213036
0.028888255
0.027139332
0.0084925145
0.0034586315
-0.018309623
-0.0051664864
-0.015713247
-0.01604977
-0.016484799
0.027436748
0.028773153
0.0068447515
0.03390414
-0.017288413
-0.026494473
0.02527439
-0.028865935
0.039970692
0.033762183
-0.024240145
0.005631722
-0.037037484
-0.025234126
0.010756215
0.028147923
-0.037658088
0.0031543216
-0.004730414
0.03518113
-0.017382115
0.01221874
-0.028845103
0.018086558
0.010462822
0.018627135
0.020680964
0.00061952363
-0.020560395
-0.012892352
0.018235901
-0.013704854
0.00063569937
0.01746652
0.0051894365
-0.0028072062
-0.006290725
-0.022737285
0.00289825
-0.011191404
0.0026183536
-0.0036521868
0.005171643
0.008780284
0.011323134
-0.006564315
-0.017372523
-0.029303476
-0.0068737585
-0.028091166
-0.032792065
0.028160201
-0.037307702
-0.009257826
0.019139498
-0.01059644
0.02457316
0.018329285
0.02969205
-0.009955904
-0.030358033
0.03303418
0.020793434
-0.008822121
-0.001398958
-0.012550378
0.017420536
-0.035106763
0.005173834
0.03273459
0.031824984
0.0081698345
0.0010484175
0.009004721
-0.03491874
-0.014285819
-0.0122976955
-0.00014247828
0.013798389
-0.008638538
-0.025952507
0.017524898
-0.015865011
0.015056671
-0.026070626
-0.01703306
-0.028830096
-0.032999977
0.02680694
-0.023086643
0.0068718744
0.029184168
0.04007514
0.006489191
0.027772205
-0.03462525
-0.001392409
0.007295345
0.0020825674
-0.02998572
0.006674708
-0.022886837
-0.0065144883
-0.02111634
-0.0091403145
-0.027516346
-0.005328487
0.027680518
-0.013060509
0.007597055
-0.010148038
0.026877442
-0.014699978
-0.0076496806
0.032381874
-0.0054325475
0.027768973
0.019612925
-0.011536427
0.004623529
0.025479417
0.015920503
0.03297116
-0.028809737
0.03610606
-0.01922083
-0.01628329
0.030925544
-0.032072317
0.0056252587
0.013684426
0.032965172
-0.012149899
0.027126834
-0.016699592
-0.031551365
-0.019288564
0.03143229
-0.01817727
0.030727819
0.00864935
0.003302338
0.032256976
-0.020178504
0.0190731
0.024157096
0.017452423
-0.016951479
0.0070718713
-0.007899539
-0.018762928
0.020919051
0.028388465
0.035178818
-0.025001565
-0.019007878
-0.032842018
-0.0055524115
0.033044506
-0.022359444
0.00086239405
0.0049272273
-0.0012786151
-0.0055218274
-0.0006721038
0.0043619447
-0.02362594
-0.012631591
-0.033666294
-0.0067089912
0.014307121
0.028756589
0.036142297
0.019183936
0.024152843
-0.0064969007
-0.0109027745
-0.006515544
0.01972392
-0.02788467
-0.031200739
-0.03244827
0.032707725
0.0019395918
0.020175459
0.027993836
0.020914761
0.015457776
-0.0056199054
-0.0012273191
0.0189622
0.023978509
-0.009170207
-0.026487732
-0.016839175
0.017484019
0.007778831
-0.010077297
-0.010656239
0.013120999
0.023980968
-0.0032483644
0.00225723
-0.006388669
-0.014766542
-0.034009345
0.032328468
0.005579988
-0.029448835
-0.021560716
0.011227382
0.0020478608
0.030663619
-0.02985416
0.028404705
0.015219774
-0.025429703
-0.02283172
0.019729432
-0.026691271
-0.0015949231
-0.0020460924
0.016793579
-0.017314792
-0.00951707
0.010207793
-0.008231148
-0.021981636
0.022745155
0.029741928
0.026400875
0.031791955
0.01454859
0.022758618
0.010726161
-0.012096794
0.032513067
-0.033043444
0.028035652
0.021587195
0.02363053
0.0149848405
-0.01218409
0.00894596
-0.017942568
0.029847508
0.027308885
0.0023052718
-0.01693554
-0.009648997
-0.0023653514
-0.025333041
0.031838953
0.009085375
0.02231373
-0.002079439
0.021399377
-0.0011713954
-0.034014106
0.02331362
-0.034092855
0.0077044284
-0.028026026
0.03482999
-0.01722404
0.028144363
0.008112586
-0.008680537
0.02305645
-0.0030234226
0.031848747
0.00960061
0.016456403
0.019096179
-0.008819798
0.019221198
0.016833793
-0.0052855164
0.034160465
-0.017815776
0.005492165
-0.0153185185
-0.0062428657
0.0019836274
-0.01843669
-0.011906523
-0.032471497
-0.005188322
-0.02013343
0.025435666
0.016483122
-0.016509024
-0.012791064
0.0058005466
0.0029151517
0.022847658
0.020789552
0.012889975
-0.0056376127
0.014527776
-0.011370798
0.026851038
0.032466143
0.034218166
-0.0056346385
-0.029897368
0.0037629742
-0.004743193
-0.014632267
0.025398716
-0.031998686
0.0010733869
0.040214986
0.033361662
-0.00439339
0.013668296
0.0071011707
0.011610409
0.011032403
-0.032811545
0.030164808
0.011784579
-0.028968373
0.0028051552
-0.02804524
0.029306576
0.014364681
-0.013591352
-0.0037206297
-0.0014798025
-0.010316282
0.015040025
0.027265515
-0.031114915
-0.0018417963
0.029143801
-0.022642633
-0.026136313
-0.0014297016
-0.02000795
-0.015886784
-0.0035457169
-0.02950105
-0.0036208825
0.02056787
-0.02475425
-0.0060310387
-0.0013922749
-0.022206401
0.03025011
-0.0039756238
-0.0059990915
-0.03649091
-0.017743884
-0.0060477923
0.029355701
0.026151437
-0.022525603
-0.017759662
0.03270992
0.027630348
0.012096692
-0.00086772477
0.0030715615
0.032483682
-0.0050196117
-0.025103405
-0.00903808
-0.013858125
-0.015757576
-0.025847528
