-0.09406153,-0.019751284,-0.21808782,-0.4061365,-0.178948
-0.17223437,0.17347643,0.084898874,-0.33916155,-0.15890503
-0.085994944,0.14911598,0.03389392,-0.31754026,-0.0012170003
0.10695038,0.08507457,-0.03883651,-0.16831565,-0.047967188
-0.12947133,-0.16149497,-0.1693481,-0.14841191,-0.078507215
0.09837194,0.28417578,-0.07556196,-0.13476059,-0.068363585
0.04515778,0.36270347,0.05443019,-0.12062437,0.021853128
-0.15312803,0.028444394,-0.16269617,-0.18971314,0.18023713
-0.27390996,-0.06205475,-0.06578778,-0.032649677,0.16012003
-0.13705347,-0.0055907033,-0.01370627,0.049499124,0.004858453
-0.029748838,-0.15938407,-0.05332764,-0.108600184,-0.029408053
-0.10203933,-0.001879511,0.030204495,-0.1107233,-0.075512856
0.06449975,0.2631572,-0.06817699,-0.084955275,-0.10626343
0.059402127,0.12793264,-0.02195944,-0.06343563,-0.12830189
-0.10450215,-0.053288963,-0.09432767,-0.08395228,0.045809526
-0.005488139,-0.16529956,-0.1286101,-0.10248258,-0.011092908
0.05937338,0.05563036,-0.130021,-0.0481993,0.11773779
0.12671961,0.05947082,-0.033618696,-0.01388009,-0.020145318
0.105740696,0.057254177,-0.066178314,0.011835249,-0.068085566
-0.07612406,-0.021384234,-0.051367525,-0.049397726,0.1081231
-0.018750133,0.00942747,0.104327425,0.050085414,0.03255935
-0.04464866,-0.048961166,-0.0049471934,0.029933942,0.0124147935
-0.056151032,-0.03897271,-0.002767904,-0.033942312,-0.06599264
-0.09096454,-0.047743894,-0.079446755,-0.017608171,-0.0751001
-0.07324189,-0.07182773,-0.12337847,-0.107738614,-0.07248147
0.008505315,0.022020318,-0.11690823,-0.11424488,-0.051049367
0.05906287,-0.01681129,-0.14039308,-0.033973165,0.05076534
0.1531128,-0.07941686,-0.036089722,0.043726787,-0.056189213
-0.024393609,-0.045170654,-0.10299738,0.0435183,0.007779276
-0.047442485,-0.04184115,0.058928736,0.15917385,0.1133981
0.06862699,0.15929914,0.12159764,-0.054897726,-0.021182647
-0.04482654,0.117850736,-0.008478219,-0.00940799,0.004675928
-0.04622822,-0.039645262,-0.012627445,-0.061967023,0.032093275
-0.013575084,-0.021746067,-0.0034512854,-0.035493907,-0.022789277
-0.09173385,-0.027435616,-0.035423003,0.03270957,-0.010225669
0.014616673,0.07784328,-0.11369797,-0.027757356,0.005441198
0.032980617,0.08759286,-0.08639161,-0.030540762,-0.0071656574
0.015635509,0.04418722,-0.04950967,-0.050098278,0.060975853
-0.043977015,0.060741883,-0.09142025,-0.05800997,0.12157611
0.01892422,0.09477111,0.040852267,-0.07073265,-0.01065033
-0.06989985,0.18503481,0.24786524,0.020812957,-0.023411557
-0.041330986,0.023803778,0.057008326,-0.04864491,0.0054306155
-0.07581857,-0.046563856,-0.07210247,-0.011991265,-0.043245867
0.014070481,-0.06364578,-0.07638281,-0.023741674,-0.015509048
-0.12211631,-0.050689533,-0.083575025,0.051306643,0.064951696
-0.04069079,-0.09450051,-0.2317393,-0.13324843,-0.12313052
-0.092982836,-0.19289818,-0.21580996,-0.20205455,-0.177763
-0.01742663,-0.09570223,-0.15199344,-0.15059146,-0.12595338
-0.09370724,-0.12378513,-0.12660323,-0.17468119,-0.1442411
0.034265112,0.014089326,-0.05490206,-0.041202947,0.064130664
-0.036725927,0.117613934,0.016390083,0.0016411701,-0.09413277
0.061163556,-0.10841807,-0.068880215,-0.09633817,0.043699212
-0.07380689,-0.10874182,-0.086738184,-0.019071925,0.06414992
-0.025982931,-0.102953665,-0.06400679,0.05948486,0.085731305
-0.123577975,-0.08602647,-0.00866795,0.1066298,0.07506908
0.022426024,-0.026870053,0.025210511,-0.0054911175,-0.030867195
-0.021955097,-0.03407613,0.009014886,-0.026520902,-0.012808697
-0.002873036,-0.02719846,0.0011483409,-0.0056767054,0.014226509
0.032223918,-0.027165147,0.02446073,-0.000931978,-0.025688684
-0.020400885,0.011556874,0.009273469,-0.0015274541,-0.022049163
-0.006969647,0.14303519,-0.005612753,-0.20727593,-0.10371501
-0.21979266,-0.06494162,-0.08569181,-0.19484481,-0.064249575
-0.062663026,-0.05890884,-0.068689056,-0.10691552,-0.01681288
-0.1401935,0.043422304,0.038023002,-0.0414216,0.05593899
-0.06163076,0.0538434,0.11943685,0.15238714,-0.0014269216
0.016484369,-0.016428797,-0.02989444,-0.022558006,-0.020780146
0.04454186,0.00864174,0.01907585,0.006007147,-0.030126823
0.032273825,-0.006953558,-0.011587605,0.03641707,-0.022780795
0.009070766,-0.038045336,0.022862848,0.01779307,-0.036764417
0.02504739,0.0049145697,-0.023092628,0.03813639,0.019201927
-0.025297241,-0.055228952,0.09029965,0.0070357244,-0.066218294
-0.103373,-0.059119746,0.21693516,0.05489809,-0.10010866
-0.055378925,-0.14255781,0.09993038,0.043529443,-0.08626991
-0.018134492,-0.025215669,-0.011007774,-0.06954398,-0.07155748
-0.029271333,-0.080182314,0.018124761,0.0030310163,-0.035160385
0.13106115,-0.065944254,-0.08189742,-0.029445356,0.035565328
0.027449057,-0.067313194,-0.05392842,-0.033113662,0.08285939
0.01870685,-0.06466248,-0.14380565,-0.0021875757,0.07237814
-0.04938064,0.043621022,-0.18837243,-0.10198368,0.10454156
0.019315671,0.027437693,-0.045012653,-0.08185398,0.004837191
0.11175104,-0.016009523,-0.05411432,0.041223396,0.007899162
0.0702022,-0.022855287,-0.07798622,0.13975811,-0.027882291
0.15309481,-0.11327391,-0.020523531,0.14818913,0.21095072
0.07063495,0.017443048,-0.057856858,0.052878384,0.21402994
-0.0058945077,-0.061505936,-0.13831498,-0.028623277,0.15705837
0.07153364,0.095238246,-0.095897526,-0.09081789,-0.032516167
0.060817726,0.004227363,-0.166242,-0.08179102,-0.009334391
0.042560868,-0.016869448,-0.056792922,-0.047653973,-0.00736458
-0.059257567,-0.06736438,-0.0066510625,-0.010482917,0.10525286
-0.08421264,-0.12093439,-0.008014542,0.12755635,0.07595065
0.13685565,0.013608663,-0.24856254,-0.13690482,0.044687063
0.097080015,-0.07055826,-0.1657716,-0.07036938,-0.0048455233
0.18335058,-0.13504988,-0.0819041,-0.039340228,0.0057854583
0.036350954,0.0026424797,-0.05634994,-0.031758647,0.097286575
-0.05720332,-0.076860674,0.07213945,0.08166662,0.17531198
0.1993561,0.028628841,-0.2493743,-0.19036753,-0.08266073
0.0377376,0.010192366,-0.22306198,-0.08636706,0.038730413
0.18822277,0.14314863,-0.16752493,0.057202064,0.009950424
-0.07882603,0.03507547,0.003073651,-0.013665971,-0.032543533
-0.13425992,-0.10417669,-0.038816553,0.111517794,0.24663092
