0.011159616,0.030931313,-0.003233386,0.0265386,-0.049333673
0.037448216,-0.024687307,-0.022416312,-0.049286645,-0.0027067333
-0.02748634,-0.029620545,-0.053946517,0.03436859,0.017772643
0.011842159,-0.040278226,0.003978514,0.016943809,0.009603514
0.026765956,0.002006538,-0.03744561,0.04776638,-0.04939421
-0.04202381,0.060163617,0.0920402,-0.016168427,-0.048928592
0.08638104,0.008064493,-0.09771427,-0.054457724,0.010581359
0.01972931,-0.011985007,-0.057956994,-0.11378328,-0.043207772
-0.008756328,-0.063152686,-0.09208945,-0.002640674,0.057557568
-0.026241424,-0.019131798,0.062627845,0.0743022,0.019179918
-0.012852281,0.012269041,-0.038797572,-0.029834311,0.039287593
-0.045049444,-0.0032893135,0.020417586,-0.054712288,-0.041754905
0.032941356,0.054372665,0.009206733,0.033774927,-0.056668263
0.00077739556,0.029315613,0.04620026,0.014597822,0.05819097
-0.030674975,0.048320208,-0.030292938,-0.05177113,0.0009919623
-0.024463661,-0.0050798575,-0.046779703,-0.0136326635,-0.0052840686
-0.055500012,0.049790334,0.009160725,-0.021444306,-0.06346944
0.01078682,-0.009381954,0.06591557,0.028987382,0.010072968
-0.024122389,-0.030186364,0.062647454,0.005048874,-0.011832351
-0.009177122,-0.02154822,-0.03554795,-0.051632024,-0.051451568
-0.07235272,-0.022614034,-0.042500366,0.038981326,-0.014842382
-0.012761714,-0.028169915,-0.03163555,0.034501646,-0.022352193
-0.02380456,-0.107981294,-0.046102446,-0.004630522,0.0253272
-0.036064193,0.010405357,-0.022969346,-0.10191867,-0.058500446
-0.0700544,-0.019624362,-0.10093545,-0.043362737,-0.024658186
0.042261135,-0.059693474,-0.0292131,0.0018708189,0.027712956
0.043016993,-0.02788272,0.021039484,-0.024391122,-0.06494618
0.03066028,-0.012529026,0.025191545,0.022731973,-0.08032065
-0.04307225,-0.07049481,-0.04441763,-0.04233705,-0.043910697
0.032878708,0.00010033827,-0.034594133,0.014196332,-0.046596568
-0.024760488,-0.011200906,-0.0020878941,-0.064252965,-0.0735811
-0.015879782,0.0056513236,0.05430901,0.031099297,0.0015818396
-0.029118383,0.0022521259,-0.0765047,0.009938028,-0.031701818
0.0041758646,0.022297796,0.023845186,-0.011936713,-0.047001153
-0.029358251,0.029256765,-0.033994675,-0.0135926595,0.037105996
0.011885424,-0.0552045,-0.06620315,-0.06580027,0.008182597
0.047567584,0.05154684,0.021154488,0.0384714,-0.05487468
-0.030671846,-0.049290664,0.0058877743,-0.039247602,0.0029303955
0.022109311,-0.027907208,-0.008829676,-0.07182489,-0.0243425
-0.01944524,0.022757366,0.023034727,0.034753498,0.0030348196
-0.03525436,-0.074218675,-0.03210342,0.018168228,0.007654655
-0.05505388,-0.054338265,-0.0019278724,-0.063760854,0.0121585345
-0.034191616,-0.08407195,-0.023933627,-0.07838157,0.053644072
-0.03324837,-0.057103496,-0.04587297,-0.026413493,-0.011455515
-0.0139322085,-0.004839565,0.036360044,0.017352993,-0.082551435
-0.017450154,-0.09628656,0.035794005,0.07074188,-0.035458054
-0.08016426,0.0036204788,0.025035763,0.014271399,0.019896058
0.04675544,0.02028522,-0.030603532,-0.07641698,-0.11973398
0.05743629,0.06375513,-0.08556235,-0.025984138,-0.0049891085
-0.08264025,0.030369788,0.053024113,0.008226432,0.06236759
0.04003583,0.033033863,-0.0020418293,-0.02001673,-0.014895995
0.05945926,-0.06767372,-0.025195273,-0.02089138,-0.0050385073
-0.07687359,-0.08659629,-0.08125302,0.013880688,0.014238002
-0.00027345918,-0.025808422,-0.02379113,0.02856,-0.03861904
-0.009290632,-0.007556889,-0.027451541,-0.02155081,0.012881551
-0.023651443,0.046206817,-0.010161195,-0.06757764,-0.010495158
0.008500142,0.018266737,-0.015857872,-0.06743751,0.04241163
-0.056445505,-0.05566406,-0.040140294,0.059273846,0.076104425
-0.04707133,-0.0039534667,-0.0047436478,-0.006675722,-0.006210032
-0.042594656,-0.061320085,-0.032632858,-0.07639365,0.001765358
-0.039271526,-0.055125415,-0.07462451,-0.044542663,-0.0122445095
0.0022552009,0.039450835,-0.021099018,-0.0008756052,-0.049355257
0.006762641,-0.019873062,0.012453244,-0.08016339,-0.031839076
-0.04810128,0.008185176,-0.06565514,-0.02051047,-0.08181526
-0.038651887,-0.004748448,-0.0040416275,-0.0562659,0.036840286
-0.030359704,0.010854388,0.052554954,-0.028137986,-0.03002674
0.03785047,-0.07156008,-0.025290703,-0.016825786,0.007007924
-0.01327125,-0.07015287,-0.005687666,-0.0064718593,0.07658359
-0.018902084,-0.046190206,-0.006151538,0.04964013,-0.0040949956
-0.062618315,-0.068861224,0.009287275,-0.07567335,-0.044809613
0.015876817,-0.05826064,-0.0416447,0.001517213,-0.017818851
0.01543181,-0.012721499,0.064131595,0.02656217,0.053179633
-0.055247445,-0.008032081,-0.037915193,-0.02806051,0.046568748
0.014902254,0.066796646,0.049739283,-0.008099875,-0.057274837
-0.00087049016,0.012895694,-0.034461677,-0.008708654,0.045345705
0.029100614,-0.0019754476,-0.02777138,-0.06250134,-0.05116065
0.029616384,-0.03371613,-0.046890296,-0.06348355,-0.05682939
0.005273836,0.0111172795,0.014788165,-0.03904099,0.04000225
-0.02713063,0.031607088,-0.0046978244,-0.042679075,-0.019612137
-0.02966392,0.014422,-0.03312533,-0.0016883515,-0.026662525
0.015016143,-0.008536034,-0.03645959,0.023540394,0.019482812
-0.011880054,0.058700886,-0.03388966,-0.014763895,0.019755457
-0.01745208,0.043933254,0.03936679,0.041873477,0.024524292
-0.037065644,-0.017994318,-0.017069444,0.0467534,0.07930536
-0.0071187294,-0.0802429,-0.013052829,-0.07305066,-0.0047390154
-0.005487248,-0.047040887,-0.020437393,-0.1067698,-0.062369846
-0.026872588,0.013328409,-0.011276697,-0.054578546,-0.07899642
-0.013785651,0.012148487,0.045733076,-0.009078198,-0.01194188
-0.051070616,-0.10213439,-0.008402372,-0.08036764,-0.043403134
-0.021573557,-0.006785053,-0.0006567929,-0.015805408,-0.080059566
-0.019925805,-0.013174785,-0.024521284,0.0379868,-0.058528956
0.011925292,-0.02028061,0.018360106,-0.022586111,-0.019808277
0.008285132,-0.016342768,-0.013484988,-0.10749232,0.017912017
-0.04865661,-0.075174436,-0.07143217,-0.05262622,-0.026741914
-0.066648304,-0.014580772,0.030158076,0.024746288,-0.09162394
-0.058526356,0.023219498,0.06071972,-0.012876365,-0.04307143
0.016220553,0.011201213,-0.029988684,-0.0025450902,-0.026864508
-0.020435695,0.023711052,-0.005937787,-0.04999675,-0.036809925
-0.02967834,0.022206172,0.019116057,-0.01111434,-0.046531554
-0.047075126,0.012643497,0.0066067977,0.019618634,-0.034270003
