0.057940718,-0.053817067,-0.030507084,-0.021185417,0.02699577
-0.05266966,-0.102174446,0.017346572,-0.019916184,0.0028130356
-0.0046652174,-0.019627891,0.029432908,-0.015270275,-0.036154244
-0.02270905,-0.040529296,0.016170874,-0.027806524,-0.011882632
0.03032274,-0.012340438,0.02225532,-0.04600275,0.055636205
0.027648453,-0.09718505,-0.18074378,-0.21476746,-0.17916493
-0.09521729,-0.14146449,-0.04655542,-0.26630265,-0.14741278
0.059311643,-0.026187906,-0.08233145,-0.15664017,-0.08563134
0.22405244,0.022435522,0.0065681324,-0.03429331,0.010837168
0.2805466,-0.028930007,-0.047537696,0.09571621,0.20056239
0.0008717373,-0.07886,-0.09488989,-0.11413757,-0.081800885
-0.03563637,-0.07293713,-0.1195723,-0.15288892,-0.073514044
-0.014507294,-0.17267482,-0.15386228,-0.08053875,-0.039881058
-0.056630366,-0.04839481,-0.022398716,-0.0442472,-0.007946094
0.010099213,-0.00022486955,0.060879316,0.07270203,0.07841832
-0.057113584,0.035264473,-0.06453844,-0.036785103,-0.022544773
0.03415096,0.059100624,-0.032896355,-0.071329646,-0.0006925493
0.037675846,-0.062254157,-0.10770886,-0.085833766,-0.028051287
-0.050786372,-0.05297137,-0.13315731,-0.064697035,-0.04557448
0.037791062,0.15311317,-0.020960454,0.036271248,0.008030785
-0.11455355,-0.10228547,-0.016133098,0.07223119,0.075623855
0.08706462,-0.02954544,0.018495312,0.07965097,0.09557257
0.0179682,-0.036454134,-0.07586902,0.018359212,0.07327454
-0.06212046,-0.08791772,-0.09339666,-0.05988962,0.083400086
-0.06701715,-0.1537849,-0.10566055,-0.09433686,-0.0046061715
0.022714779,-0.09252756,-0.1642851,-0.09994439,-0.08910463
0.12942436,-0.03667556,-0.15022899,-0.032699056,-0.075962454
0.05371489,-0.09258686,-0.11731935,-0.09152524,0.036088135
-0.117968455,-0.10562843,0.053439386,0.10629223,0.13615607
-0.18171448,0.028878694,0.13947041,0.12360559,0.06293063
-0.014283981,-0.007221638,0.07675797,0.004083262,0.024709066
-0.013896875,0.013468127,0.07962577,0.064492896,0.003744644
-0.090822235,-0.0805932,-0.047207557,0.013563158,-0.014242612
-0.21076767,-0.18851806,-0.13077486,0.0016800824,-0.02588617
-0.15502252,-0.021629408,-0.051500235,-0.042221174,-0.07358951
0.024895983,-0.04360751,-0.22187196,-0.11515658,-0.07696101
0.08707111,-0.1170297,-0.1707222,-0.044404875,-0.056696292
-0.1593233,-0.04422225,-0.079407625,0.013983917,-0.0732271
-0.12440002,-0.09937649,0.04007411,0.13372011,0.15432546
-0.14011835,0.101183936,0.21834658,0.1127107,0.08866242
-0.027880652,-0.08492473,-0.14416529,-0.034065485,-0.014417193
-0.0037238372,-0.110174544,0.010220941,-0.07649564,-0.08577406
-0.027785832,0.11818386,0.043315522,-0.14861894,-0.08812251
0.08141707,0.2515494,-0.0239988,-0.11704645,-0.056588635
0.109709054,0.10834768,-0.19386931,-0.11149333,-0.12984642
0.00044225293,-0.07029478,-0.15328272,-0.09964814,-0.013332401
-0.01601544,-0.15902807,-0.07484804,-0.19984002,-0.13829161
-0.2817139,-0.18464917,-0.15386096,-0.2578569,-0.14567032
-0.19037215,-0.1162369,-0.23013608,-0.122040085,-0.12557794
0.21314377,0.024387388,-0.042307626,-0.08217711,0.07182822
-0.099509604,-0.04733871,-0.21104786,-0.12296578,0.015472482
0.019880252,-0.12733874,-0.19596918,0.00084623205,0.050700244
0.05519577,-0.12399471,0.025699534,-0.03040666,0.024484135
0.15853782,0.07185563,-0.07419027,-0.038695298,0.077237464
0.021027777,-0.10672935,0.06514127,0.04074675,0.18244493
-0.045859013,-0.021132817,0.01706486,-0.052323774,0.017616201
-0.08020017,0.016114911,0.0011505252,0.0036332475,-0.042170316
-0.095180646,-0.036795817,-0.07729699,-0.056685973,-0.024213891
-0.0655575,-0.08089062,-0.13254751,-0.05779489,-0.032847323
0.17818624,0.055723045,0.00090008054,-0.038072612,-0.054202545
0.025198456,-0.040740363,-0.09108751,-0.08059126,0.056432202
0.12890074,-0.018079855,-0.10895445,-0.041715275,0.07608839
0.013390936,-0.054134026,-0.032007404,-0.026204081,0.02250873
-0.012366632,-0.071049556,-0.07534437,0.010843606,0.06560728
-0.027921274,-0.19717106,-0.043941066,0.068893135,0.025211569
-0.13849235,-0.15756029,-0.05603497,0.015308494,0.002181937
-0.1339157,0.032760628,-0.04737191,-0.08887905,-0.013365547
0.13865411,0.18249421,-0.057146564,-0.014730591,0.018285755
0.15762883,0.08702778,-0.015103178,-0.0036467789,-0.050809868
0.11441017,-0.055365607,-0.05234777,-0.09930094,-0.03381497
-0.032855056,-0.009006755,-0.0557111,-0.03575191,-0.066934474
0.11887404,0.0040279096,-0.07056731,-0.064774916,-0.052283593
-0.08729706,0.024874866,-0.066712745,-0.06715722,-0.043661036
-0.03554424,-0.09598163,-0.023014583,0.049098995,0.0958561
-0.062145896,0.05451123,0.03483678,0.09193822,0.07226606
-0.010862044,0.0012185215,-0.043693278,-0.068769425,-0.017402677
0.012058917,-0.004768645,-0.006213198,-0.05341179,-0.04753847
-0.047655556,-0.015618394,-0.014577689,-0.05229449,-0.022275953
-0.07465601,-0.09268964,-0.0048565473,0.05152095,0.059773173
0.03010128,0.11968312,0.057769462,0.021198232,0.024340738
-0.11678577,-0.0136047695,-0.014859674,-0.09805479,0.0015094891
0.07888262,-0.024168802,-0.08132276,-0.13685526,-0.08978367
0.0010265678,-0.09119701,-0.26494363,-0.11294539,-0.07155724
-0.12445541,-0.10939965,-0.17817013,-0.062025946,0.0071200603
0.015049924,-0.04218414,-0.05101768,-0.010950558,-0.09554401
0.015617502,-0.07990088,0.028137302,-0.16861627,-0.14924249
0.20428617,0.23267162,0.1254681,-0.22582345,-0.09143312
-0.072925106,0.16781165,0.022105629,-0.17463925,-0.13013658
-0.1659764,-0.18244189,-0.07529972,-0.14453064,-0.002247873
-0.07544606,0.028011052,-0.009265954,-0.09281852,0.051286455
0.00801539,-0.08986439,-0.070840366,0.008780201,-0.054745663
-0.0063026184,-0.09916091,-0.0022221454,-0.120038524,-0.04380238
-0.074752,0.19754168,0.004338932,-0.102915935,-0.022859417
0.080932796,0.23261924,-0.034835707,-0.039923754,-0.038892545
0.076190285,-0.050724413,-0.042825963,-0.013027845,-0.053859387
-0.031832222,-0.07121003,-0.025891459,-0.10039648,-0.05110168
0.14057893,-0.04032239,-0.020659909,-0.08570107,-0.10870015
0.09452768,0.073627226,0.055876896,-0.03178285,-0.04492327
-0.056342203,0.015175665,-0.044248566,-0.050737172,0.0029051919
0.0438635,0.030925278,-0.048834495,0.051337276,0.10837269
