-0.07296657,-0.012343729,-0.05946837,-0.019675365,0.024382018
0.043373074,-0.067718886,-0.10943565,-0.074389294,0.008916329
0.01744714,-0.09535746,-0.07679594,-0.009235886,0.018969629
-0.070146635,-0.08626172,0.0039162114,0.0110632,-0.044040002
-0.11061974,-0.02963593,-0.0024343934,0.040021468,0.0016548572
-0.31788844,-0.14405897,-0.080251984,-0.07430278,-0.102812186
-0.008017282,0.1350328,-0.11998497,-0.19099817,-0.28047645
-0.093772165,0.0014632463,0.09402826,-0.01590012,-0.21437292
-0.23293181,0.117233716,0.019781461,-0.19523792,-0.10882699
-0.13216718,0.25509307,0.06525504,-0.06953396,-0.04733381
-0.083079405,0.0051702647,-0.08885959,-0.16832928,-0.049320098
-0.060573258,0.08284605,-0.121875085,-0.20148127,-0.18359253
-0.07017332,-0.02304037,-0.20282732,-0.14808242,-0.11012025
-0.15639444,-0.1312213,-0.04805538,-0.032510836,-0.04699256
-0.14634384,-0.12031501,-0.06721061,-0.06722484,-0.0079186
-0.061566677,-0.09375791,-0.13794139,-0.17362392,-0.045976143
-0.13000078,-0.07153113,0.08744517,-0.11286966,-0.08364471
-0.09612038,-0.09837756,-0.025548153,-0.087668404,-0.07786206
-0.06604313,-0.08058143,-0.05447475,-0.10471255,-0.056376114
-0.12830155,-0.035459977,0.10293632,0.06718457,0.00015314115
-0.065802395,-0.14367491,-0.005129425,-0.016501741,0.17176634
-0.1531093,0.08302698,-0.05068744,0.097230725,0.23345554
0.022148626,0.24887174,-0.03749923,0.2375902,0.10895988
-0.010535693,-0.031582184,-0.056175813,0.12783468,0.025012484
-0.10313026,0.061594233,-0.19274165,0.06542655,0.010372787
0.05503348,0.17760521,-0.084016584,-0.2255164,-0.088782966
0.048659537,0.031186227,-0.15189856,-0.16988868,0.014331669
-0.006400534,-0.002220778,-0.091041066,-0.04981312,-0.019372113
0.061368234,-0.05790532,0.002749045,0.010751136,-0.04493962
0.05162256,-0.07913223,0.12133886,0.030410435,-0.07206769
0.025420655,0.04268919,0.029863138,0.06575139,-0.012055571
0.030162327,-0.039288368,-0.046867818,-0.02436772,0.010756364
-0.008531266,0.057583492,-0.10207159,-0.048097026,-0.045255598
-0.19342303,-0.15019774,-0.14573568,-0.08895199,-0.07323948
-0.20601696,-0.14525639,-0.13581356,0.014173729,-0.07089313
0.14397739,0.29863587,-0.067078866,-0.225849,-0.06152263
0.046478122,0.08270602,-0.11627531,-0.105948314,-0.033577584
-0.021196222,-0.11599504,-0.1193441,-0.051677458,-0.0026649828
0.09023522,-0.12913392,-0.0926046,-0.044283614,-0.11565431
-0.037422244,-0.036120877,0.04027032,0.017543232,-0.1262616
-0.1305157,-0.14675085,-0.11043012,0.016093664,0.061126493
-0.13447027,-0.04557131,-0.05232201,-0.0029671448,-0.039151445
-0.10783172,0.052042786,0.20586371,0.04867578,-0.016602213
-0.09697071,-0.06023553,0.16642076,-0.1176244,-0.12362173
0.083319716,0.3268724,0.28330997,-0.083807595,-0.028107325
-0.16152336,-0.28434196,-0.22138587,-0.13846405,0.074995905
-0.11254018,-0.0030009975,-0.085867815,-0.297994,-0.16177063
-0.033644438,-0.10559478,-0.20919082,-0.37057158,-0.30898625
-0.28016376,-0.3733547,-0.07053775,-0.13172568,-0.22163548
-0.27776703,-0.12116907,-0.064989045,-0.113029286,-0.10743177
0.05597637,0.032329433,0.05565238,0.004071057,-0.033491895
0.03699375,0.03268833,-0.15804727,-0.09949449,0.14509472
-0.11290727,0.12962636,-0.028219312,-0.105929874,0.10047612
-0.00075634324,0.064552516,-0.085131295,0.013852396,-0.020786019
0.07866902,-0.117923476,0.046796117,0.0711111,0.08992298
-0.0046591614,0.056666512,0.01107058,0.033454318,-0.052727737
-0.059037596,0.05609985,0.11444422,0.014840058,-0.075909376
0.19520324,0.008576592,-0.14011492,-0.08722309,-0.062457215
-0.036405478,-0.048663028,-0.15232185,-0.14062358,0.0020943605
0.27554235,0.13532746,-0.012248139,-0.049006324,-0.0028638944
0.135814,0.06571528,-0.10200626,-0.10786972,0.08245457
0.09599774,0.04880933,0.005885315,-0.06615816,0.017171457
-0.10950716,0.0492024,-0.058862545,-0.058863524,0.052661374
0.13497853,-0.009640719,-0.10437618,-0.030853268,0.03305439
-0.001325877,-0.06569236,-0.0022708066,0.021610243,0.18243831
-0.05401348,-0.10188155,0.007601919,0.09235074,-0.05803626
0.07473502,-0.021453323,0.051007397,-0.070132144,-0.031419046
0.013372286,-0.008389429,0.054963462,-0.015384953,0.07485174
0.03390807,0.02700192,0.1360776,-0.016554216,0.09586081
0.22354454,0.021876214,-0.028993243,0.0026488204,-0.039585065
0.0727631,0.061998866,0.045370456,-0.17459242,-0.12373636
0.056027487,0.06752902,0.040530123,-0.090771094,-0.07289423
-0.021891564,0.035614718,-0.08968662,-0.047492895,-0.032937642
0.009570118,-0.061367966,-0.09924794,-0.05943488,-0.026375547
-0.057070743,-0.025550388,-0.024356265,0.13135873,0.07080532
-0.010379997,-0.027890993,-0.14328714,-0.1682106,-0.034639023
0.01515493,-0.04584276,0.024430038,-0.09309286,-0.085884266
-0.048948567,-0.033962213,-0.0106603205,-0.028379414,-0.029737446
0.030251306,-0.053470034,0.08233012,-0.07485215,0.008962713
-0.052593466,0.04726705,0.1496324,0.00211496,0.015822358
-0.1554887,-0.1969775,-0.055271007,-0.12575668,-0.01544175
-0.26155087,0.11839217,0.08399675,-0.11786977,-0.21211036
-0.06451325,-0.08770224,-0.0006057311,-0.18321422,0.03965736
-0.037814327,-0.07878274,-0.18335801,-0.18312624,-0.0066460487
-0.18846226,-0.121133804,-0.056837752,-0.079700656,-0.085433275
-0.41558614,-0.20572142,0.032291126,-0.16760337,-0.2581091
-0.14069414,-0.09155158,0.3154977,-0.0035342656,-0.1550477
-0.19282755,-0.08450516,0.06553242,0.07730755,-0.14987558
-0.24294338,-0.0626523,0.078360625,-0.06396098,-0.1194795
-0.17861515,0.04024702,0.13989432,0.05678138,-0.01817987
-0.038710427,-0.113053344,-0.02463086,0.010078402,0.123536855
-0.11163064,0.013619718,-0.094704896,0.033428177,0.07710705
-0.09709748,-0.08067885,0.19271845,-0.03290277,-0.045037933
-0.08439178,0.0075661093,0.07937149,0.044219404,-0.0725078
-0.040944964,0.20052369,0.17885958,-0.13790953,-0.039850622
-0.16038068,-0.15296449,-0.0038561826,-0.030576857,-0.08297343
-0.021052165,0.124691166,0.114581235,-0.05064401,-0.096139275
0.0732354,-0.06713935,0.053652953,0.03211067,-0.002856067
-0.07375065,-0.13274987,-0.0329128,-0.018285828,-0.072262175
0.029707156,-0.031106677,0.030093737,0.03165888,-0.05912905
