0.006179448,-0.04596537,0.048675388,0.02220203,0.036390547
-0.027773766,-0.031076575,-0.020258194,0.0076740016,0.032147635
-0.031888627,0.0012194981,0.0039813067,-0.09022124,-0.082873866
0.005827817,-0.037304286,-0.07248116,-0.029536974,-0.015581055
-0.045165088,0.009613132,-0.014100251,0.0613515,0.051349886
-0.03872712,-0.04423477,-0.09557944,-0.010482103,0.03181338
-0.005372425,0.03816722,-0.032014593,-0.07278147,-0.01351254
-0.10744548,-0.10820287,-0.0461847,-0.07514249,-0.08371428
-0.060151637,-0.11076721,-0.07181183,0.09225312,0.11523394
0.021066574,-0.06278052,0.06000792,0.1364019,0.07152381
-0.034079343,0.0062615206,0.07406971,0.041063435,0.0029683993
-0.029196564,0.012460826,0.06701482,-0.022155257,0.025115523
-0.026294686,0.016235493,-0.075665,0.009234831,-0.014362995
0.021253806,0.0039734496,-0.0076938197,-0.014338076,-0.0659086
0.04342403,0.045649692,-0.023403337,-0.038616393,-0.05178519
0.018285515,0.069018304,0.05041281,-0.0050803795,0.014700397
0.016962625,0.027097957,0.020311488,-0.05156293,-0.029717965
-0.014650914,0.0477667,-0.0768333,-0.05330389,-0.09324837
-0.016425045,-0.04365743,-0.021073401,-0.052757245,-0.04812376
0.011008922,0.040349055,-0.046320744,-0.04236538,-0.039540797
-0.033355083,-0.017413413,0.011378147,-0.056686062,-0.035205208
0.027743418,0.03568122,0.049096078,0.0458693,0.04433996
-0.0016898378,-0.011528031,-0.00038759346,0.031861708,0.03731539
-0.016131356,0.04648482,-0.015294306,0.0240696,0.010262958
3.1007752e-05,-0.018966177,-0.0081215035,-0.04869759,0.012206512
-0.038160626,0.0029996445,-0.040539935,-0.012788632,-0.05109031
-0.056096286,0.007367714,0.00083138904,-0.06694932,-0.062432155
-0.045924943,-0.027712533,-0.029453503,0.006132811,0.009775387
0.010126972,0.043352414,0.09003735,0.041017346,0.071635135
-0.009347023,0.034307893,0.0024552536,-0.016322652,-0.019138854
0.023425955,-0.004583332,-0.010471276,-0.032871164,0.029730648
-0.034562,0.037344117,0.0014598302,-0.046972148,-0.013238559
0.010519983,0.02286191,-0.035652153,-0.039991643,-0.029083965
0.012088816,0.01580058,-0.007172814,0.04854579,-0.01615734
-0.04538554,0.0034439322,0.035434738,0.0726054,0.026441678
-0.012762013,0.030590458,0.002459957,-0.055933278,-0.01649116
0.0064427103,-0.018179886,-0.051760457,-0.06431462,-0.039145336
-0.04231541,-0.04148614,-0.06943567,0.0128836315,-0.018450843
0.012972397,-0.050463427,0.00053950865,0.024323741,-0.035997465
0.027527852,-0.0043780375,-0.03680124,0.06741187,-0.006958667
-0.03640913,-0.00036128864,-0.02384338,0.023138229,-0.040665627
-0.035535432,0.024407405,-0.027199725,-0.010409128,0.0013607331
0.048890118,-0.035979435,-0.068004906,-0.018555844,0.08173759
-0.009899665,-0.04514991,-0.022046484,0.0050260373,0.10398752
-0.073355556,-0.022348126,0.037356246,0.07697837,-0.011659355
-0.01443387,0.018466327,0.03263782,0.035466768,0.011554581
-0.03494994,-0.051119994,-0.019634139,-0.009330867,0.010599162
0.04857849,0.04655142,-0.02623772,-0.043488707,-0.05121966
-0.048847545,-0.030884419,-0.025326498,-0.016655821,-0.014738242
-0.024968239,0.0060640643,0.021136645,0.011439746,0.05748458
-0.011535662,-0.08241339,-0.048907734,-0.031102112,-0.081572615
-0.02239424,-0.07327935,-0.025554027,-0.012518666,-0.035600513
-0.06356361,-0.010028073,-0.06568996,-0.020015633,0.021248965
-0.013397355,0.045727372,0.08455758,0.11138328,0.012690395
0.014443078,0.045365177,0.046451535,0.0034309784,0.048538584
0.028179873,0.012185482,-0.01414025,-0.02732963,0.03981298
0.0005127865,-0.0069238134,-0.00013102895,-0.023519617,0.02113812
0.0104790935,0.00894242,-0.006760243,0.015189255,0.038115684
0.02380917,0.04104581,0.013870194,0.02309106,-0.014473983
-0.031055707,0.023216136,0.0061024763,-0.0016537319,0.006544938
-0.045552842,-0.06987804,-0.035528086,-0.015128814,-0.02014349
-0.044037066,-0.04631524,0.0032130629,-0.06878987,-0.037838344
-0.09556503,-0.06856929,-0.11410625,-0.05293059,-0.07829712
-0.08757715,-0.025373233,0.018723952,0.015811002,0.08823103
0.04956573,0.07058947,0.1547143,0.090628,0.08140716
0.023160294,-0.039426398,0.013004563,-0.027833734,-0.021938115
0.008728496,0.02569113,-0.02333965,0.0041813813,-0.006689061
-0.031594157,-0.0070852605,0.004633317,-0.021122273,-0.022419576
0.036103584,-0.02726294,-0.00462762,0.03374696,-0.017707821
-0.034568608,-0.022756618,-0.034870982,0.03152785,-0.020579545
0.023800248,0.021388747,0.030414764,0.048606288,0.033773586
-0.0143190855,0.005975946,-0.0064905146,0.024069909,-0.07217788
-0.028386306,-0.012296951,-0.054166675,-0.08752699,-0.0014417289
-0.06778314,-0.017280888,-0.00040395945,-0.055569,0.05390946
0.025863165,-0.008175822,-0.011075797,-0.017899634,0.021378055
0.021811126,0.0030563963,0.0124997515,0.073411345,0.03154654
-0.008619423,-0.034014154,-0.06615513,-0.03741051,-0.013036649
0.0011524498,-0.035022203,-0.076290235,-0.02290977,-0.014205973
-0.07109329,-0.11746128,-0.0458025,-0.07710281,-0.015142245
-0.08822615,-0.13643284,-0.08178358,-0.041581802,-0.033523332
0.05524064,0.071163096,0.03790812,0.014514379,-0.0076528774
0.021331422,-0.059590448,-0.074525185,-0.042682335,0.012665063
-0.007035323,-0.06540919,-0.048548277,-0.007963111,-0.020917537
-0.011190597,0.0048901634,0.028082496,0.00053907203,-0.0032352572
0.05314613,-0.012238796,0.010614297,-0.07780704,-0.10012814
-0.04968231,-0.0016140492,-0.043826647,0.012978086,0.00881202
-0.0031472563,-0.04247873,0.011390497,-0.06974825,-0.049499385
-0.021729672,-0.031491548,-0.03259606,-0.066672966,-0.08643971
-0.043707047,0.038990345,0.019755134,0.06194051,0.011619542
0.059714388,0.024704674,0.032818984,0.028692564,0.047544852
-0.00058162387,-0.020993313,0.0190052,0.023099355,-0.06511621
-0.03277688,0.014428873,-0.064929664,-0.06259695,-0.06391806
0.010657235,-0.08169886,0.00061785005,0.0038939915,-0.04126351
-0.047512595,0.034847587,0.1241548,0.059594188,0.026074955
0.0981352,0.094511904,0.07693695,-0.05559481,-0.04921419
-0.06734148,0.00319126,0.027610276,-0.041661255,-0.00930069
0.03791297,0.0001771892,-0.027137935,-0.0786408,-0.044261128
-0.061721645,-0.053423833,-0.07455035,-0.02485753,-0.10412634
-0.03547644,-0.013121389,0.045877397,0.09030799,-0.028450843
0.076910794,0.1447676,0.103588246,0.04694331,-0.03521955
