-0.02831872,0.011553211,-0.0073334426,-0.0048691193,-0.05296613
0.023658417,-0.007897282,-0.04468975,0.0143133085,0.030220876
-0.046132833,0.041616935,0.0004995899,0.10993362,0.090405285
-0.045077287,-0.050993558,-0.06271626,-0.08628613,-0.08139249
-0.05644057,-0.015330114,-0.043405417,-0.051849358,-0.028973643
0.04821427,0.009291002,-0.08252776,0.0264382,0.01837943
0.0030932282,-0.11341324,-0.14092061,-0.110263884,0.09004953
-0.22809093,-0.110551655,-0.10426758,0.20670997,0.27116704
-0.09280604,-0.13818608,-0.09292843,0.10918724,-0.008036218
-0.21811748,-0.17892173,-0.10561436,-0.10607613,0.18873766
0.029731864,-0.04369437,0.034952246,0.12206208,-0.016077776
0.061556995,-0.0930219,-0.09024711,-0.012210095,0.23908201
0.039092813,0.10192714,0.21062669,0.27475712,0.1519052
0.054138165,-0.061931554,0.029871134,0.055929985,-0.13418289
-0.06867051,0.024742557,0.061909817,0.05430346,0.1720367
0.057676587,-0.095835164,-0.08083388,-0.034882843,-0.05393989
0.06287074,0.11593097,0.058420744,-0.0506644,0.07855254
0.022069506,0.03167255,0.09649985,-0.1832242,-0.25437775
-0.028807558,-0.10766568,-0.07331671,-0.09156067,-0.1575117
-0.094093636,-0.054901678,-0.055409953,0.056565437,0.09241121
-0.26157108,-0.09115138,0.09820518,0.045255996,-0.05802479
-0.04677421,0.02092374,0.027096065,0.0007421313,-0.20568305
0.05636694,0.08240009,-0.028414594,-0.066926464,0.04465491
-0.06461797,-0.011502958,-0.009422273,0.0075302026,0.03571907
-0.12136528,-0.11401045,-0.06382967,-0.021187156,-0.081259474
-0.074605525,-0.020170962,0.029872077,-0.0010528571,0.13046864
0.017788602,0.05974243,0.05840649,-0.026991079,-0.01005137
-0.009986795,-0.15376014,-0.105705984,-0.115803435,-0.21133125
-0.09939743,0.0147742005,0.06527134,-0.04212777,-0.14392738
0.16978066,0.17251182,0.029122576,0.06473536,-0.0395095
-0.09293664,0.015821956,-0.068030976,-0.089005955,0.008078337
-0.1278534,-0.05257095,-0.0509601,-0.07959485,-0.13086148
-0.009883632,0.037875984,0.0063678543,-0.043131046,-0.16169263
0.14921209,0.17881928,0.39150012,0.21371925,-0.11372726
-0.06873973,-0.028775975,0.027009405,-0.09764518,-0.20359753
-0.084477805,0.065429546,0.050092097,0.013986926,0.020604162
-0.09001532,0.07819796,0.047097355,-0.018909775,-0.06058983
-0.083889134,-0.15541227,-0.11484577,-0.19324234,-0.2781618
-0.07778664,0.02073543,0.03384986,-0.043739572,-0.037405793
0.12841772,0.09878714,0.06133461,0.010376178,-0.043486815
-0.030534549,-0.15047292,-0.06971873,-0.07833386,0.016918883
-0.015925705,-0.06055836,0.042465683,-0.06179555,-0.087633595
-0.053975675,-0.049935557,0.030502956,-0.14246282,-0.10865992
-0.049490903,-0.17973149,-0.14424357,-0.22390364,-0.1978325
-0.14296915,-0.23224214,-0.29744846,-0.24576366,-0.21047294
-0.009548422,-0.013103687,-0.050808877,-0.1145178,0.026828386
0.03239948,-0.07460422,-0.07018629,-0.10539919,-0.23174767
0.083812445,-0.13050313,-0.16537139,-0.025047425,0.09656577
0.07985598,0.12703459,0.32201955,0.26960745,-0.10361339
-0.1699757,-0.22861867,-0.20099998,-0.34214044,-0.33052588
-0.11856097,-0.09644546,0.055390224,0.053403787,0.007661287
-0.09175732,-0.0056333095,-0.08001198,0.040539663,0.20112918
-0.101132125,-0.06373556,-0.19033448,-0.01007344,-0.13017571
-0.19091529,-0.19181892,-0.19250448,-0.163559,0.09223393
-0.12078596,-0.085923254,-0.120463,0.10444382,0.08742444
-0.04556677,-0.095838204,-0.09253527,0.112516604,0.10232283
-0.028695172,-0.013206897,0.10238611,0.048832312,-0.17694618
-0.033280145,0.030565117,0.052438036,-0.13883206,-0.07904695
-0.030958915,-0.13087676,-0.13376121,-0.07421578,-0.013583363
-0.14072262,-0.12732176,-0.030128011,-0.013351928,-0.098726675
-0.05894113,-0.1155369,-0.025900327,0.0030935253,-0.001766889
-0.056803495,0.0873669,0.079257816,0.14413351,0.048204243
-0.14028522,0.03937159,0.0035181527,-0.108715355,-0.09977575
-0.15288948,-0.19300604,-0.14205252,0.019485755,0.07927709
-0.077783205,-0.021471428,0.094486475,0.010039342,-0.019390242
-0.027688406,-0.115253136,-0.25622082,0.07363933,0.085305125
-0.15171927,-0.120797075,0.08997595,0.08219642,-0.03976876
-0.18383788,-0.06743711,0.005219082,-0.062644035,-0.1145977
-0.1696046,-0.20208475,-0.24562371,-0.22243036,-0.11556912
-0.14135969,-0.19781317,-0.12720032,-0.0139688905,0.14292681
0.014681161,0.030407663,-0.0019080993,-0.070974864,0.08409255
-0.08996236,-0.12750036,-0.0033548798,0.10204796,0.07427635
-0.009152636,-0.102938764,-0.07298238,-0.022732524,-0.038295485
0.08684972,0.04632298,0.11958505,0.1639325,0.0863274
0.091103524,0.045011777,0.09719226,0.14932214,0.12189637
-0.015623779,-0.009747546,-0.059485983,0.04720124,0.06982632
-0.03832297,-0.057905212,0.031819403,-0.0030971747,-0.11218685
-0.079824135,-0.090167366,0.03541547,-0.11014113,-0.14329292
-0.069865726,-0.0685811,-0.07376157,0.02190096,0.06980039
-0.029292958,-0.036265172,-0.018997056,0.0046396265,0.007570404
-0.020504382,-0.09190126,0.0058782212,-0.013593439,-0.12946674
0.08538987,0.12506504,-0.11122325,0.023403045,0.091293626
0.12206585,0.17610393,0.18617195,-0.0273086,-0.22030728
0.13606493,-0.028104592,0.05837552,-0.025437424,0.012673094
-0.08656227,-0.0024934155,-0.18047695,-0.0910407,-0.054077834
0.06934852,-0.03053781,-0.030303294,-0.10651121,0.06337762
0.119798824,-0.018359462,0.1664241,-0.032575097,-0.1084034
0.22645274,0.15436587,0.12127562,-0.015433164,-0.30908245
0.040651754,-0.011731949,-0.12190919,-0.26646325,-0.32973972
-0.04489042,0.019182371,-0.0727277,-0.005984806,0.010401212
-0.0111007355,-0.116253756,-0.039677773,-0.036553618,-0.05560161
-0.017884096,-0.07615449,-0.031126278,-0.17641194,-0.16602272
-0.026968047,-0.12134837,-0.075872034,-0.09827488,0.07029542
-0.016885377,-0.11508286,-0.10070549,-0.05028981,-0.1078409
-0.13263926,-0.040997677,-0.13899495,-0.1193357,-0.0869197
-0.017168501,0.044570427,-0.10645599,-0.022816872,0.10858894
-0.006786592,0.017866908,-0.015664348,0.073764585,-0.057011534
-0.040562633,-0.05872352,-0.04479302,0.0037810593,0.1255592
-0.0796954,-0.032764543,-0.16273415,0.008464767,0.10754
-0.0694016,-0.056294855,-0.008390891,-0.037305385,-0.040753026
