-0.115698844,-0.18472749,-0.09305777,-0.18437448,-0.00021897352
-0.17154345,-0.07804561,0.0061454675,-0.056234725,-0.06370895
-0.012702009,-0.07115141,-0.06177465,0.0103943935,-0.11085182
-0.05585642,-0.14609514,-0.02815199,-0.057388414,-0.116114885
-0.16712211,0.096812606,0.11913251,0.004745148,-0.09663312
-0.0073622195,-0.036520638,0.012821959,-0.15296426,0.00016422487
-0.0900674,0.025456848,0.35543093,0.12675902,-0.05937322
0.008555284,-0.04259833,0.11375676,0.03222681,-0.099592775
0.1564165,-0.14680776,-0.15458553,-0.13500506,-0.035699762
0.04974815,-0.10977869,-0.050020456,-0.002515474,-0.061458845
0.06327956,0.03675839,0.058212873,-0.15354283,-0.10898103
0.02267541,-0.07381886,-0.13570644,-0.063719414,0.051496036
-0.03448228,-0.06069785,-0.03436265,0.013032849,0.034715593
-0.12369724,0.02907642,0.19861831,-0.0059068794,-0.09848227
-0.06216392,0.13605261,0.1444993,-0.064171225,-0.025585223
-0.013329395,0.10939617,0.013421554,-0.084576696,-0.056233454
0.07008049,0.08089408,-0.1324412,-0.08190039,-0.03562733
0.072665825,-0.12177762,-0.015998049,-0.026657378,-0.0034123086
-0.062143177,-0.066639476,0.18954778,-0.026218686,-0.051781546
-0.108452745,0.033056237,0.12752876,0.035514735,-0.033127304
-0.023389801,0.014263688,0.02584959,0.030149916,0.011211669
-0.044647094,-0.02686193,-0.006979621,0.02317925,-0.014925857
0.041719563,0.058890916,-0.01049838,0.02028139,-0.030053137
0.04032565,0.0066428403,-0.096267425,-0.04933679,-0.002766362
-0.04192806,-0.09770911,-0.1068877,-0.06987187,0.0029009995
-0.0445914,-0.014612507,-0.0065918383,0.09069878,-0.0496624
-0.03129616,-0.050609864,0.054251734,-0.053486682,-0.050419368
-0.0046868594,-0.052974302,0.03930445,-0.1454934,-0.030768875
-0.035231274,0.13377921,0.117952496,-0.14617875,-0.002687672
-0.016548231,-0.09132174,-0.007087873,-0.0636051,-0.052963138
0.013880416,0.05033826,0.036112893,0.010086143,-0.015511868
0.024570623,0.031729832,0.12059657,0.051511068,-0.014907135
-0.006744153,0.019923499,0.1318461,0.011309735,-0.057133883
-0.005834673,0.028767113,0.041094027,-0.038272936,-0.0117069855
-0.038062897,-0.02075869,-0.06697116,0.01228722,-0.0069217733
-0.0269373,0.00192872,0.044454694,-0.07771236,-0.004619407
0.013161559,-0.007906687,0.06756421,0.003975205,-0.056580797
-0.07834235,-0.015166913,0.018817063,0.02636625,-0.04722388
0.040412907,-0.10047062,-0.07245452,0.021214763,-0.031360418
0.045425586,-0.03498857,0.13470668,-0.02345991,-0.043953095
-0.1644362,-0.007112942,0.12682618,0.11136584,-0.002077141
0.008344686,-0.03601191,0.06973309,0.13822284,0.009742174
0.06588178,0.029597694,0.029526493,-0.024090778,-0.11403692
0.015107012,0.09512301,-0.0009480848,-0.10851757,-0.12871626
-0.016990384,-0.037033737,-0.07086644,-0.084729165,0.054520067
-0.12615834,-0.07436161,-0.030718155,0.08272626,0.13404848
-0.15909259,-0.082392454,-0.08230597,-0.025907723,-0.037406307
-0.06303347,0.027230576,-0.11676539,-0.20174763,-0.08271791
0.0151395975,-0.13296705,-0.2286447,-0.15631576,-0.13521089
-0.06519292,0.0140761575,-0.06138511,-0.055334646,0.009632876
-0.08533761,-0.0018939957,0.038644943,0.019268136,-0.07107981
-0.104677215,-0.06852181,0.10628615,0.07241674,0.00083542225
-0.016810277,-0.018825237,-0.11016468,-0.05753215,-0.0392841
0.0059466315,0.074985124,-0.08426679,-0.15616313,-0.07455118
0.001778454,0.05178502,-0.07145454,-0.109824836,-0.059229024
0.0038373724,-0.03518851,-0.011049093,-0.032713912,-0.033858422
0.0137251085,0.021924766,0.0059546246,0.031022854,-0.010717614
0.005773677,0.033047974,0.037019137,0.012804799,-0.038181886
0.01077644,0.032200433,0.01529466,-0.04403574,-0.014614564
-0.023166468,-0.040265042,-0.037614103,0.02897183,-0.028607825
-0.13192666,-0.101661734,0.035564788,-0.05321084,-0.12001973
-0.11635857,-0.036600564,0.2139255,0.34481606,0.03364832
0.0038877877,-0.086433254,-0.027877413,-0.020895533,-0.13220397
0.060792867,0.07822442,-0.20038855,-0.123405844,-0.08328974
0.09514101,0.056493487,-0.14553638,-6.101376e-05,-0.03688128
-0.021356607,0.020805918,-0.02547992,0.025165524,0.022606563
0.040096335,-0.01673196,-0.039671805,0.028944975,-0.010527887
-0.017508276,-0.02118085,0.041594695,-0.034790076,0.0096965665
0.008877299,-0.017423833,0.025439542,0.025874514,0.030072091
0.012049817,0.01188333,0.012650028,-0.014257306,-0.035698883
0.017497662,-0.022288324,0.045187794,-0.00040845256,-0.08515401
-0.025875632,0.06355172,0.02622369,0.04817892,-0.013528526
-0.068870366,-0.015310999,-0.10522882,0.025065036,-0.021928627
-0.010830352,-0.082487926,-0.035963345,0.11094715,-0.030651476
-0.073208794,-0.042295296,0.08246261,-0.0025665553,0.0138020525
-0.052642252,-0.065661594,-0.08961089,-0.027701898,-0.0017774208
-0.0028405217,0.027399633,0.2520985,-0.054804105,0.01309291
-0.072315365,-0.008418908,0.29201376,-0.056907464,-0.12587409
-0.0018959655,-0.1702205,0.051522404,-0.095989384,-0.1056255
-0.015604403,-0.027466768,0.034916703,-0.06914795,-0.011715735
0.15118888,0.0830447,-0.022055142,-0.12682989,-0.07512325
0.09656531,-0.0474234,0.036304668,-0.13518701,-0.059609
-0.102063306,0.021244207,0.075418465,-0.09737283,0.03156708
-0.1876723,0.13821155,0.09353703,-0.046039555,-0.055029348
-0.11643178,0.09584664,-0.013521305,-0.040360704,-0.029166095
-0.0022128706,0.0051186318,-0.011018709,0.01717007,-0.008833496
-0.023023456,-0.012668825,0.08108549,0.050610136,-0.02036189
0.038901933,-0.09346543,-0.014465576,-0.053306896,-0.018793052
0.008565229,0.11342009,0.045403656,-0.067585066,-0.01857511
0.039517038,0.02741926,0.014142423,-0.041373264,0.013482788
0.0560215,0.14111069,-0.014912174,-0.062064983,-0.047009703
0.0009125538,-0.024838645,0.008501003,-0.13209209,-0.10338452
0.0062873843,-0.17599533,-0.017242558,-0.19024238,-0.02803668
-0.063069135,0.0854882,0.15775351,-0.1096568,0.033256058
-0.036845494,0.00973024,0.045595963,-0.052913822,0.0073711746
0.017084474,0.024806552,-0.060331173,-0.0626952,-0.056235775
0.00015185475,0.048228625,-0.02821326,0.020648632,0.005551528
0.04359861,-0.15181881,-0.01249866,-0.185925,-0.14378598
-0.04234624,0.21689945,0.23070022,-0.1749965,0.028421365
0.12960894,0.23167081,0.06067211,0.031164706,-0.07069461
