-0.03832782,-0.08482835,-0.0031715427,-0.06296896,-0.059617862
-0.034230493,-0.06876943,-0.07658393,-0.021564646,0.017165547
-0.009590467,-0.048474234,-0.030579843,-0.039311953,0.100665756
-0.034584932,-0.032697562,-0.019363204,0.08833102,0.049518567
-0.010222299,0.041427583,-0.010480669,0.03354958,0.07447721
0.024166813,-0.037054684,0.04967987,-0.09146054,0.027780263
-0.13087687,-0.047500677,-0.089029014,-0.116421506,-0.092044555
0.01990058,0.042635653,-0.07207703,-0.20896621,-0.07065555
-0.083066806,-0.07802613,-0.03815956,-0.078953,-0.04919043
-0.0011293654,0.10954509,0.29471338,0.18107376,-0.08207252
-0.06673953,-0.04558178,0.031679668,-0.035496186,0.047433633
0.019431313,0.10928783,0.12454721,0.03680571,-0.06151719
-0.02227388,0.0017885267,0.1491054,0.041456547,0.15213369
-0.040522464,0.02443247,-0.026422976,-0.039429937,-0.01933634
0.0067750225,0.00369869,-0.022429122,-0.038945623,0.022189856
-0.050880615,-0.113422535,-0.06866575,-0.11250743,0.02247766
0.059614275,0.071439505,0.0564026,-0.0043783304,0.110288
-0.017697765,-0.0093352515,0.029343063,0.22681029,0.14916873
-0.060747005,0.0013408852,0.039117355,-0.07787807,-0.043216277
-0.06413538,-0.086833276,-0.03050937,-0.0107511105,0.040917277
-0.07393144,-0.010044331,-0.0595054,-0.029624078,-0.051308174
-0.02437391,0.0118943015,-0.024418244,-0.12727423,-0.11487315
-0.14753802,-0.017867366,0.07365369,-0.14126338,-0.1704518
-0.0644058,-0.011430109,0.10813844,0.09132784,-0.053083085
-0.09883779,-0.09372131,-0.038010903,-0.042149983,-0.04169621
-0.03142273,0.009629175,-0.0070703067,-0.123627625,-0.061770692
0.016132174,0.0956937,0.1116984,0.11191149,0.06355373
-0.054282706,-0.10050944,-0.11516615,0.037750583,0.055939656
-0.057909764,-0.003978264,-0.08758817,-0.06931325,-0.060491946
-0.05219143,0.016166233,-0.05846218,-0.0073209857,-0.06886673
0.023443846,0.052918438,0.11662482,0.12620048,0.034779508
-0.040831476,-0.07415755,-0.052642714,-0.078558,-0.08073497
-0.036307774,0.07567048,0.09514512,0.0059331832,-0.0986886
-0.02961953,-0.009801583,-0.0027350418,-0.070691004,-0.078274004
0.010975679,-0.038079426,-0.17378056,-0.14524172,-0.11927586
-0.008423863,0.15178579,0.11149615,-0.06573138,-0.05970189
0.07953435,0.025012854,0.14990585,0.0929703,0.072926596
-0.008136553,-0.09498564,-0.18942542,-0.13862044,-0.034980733
-0.039173577,0.07196879,-0.08373879,-0.056080427,-0.08666517
0.017453367,-0.038798753,-0.001631373,-0.006140162,-0.035308357
0.047775276,-0.05561786,-0.11047389,-0.14089528,-0.035433076
0.03740897,-0.100193135,-0.046485674,-0.08922363,0.06613344
-0.057001784,-0.050281923,0.006733404,-0.042651907,0.032368664
-0.0060399715,-0.07252832,-0.021618063,-0.01102379,-0.07521428
-0.10988662,-0.06034322,-0.04885974,-0.031799458,-0.04314163
-0.16605824,-0.019592546,0.10108231,0.07944395,0.029212063
-0.12133238,-0.16343573,-0.19170325,-0.113594875,-0.12864628
-0.12234039,0.04233299,0.068626985,-0.07242177,-0.12127131
-0.15141505,-0.12031919,-0.22209044,-0.18397804,-0.090386994
-0.10797894,-0.041818246,-0.06737343,-0.06881198,-0.02508628
-0.09523043,0.041017104,-0.051083867,0.002279488,-0.026798857
0.06681188,-0.04362363,-0.12084624,-0.07728566,0.024474991
-0.012826233,-0.12620795,-0.10619075,-0.079676695,0.008779657
-0.030829277,-0.024764372,0.20729277,-0.0014711353,-0.03312865
0.06805082,0.027589636,-0.038695972,0.023082316,0.0362549
0.009662308,-0.01282699,-0.038244106,-0.06428085,0.01160554
-0.002402649,-0.03328302,-0.04838802,0.13413312,0.080172
-0.04504734,-0.03934208,0.07215992,0.030737005,-0.0026248412
0.05607918,0.10152738,-0.005743226,-0.044375062,0.11563873
-0.06830687,-0.075437546,-0.07096782,-0.034760375,0.014764098
-0.079956256,0.06356723,-0.009023428,-0.024358306,-0.09516432
0.08683677,0.052594684,0.02346041,-0.088539176,-0.022628471
-0.062073395,-0.005735766,0.07841711,0.06041532,-0.068664946
0.0087234555,0.0480439,0.07858135,-0.016666392,-0.03147638
-0.006558401,0.020887583,-0.1212583,-0.09101216,0.03766317
-0.07750612,-0.036909547,0.016307646,-0.08386409,0.021813005
-0.08079909,-0.0017908012,-0.052098017,-0.02428066,-0.017989082
-0.011689948,-0.052403674,-0.021236455,-0.0082979705,0.009193891
-0.032509085,-0.02667941,-0.014714561,0.0033629127,0.10062531
-0.04521346,-0.010698804,-0.0066183717,0.12267338,0.06173814
-0.03293662,0.05096283,0.10632099,0.07615003,0.030717378
-0.03788036,0.021591062,0.08441981,0.08887528,0.21181211
-0.038145237,-0.06256908,-0.06528825,-0.07804436,-0.08407133
-0.016783759,0.13851598,0.09768387,0.057135753,-0.093911186
-0.015441104,-0.027386181,-0.07172798,-0.045961116,-0.04942785
0.01755937,-0.043509457,-0.046343733,-0.100839764,0.042977735
0.045174822,-0.05535291,-0.037429217,-0.01667781,0.084259726
-0.044337668,-0.016174156,-0.035615124,0.06671075,-0.0145965135
0.02924387,0.035053555,-0.047935456,-0.042090587,-0.01847607
-0.020362142,-0.012699858,-0.056550644,-0.006026209,-0.0029928188
-0.054804523,-0.08528959,-0.019494157,-0.036830224,0.1285656
-0.058453176,-0.0047300695,0.17514603,0.06973835,0.043388207
-0.07787223,0.062510975,0.30972183,0.32576382,0.094880365
-0.027015693,-0.050477687,-0.056498222,-0.1586512,0.03473315
-0.04007509,-0.07689673,0.011893523,0.00037917777,0.033110462
0.04015099,0.001761522,-0.10126197,-0.18423398,-0.021131597
0.07266804,0.038567662,0.1584127,0.2898901,0.1432962
-0.1088375,-0.1004349,-0.040928096,0.07206467,0.24671799
-0.13228272,-0.095658444,-0.018877814,-0.08080468,-0.13280065
-0.087729104,-0.1181659,-0.14477126,0.06521308,-0.0008163605
0.044707056,-0.06951842,-0.09398686,-0.08410122,-0.019624831
-0.10102226,-0.09868226,-0.059072174,-0.12364518,-0.071791366
-0.087970756,-0.025243908,-0.038165707,-0.1354323,-0.02479062
-0.056085125,-0.05777668,-0.0978482,0.0031601943,0.09039079
-0.010544934,-0.06945969,0.02137771,0.028583433,-0.01895535
-0.0057371045,-0.036119122,-0.01869218,-0.016910985,-0.0143069085
-0.017560042,-0.0077745877,0.052657016,0.06005602,0.0033160788
0.008598021,-0.0394785,-0.0022926119,0.08314793,-0.08520382
-0.055730306,0.008892055,-0.009044754,-0.015934795,-0.04409235
-0.061426338,-0.03802939,0.041035328,0.03023451,0.005655724
