0.011952393,0.015929483,0.010552323,0.05766507,-0.08960146
0.027569678,-0.030387487,-0.07602452,-0.020610316,-0.007766215
-0.036161084,-0.029049462,-0.068781,-0.023927743,-0.011391536
-0.012363571,-0.038916636,-0.028597131,-0.031761877,0.06583327
-0.014380859,-0.027046707,0.06918128,0.041893434,0.03800612
-0.0933006,-0.079639636,-0.08944334,-0.088555805,-0.13198477
0.033332724,-0.028852595,-0.052171398,-0.07844362,-0.17485838
-0.13176376,-0.19804458,-0.037003122,-0.21184054,-0.343179
-0.22727709,-0.05268688,-0.13332008,-0.2551148,-0.15090333
-0.0009744015,0.16354693,0.024841411,-0.04719229,-0.257428
-0.096361846,-0.071101844,-0.06703412,-0.0879246,-0.06508649
-0.07357601,-0.050911155,-0.08945671,-0.10908649,-0.08749723
-0.009013612,-0.07877006,-0.036154363,-0.10040021,-0.033631817
-0.018349946,-0.0075948853,-0.094415314,-0.03747524,0.06700598
0.006167933,-0.020768609,-0.010480273,0.057363465,-0.062101312
-0.07021963,-0.08774976,-0.11464266,-0.1059382,-0.14820223
0.03590946,0.08034819,0.01698483,-0.07140022,-0.08788758
0.087733865,0.029443908,0.023291852,0.0069495896,0.0027635626
-0.01681854,0.0026324152,-0.03967295,0.03444823,-0.07570606
-0.020302605,-0.03773241,-0.0002474629,0.1418867,-0.042144887
-0.13465229,-0.15073295,-0.0564841,0.005077598,-0.07262315
-0.19975942,-0.10973742,-0.08972483,-0.002914385,-0.020638157
0.05246468,0.07608165,-0.06312402,0.040638402,0.07667403
0.1802815,0.08065526,0.015072877,0.066890545,0.30468893
0.1270484,0.089734316,-0.14921193,-0.028149407,0.26616475
-0.024385182,-0.01780202,-0.0024514007,-0.10098343,-0.075486794
-0.009619912,0.0690441,-0.012185187,-0.120988466,0.067533836
-0.025407698,-0.039365523,-0.01721817,-0.0587975,0.061650787
0.0058065658,0.047887426,0.055119656,-0.10373974,0.11636715
0.0042525283,-0.038513996,-0.07454244,0.024302904,0.17535482
-0.029978849,0.073971346,0.03593543,0.15680687,0.016643398
-0.06743411,0.02675331,-0.03202101,0.04222059,-0.0056741326
-0.09405907,-0.008916774,0.011268007,0.03179012,0.06834496
0.05772545,-0.08742469,-0.043453805,0.012321915,-0.030199246
0.10458056,-0.08599192,-0.16787146,0.025072636,-0.026978424
-0.068614334,0.067899436,0.01789359,-0.1746064,-0.047036882
-0.07251326,0.07214267,-0.009809077,-0.16031885,0.094860084
-0.11239623,-0.041108042,-0.049488273,-0.06313831,0.12669213
0.015346188,-0.054385662,-0.006660883,-0.07601459,0.060494713
0.08066315,-0.011873531,-0.022899462,0.1391771,0.23622486
0.065846406,0.009913905,-0.051032156,-0.04534792,-0.044654552
0.036642626,0.013547494,-0.09379338,-0.099907085,-0.07744115
0.0089023085,0.0076800175,0.09755971,0.040991046,-0.1110126
-0.11213893,0.11245616,0.1766169,0.042799454,-0.042734273
-0.20205428,0.07772148,0.048272066,0.060744468,-0.14362212
-0.10893829,-0.05505475,-0.06353636,0.013015643,-0.05661959
-0.10503636,-0.09500128,-0.0966665,-0.11643175,-0.21431303
0.09317554,-0.15821883,-0.08456176,-0.18856505,-0.18069765
-0.022009326,-0.21127532,-0.15156204,-0.11840891,-0.24666312
0.005714741,-0.0473137,0.07418669,-0.09528725,-0.11622107
0.08856334,0.03498907,-0.023833625,-0.06950546,-0.09671329
-0.057058603,-0.051532865,-0.029403526,-0.05561923,-0.07125323
-0.16728468,0.09377679,-0.23770432,-0.13994925,-0.014099946
-0.04573011,0.0038350143,-0.17133887,-0.050936863,0.028796254
-0.04229176,-0.107378185,-0.08060538,-0.21394658,0.14780387
0.022802792,-0.03924506,-0.08091721,-0.011316428,0.0073505696
0.07670191,0.0036521296,0.022299735,-0.011676946,-0.08156896
0.17188342,-0.0014315067,0.08710221,-0.020568846,0.042090062
-0.07239337,0.04242101,0.017564386,-0.020194761,-0.119923584
-0.06492811,0.112356834,0.043940067,0.00795791,0.009104225
-0.042816922,-0.08923162,-0.08187173,-0.1211291,-0.059283547
-0.0029797214,0.028956322,-0.07501774,-0.17871924,-0.025700225
-0.0059558023,-0.10346428,-0.05851544,-0.113115646,0.042091273
0.081262544,0.11678144,-0.09307746,-0.08960674,0.087574445
-0.00082455436,0.103611626,0.029657545,-0.08572265,0.04776592
0.06926277,-0.09058461,-0.18363367,-0.01166088,-0.01241641
0.052247968,-0.14472038,-0.017496802,-0.009121448,-0.09218452
0.029604383,-0.1212426,0.028150506,-0.051618863,-0.08443978
-0.078063995,0.050765738,-0.022714313,-0.006940746,-0.01867955
-0.07808452,0.049267,0.06366031,-0.06953805,-0.020076182
-0.04017172,0.049894568,0.014106321,-0.08353307,-0.087057404
-0.12461856,-0.07059836,-0.02634963,-0.044977468,-0.026672976
-0.17359619,-0.17192324,-0.013190399,-0.06936861,0.005931366
0.03970364,-0.036940277,-0.03234417,-0.10816169,-0.07624775
0.059214946,0.050044317,0.04882052,0.031090476,0.014977869
-0.020473866,0.0030103822,-0.05271679,-0.079607144,-0.05569033
0.036554515,-0.004335635,-0.0028533565,-0.115581036,0.011713055
0.09846994,-0.08808232,0.022117652,0.030592183,-0.04638191
-0.060489625,-0.0243941,-0.004381487,-0.022452967,-0.06965273
0.043139353,0.038319062,0.05980375,0.07256589,-0.028254459
-0.11784558,-0.12769492,-0.10937801,-0.04807549,-0.05717761
-0.12801504,0.12613514,0.05929884,-0.0167633,-0.098076075
-0.030061148,0.061798315,0.050872933,-0.07207737,-0.08244839
-0.020786129,0.08283366,0.013650723,-0.04978735,-0.034890875
-0.0015788426,0.14822933,-0.08848302,0.0046488643,-0.067445785
0.027462687,0.062765695,-0.116302654,-0.20896657,-0.22659
-0.04529446,0.12605138,0.16633996,0.014360436,-0.29775557
-0.15430565,0.014394352,0.25659126,0.21849301,-0.10600982
-0.11009337,-0.07312015,0.12981786,0.08008376,0.064122826
0.031814884,-0.032682393,0.029105965,0.15059645,0.12753892
-0.017196493,0.07255079,0.036692396,-0.076900534,-0.0009917222
-0.06834988,-0.011398701,-0.097101845,-0.022100374,0.031730626
-0.10501659,-0.064188704,0.05671261,-0.044597484,-0.10765195
-0.09333836,-0.065970495,0.01429479,-0.04300931,-0.099302016
-0.08684255,0.095466286,0.05489824,0.037765265,-0.14281471
-0.051156837,-0.0004659693,-0.03714854,-0.10129181,-0.050484397
0.0023276096,0.0447746,-0.008283443,0.017970886,-0.11229632
-0.0020858725,-0.074681245,0.039925884,-0.0060889265,-0.13991496
-0.071888626,-0.14409348,0.0022974228,-0.122807644,0.008944844
-0.036113452,-0.053648625,0.026648693,-0.012950752,-0.05023572
