-0.03464416,-0.091264986,-0.089006886,0.052172363,-0.007569552
-0.060818132,-0.03693155,-0.11598994,-0.045057114,0.054263085
-0.02229319,-0.06523187,-0.096240915,0.12304078,0.077283815
0.025950091,-0.02610195,0.05433547,0.16170709,-0.07348392
0.0032319045,0.09928152,0.032557998,-0.07754386,0.0062928232
-0.114581116,-0.20639333,-0.096290305,0.21002027,0.076705575
-0.09978776,-0.25851348,0.0021197987,0.26264593,-0.10718985
-0.26306683,-0.18140171,-0.12808827,0.01785233,0.08091207
-0.2568504,-0.041313197,0.21294327,0.20811194,-0.036024164
0.06056921,0.110473774,-0.09819407,-0.057653017,0.059350714
-0.04478222,-0.0690987,-0.14622295,-0.06864182,-0.04291315
-0.058820534,-0.11929246,-0.1133729,0.05517716,0.025478961
-0.032273646,-0.15470888,-0.048813485,0.012812127,0.0374172
-0.08270352,-0.10249442,0.16917442,0.07070285,-0.115061104
0.053062752,0.0017714836,-0.06412345,-0.0433887,-0.0055402284
-0.0871504,-0.055095263,0.0007606128,-0.042721976,-0.006011454
-0.009358644,-0.13529071,-0.12386432,-0.06795626,0.1260646
0.029503493,-0.19620897,-0.09508417,-0.011195282,0.11390579
-0.057205904,-0.116189815,-0.04709843,0.06910458,0.004713812
-0.08854633,0.025211979,0.07526568,0.02305714,0.015845414
-0.08694759,0.22894861,0.0045772134,-0.1543693,0.021192882
-0.16169758,0.17892087,-0.2120224,-0.07240666,0.063372836
-0.0527443,0.06435047,-0.23534864,0.07010875,0.048255477
-0.04700167,-0.03089047,-0.24671528,-0.043627158,-0.08199062
-0.038257852,0.0354287,-0.15254502,-0.06802984,-0.18725297
-0.16198358,0.10208225,0.08957044,-0.0200961,-0.09153214
0.042438325,0.08111854,0.019444475,-0.15491496,-0.09147206
0.1255087,-0.026774196,-0.18386391,-0.08698518,-0.07494492
0.118276455,-0.15657397,-0.080388,0.11340439,-0.08621853
-0.119880915,-0.11204172,-0.031399827,-0.012391234,-0.0798826
-0.0088921115,0.055614997,-0.08610669,-0.18259785,-0.06331914
-0.0091834655,-0.11824271,-0.1895666,-0.27193204,-0.06350167
-0.10455155,-0.26212117,-0.20042078,-0.095551044,0.035890117
-0.1043308,-0.21908209,-0.19852598,-0.0661755,0.11396585
-0.15914054,-0.09244032,-0.008210421,0.016427249,-0.0021520033
-0.14583303,0.16390096,0.13703164,0.049870256,-0.11025252
0.106579326,0.055392515,-0.032537453,-0.1701702,-0.124634
0.10719694,-0.1270105,-0.14235969,-0.108791076,-0.07977664
-0.04708818,-0.2195816,-0.053517856,0.07460018,-0.01922764
-0.18086654,-0.09103973,0.022774585,-0.015784167,-0.14506538
0.054163367,-0.025964413,-0.0010613496,0.032064803,0.02364549
-0.012426554,-0.080239244,0.09299727,0.022796335,0.0017145883
-0.12587708,-0.075899094,0.15242966,-0.040557913,0.06963727
-0.078078136,-0.06777459,0.08855315,-0.13967906,0.020819476
0.01188077,0.13352953,0.032584373,-0.13666423,0.015005488
-0.13576359,-0.16056453,-0.20692165,-0.09776072,0.06197869
-0.07692079,-0.3593771,-0.2992372,0.08679639,0.22510993
-0.26538485,-0.37899137,-0.4068309,0.0047436543,0.25598893
-0.33654898,-0.21077362,-0.068556435,-0.009366094,0.06761769
-0.13566291,0.020368822,0.13398859,0.13717104,-0.11696398
-0.12760885,0.016366517,0.19567253,-8.411766e-05,-0.017600363
-0.021338101,0.105123185,0.065976806,0.09549537,0.07257505
0.02051092,0.23950471,-0.041490078,0.22231053,0.101766765
0.017027907,0.060776677,-0.019431807,0.008961521,-0.06380377
-0.14327134,-0.058514845,-0.1089699,-0.02053252,-0.054507826
-0.06303322,-0.077064246,-0.0036303813,-0.015395845,0.19575709
-0.11249997,-0.15278885,0.06993594,-0.019064248,0.12456208
0.00548621,0.09795291,0.017386891,-0.024128178,-0.032454938
0.13733427,0.07664354,-0.03994914,-0.010111313,-0.056079593
0.118096724,0.09354646,0.10021013,-0.12894762,-0.13661267
-0.15589988,-0.0375532,0.031233052,0.02325753,0.036682673
-0.1332448,0.024954043,-0.01327913,-0.024339443,0.108660154
-0.047484588,-0.07477403,-0.096770585,-0.03246479,0.0940484
-0.06178103,-0.033036303,-0.022528438,-0.15381466,0.0052922894
-0.11317854,0.031653397,-0.015959742,-0.0025204937,-0.12305947
-0.04046845,-0.08409914,0.21288867,0.035019774,-0.027491858
-0.08201187,-0.03359984,0.4051071,0.06947861,-0.04122727
-0.022359712,0.048979912,0.16284183,-0.020820634,-0.047326773
0.072460525,0.22715092,-0.05455043,-0.12250327,-0.112705596
0.03514647,-0.0006296551,-0.16126694,-0.18500115,-0.0948192
-0.0805305,-0.00758528,-0.006754103,0.030807305,-0.15154067
0.069728546,-0.0061673536,-0.028011832,-0.050069645,-0.11051748
0.09661615,-0.09996221,-0.02348888,-0.028878864,-0.03386771
0.08186497,-0.07749391,-0.07319852,0.0016758401,0.06678409
-0.13445164,-0.13725989,-0.032317206,-0.09141367,-0.07699496
-0.010702848,-0.0026646224,-0.024379324,-0.047064275,0.057839517
0.06791741,-0.043820236,-0.14593932,-0.03184128,0.078605115
-0.01672042,-0.15086417,0.09255176,-0.014680958,-0.0066359616
-0.07706439,-0.09565385,-0.09766057,0.045472626,-0.06589128
-0.080527455,0.09691536,0.029270453,-0.031060984,-0.06981493
0.01155335,-0.07072033,-0.16554946,-0.21357907,0.034658637
-0.08946062,-0.22363713,-0.18750763,-0.15799907,0.11884456
-0.09698223,-0.24392153,-0.14478752,-0.116547436,0.10026247
-0.026123513,-0.0284528,0.05514898,0.024247605,0.060896154
0.07855842,-0.07237899,-0.086199485,0.014186939,0.026847452
0.08151015,-0.16392693,-0.2580299,-0.14351289,-0.024299713
-0.01861019,-0.26566818,-0.27683744,-0.16691224,-0.021165445
-0.017422888,-0.2664621,-0.13506044,0.08193524,0.037655212
0.044171162,-0.17515674,-0.049894467,0.1350056,-0.02095955
-0.0876707,0.03304886,0.11165418,0.04597126,-0.08619235
0.11266914,-0.06800869,-0.041945394,0.052715857,0.045500077
-0.021674396,-0.030625286,0.08507632,0.053699862,-0.06979196
-0.052492276,-0.17944564,0.06033136,-0.055884082,0.08736695
-0.09890576,-0.13388814,-0.029360292,-0.0006454067,0.0668782
-0.08420506,0.1903196,0.13937569,0.022286845,0.03859199
-0.09112038,-0.1039478,-0.0777749,0.0011222094,0.21145128
-0.03978278,-0.12548749,-0.092449114,0.10423897,0.094187446
-0.031575702,-0.048811853,-0.09331695,-0.109524354,-0.01538196
0.048179906,-0.043792978,-0.12049309,0.025546126,0.008808292
0.10211883,0.039888747,-0.026329735,-0.106961995,-0.0013658454
