0.045380313,-0.021430178,-0.007998252,0.013251742,0.005777466
0.066265374,-0.03282962,-0.06331677,-0.052017264,0.050285134
-0.034410436,-0.016803922,-0.07434244,-0.06286218,0.007529792
-0.09009052,-0.05652065,-0.075823866,-0.056051645,-0.026966076
0.033297,-0.020058895,-0.025937794,-0.08732824,0.060066994
0.060554545,-0.15909049,-0.064641625,0.007302822,0.07851258
-0.18540128,-0.2084757,-0.19739366,-0.17695461,0.017339708
-0.11249346,-0.12566759,-0.29734153,-0.28427428,-0.0066902945
-0.00027860483,-0.13754562,-0.18461263,-0.19486652,-0.24168874
-0.013092979,-0.103495575,-0.026882349,0.0062018554,0.046081014
-0.0648748,-0.049625404,-0.16406491,0.03564053,-0.059265874
-0.009946086,-0.10078236,-0.021502111,0.100186534,0.12333598
-0.028366584,-0.048407104,-0.023652205,-0.03529264,0.124904215
0.0810587,0.20157555,0.023558391,-0.011866349,-0.0479248
-0.012097984,0.055007342,0.0028653187,-0.018536216,0.0032695
-0.015941301,-0.057839513,-0.09943238,0.042877574,-0.05408787
-0.029170554,-0.045416173,-0.046141114,-0.007354799,0.015324479
-0.0387145,-0.12525253,-0.025836425,-0.055547033,-0.15180965
0.03796687,-0.029479913,0.01178861,-0.0028381979,-0.021571357
0.047505558,0.13395327,0.062404856,0.12441235,0.05072696
-0.090439774,0.05092171,0.013024243,-0.027562557,0.01724048
-0.10379104,-0.11206909,-0.07664314,0.12534317,0.03485477
-0.14309727,-0.23209725,-0.11196519,-0.033655066,0.17863648
-0.07626145,-0.15475559,-0.11351007,-0.15388517,0.12020815
-0.012347065,-0.06843481,0.06326349,-0.022116385,-0.11369179
-0.1379563,-0.12340691,-0.14348562,0.11166198,0.2565119
-0.09594956,-0.08854103,-0.19303444,-0.13587661,0.022402273
0.13333702,0.0566625,-0.041967634,-0.15532167,-0.295461
0.15058266,0.1618635,0.20035961,0.07985083,-0.030820955
0.005059548,0.016964382,-0.0012350183,0.07800146,0.12603857
-0.054158717,0.09329835,0.08783519,0.041287452,-0.11518445
-0.048886582,0.012013779,-0.009907178,-0.044189177,-0.10141625
-0.016385699,0.076628156,0.053868838,0.20271024,0.3014545
-0.088145085,-0.06662788,-0.08270644,-0.035329424,0.07635992
-0.13848826,0.057017177,0.068413466,-0.10017877,-0.260117
-0.23462501,-0.19750355,-0.09182297,0.16112895,0.23687786
-0.162139,-0.14620337,-0.26440156,-0.17207289,0.033329353
0.23059069,0.18457906,0.015978163,-0.2481683,-0.27408385
0.21633445,0.20638701,0.1470926,0.08168134,-0.076972604
0.06352883,0.058799278,-0.032418646,0.19411696,0.15011106
0.021273572,-0.12349268,-0.08993578,0.04259077,-0.22357282
-0.008238445,-0.21922807,-0.17610916,-0.08514089,-0.13066767
-0.08371425,-0.19081391,-0.19889097,-0.254097,-0.15268885
-0.07057757,-0.0014229636,-0.04896736,-0.15625067,-0.21939002
-0.006005341,0.10743112,-0.0661384,-0.01874149,-0.056393053
0.1457582,0.069969766,0.09388663,0.029549697,-0.085949615
-0.05842973,-0.09379933,-0.10612374,-0.12712754,0.029346187
-0.10001437,-0.15521224,-0.12788741,-0.012352374,0.291935
-0.26821047,-0.1476739,-0.21586634,-0.24482438,-0.2413229
-0.01740526,0.030244064,0.13995455,-0.15597704,-0.22845846
-0.1637233,-0.06120885,0.025169626,-0.031965274,0.07914994
-0.12507007,-0.06926043,-0.15787461,-0.036721356,0.057374217
-0.11597698,-0.12537247,-0.24851398,-0.09991049,-0.09248964
-0.015908483,-0.12993993,-0.20093983,-0.16286474,-0.024175951
-0.09492571,-0.13132183,-0.020136636,-0.07539244,0.12540792
-0.034491777,-0.09907214,0.007990929,-0.038372274,-0.08062049
-0.12457933,-0.11855376,-0.033645466,0.01781924,0.13648601
-0.13651334,-0.12759107,-0.05051198,-0.08222862,0.0015759419
-0.042840134,-0.08647882,-0.10858475,-0.03441351,-0.032306645
0.06452891,0.0812168,-0.038150977,0.04442094,-0.058258574
-0.11814108,-0.09479978,0.02239254,0.14421451,0.03876133
-0.11489157,-0.10904277,-0.14600311,0.02397412,0.054941274
-0.10178457,-0.08383222,-0.1678568,-0.08038201,-0.055441137
-0.059729878,-0.04776116,-0.040452197,-0.082856946,-0.032279775
0.018215908,-0.0036023494,-0.07883202,0.10344684,-7.601076e-05
-0.045616236,-0.17431958,-0.042664777,-0.12664422,-0.12592863
-0.2060913,-0.21914265,-0.08092341,-0.091182254,0.11279846
-0.25198266,-0.16774352,-0.1770209,-0.21881568,-0.10462191
0.01021773,0.02922568,-0.1240428,-0.106668346,-0.08057979
0.06045232,-0.059618752,-0.09342626,-0.012858085,-0.013680319
-0.05908868,-0.10827434,-0.018549586,-0.06785899,0.060114607
-0.07699541,-0.09365611,-0.04096183,-0.124410175,0.05342953
0.09163893,0.048888374,0.087823346,0.04034001,0.025900375
-0.038236033,0.016981842,-0.0037982964,0.08546285,0.16181977
-0.07453469,0.014257409,-0.0033422685,0.0141188875,0.04752094
-0.086747326,-0.040057003,-0.015876109,0.07171666,0.0410603
-0.07284883,-0.069008656,-0.11004432,-0.042618908,-0.019115921
0.044039864,-0.045795877,-0.06352327,-0.07766457,-0.11170441
0.00052906096,-0.03452571,-0.03714905,-0.10361974,-0.0008028169
-0.015430546,0.075580895,0.0047161137,0.09971151,0.008708252
0.028707804,-0.12807982,-0.075298056,-0.025653616,-0.05255587
-0.07436889,-0.021234673,-0.037042238,-0.008521993,0.15842667
-0.10775178,-0.11133895,-0.07520614,0.023500659,0.043980885
-0.05191433,-0.033200342,0.10462463,0.014009886,-0.079899624
0.053343963,-0.0050969333,0.14879616,0.24697627,0.041137915
0.12188765,-0.15697327,-0.13890564,-0.024935678,-0.005670089
0.10781584,-0.16293356,-0.18402235,-0.06636976,-0.10908287
0.10681516,0.002079765,-0.016032422,2.7379969e-05,-0.10035904
0.080790386,0.08678045,0.1666584,0.26021037,0.07980412
0.06814578,0.08356024,0.25427303,0.20664671,0.25396538
0.12828547,-0.032350406,-0.0780567,0.05505058,-0.1552001
0.008422227,-0.14925608,-0.057991043,-0.021269266,-0.15671442
-0.06183902,-0.14666493,-0.17039719,-0.15913258,-0.13553518
-0.06553714,-0.039027233,-0.10060973,-0.16659237,-0.14180446
-0.0336711,-0.00089787366,-0.056481104,0.03304313,-0.094987415
-0.02782128,-0.037679024,-0.056668986,-0.082909055,-0.008688278
-0.020655049,-0.09469012,-0.0905223,-0.06470035,0.026255876
-0.09093632,-0.07028991,-0.10852256,-0.09315767,-0.101434626
0.009603381,0.061306912,0.062322795,0.03380894,-0.08033503
-0.030633362,0.008662489,-0.06849842,0.036324892,0.041317385
