0.028355585,-0.01173527,0.006115598,-0.014287718,0.0026325332
-0.010455942,-0.003555751,-0.06326161,0.0031876278,0.03755418
-0.016095899,0.045843855,0.031328455,0.040132016,-0.055437278
-0.043912936,-0.023901204,0.02123618,-0.01935946,-0.019704591
0.027002646,-0.028195538,0.033634607,-0.042988654,-0.06463275
0.07444728,0.20957856,0.09909553,-0.059657723,-0.05900701
-0.10996468,-0.090261795,-0.09436253,0.049256496,0.017421534
-0.07585801,0.076667815,0.19295074,0.11285493,-0.10141426
-0.027724663,0.030656394,-0.039746616,-0.081780285,-0.07076219
-0.13020979,-0.020199733,0.014573081,-0.04650166,-0.09179121
0.08915905,0.12734061,0.01615344,-0.043200012,-0.02759726
-0.045677032,0.04091698,0.0043844315,-0.008239213,0.0037017197
0.11106498,0.08209601,0.020840589,0.0031254354,0.0016144549
0.012046003,-0.007987461,-0.056699693,0.011952543,-0.005075875
0.047235575,0.013438953,0.06914517,-0.041160528,-0.021778021
-0.008898324,-0.03894243,0.01906343,-0.008818016,-0.052741352
-0.073269404,-0.06721795,0.051166322,-0.0146923205,0.021628194
0.097705744,0.0827312,-0.088626705,-0.083983816,-0.06398347
-0.10573107,0.017468777,-5.0193838e-05,0.006197926,-0.023925342
-0.004728855,-0.012381137,-0.08111014,-0.03957409,-0.010785195
-0.04094094,-0.13516285,-0.10987081,-0.0919546,-0.08743112
-0.05184566,-0.083542325,-0.06751686,-0.005375293,-0.018033663
-0.08196924,-0.11705993,-0.09938136,-0.044975895,-0.1408453
-0.10298256,-0.08109459,-0.056539647,-0.10849431,-0.07903695
-0.08123875,-0.08419309,-0.09102703,-0.055231143,-0.11306416
-0.08831997,-0.036291704,0.051784318,0.04604421,-0.044881847
-0.014034264,-0.015144843,-0.040881705,0.015502846,-0.030555917
0.017118629,-0.026348159,-0.024403201,-0.05376829,-0.03415374
-0.054345086,0.027068185,0.012008737,0.015428062,0.0041949605
0.078027494,0.052398097,-0.029392725,-0.07467144,-0.057442725
-0.103158824,-0.10826695,-0.05106211,-0.058154244,-0.046571452
-0.05117458,-0.013775729,0.035942122,0.0006560187,-0.06298817
-0.058507413,-0.07374169,-0.029933412,-0.038471267,0.036675595
0.056490812,0.05628522,0.05990641,-0.0031386937,0.0071591036
-0.039827023,-0.10595914,-0.020374225,-0.01366424,-0.016944796
-0.09740175,0.0078348005,0.058639493,-0.020837663,-0.017716998
-0.0013598307,-0.044081878,-0.0024383587,-0.0029261606,-0.032386295
-0.048996355,-0.0031378567,0.00012611227,-0.032065418,0.022971453
0.0051157074,-0.0067571304,0.06079141,0.0487607,-0.035463113
0.014810214,0.022263428,0.017010972,-0.045719083,-0.03032786
-0.063860774,-0.03691723,-0.021062654,0.01997667,-0.06470846
0.040036466,-0.026202427,-0.09222048,-0.052516915,-0.071781866
0.015744278,0.02007397,0.005888233,0.06103618,-0.052515313
-0.016481752,0.02077279,0.008767367,-0.025849808,-0.053504057
-0.09451703,0.002686684,-0.0498304,-0.08147049,-0.02198728
0.028095646,0.07635726,0.11006176,-0.070918165,-0.040520523
-0.05579635,0.007286696,0.03239555,-0.08870106,0.027021362
-0.049669463,-0.064022,-0.0174239,0.085294284,-0.0027045507
0.12107232,0.10583976,-0.019346934,-0.00079651916,-0.08148169
-0.07703833,-0.16846755,-0.22183257,-0.1288244,-0.028560437
0.12187467,-0.0067966226,-0.057445113,-0.021740291,0.0032165316
-0.00046247183,0.04676366,0.02227825,-0.00412898,-0.07974417
-0.09372017,-0.028889388,0.07131901,-0.044200845,-0.036012672
-0.08702352,-0.05022895,-0.08014717,-0.024435017,-0.061984304
-0.04039556,-0.028036613,0.0116745895,-0.10099913,-0.10815358
-0.15566625,-0.10423766,-0.05686834,0.023366835,-0.030741181
0.17538826,-0.032712955,-0.0464573,-0.02607114,-0.025818804
0.0063438597,0.00050892605,-0.033923402,-0.031385522,-0.02691806
0.048276328,-0.0081387935,-0.014096247,-0.0008884437,-0.060520034
0.03675616,-0.02518296,-0.06297972,-0.0055149216,0.012205712
0.03210453,-0.05224985,-0.040056676,-0.04371939,-0.044642363
-0.04677743,-0.043985322,0.056310046,-0.06551085,-0.030280555
0.101109795,0.0037845448,-0.0020888497,-0.004762596,-0.07191312
-0.040023006,-0.04617158,0.0038133962,-0.017538214,-0.05349216
0.027113466,-0.0408937,-0.06559668,-0.08994901,-0.06469621
-0.013167729,-0.048916865,-0.058752242,0.01668676,-0.030283358
0.11407478,0.0348466,-0.007376967,-0.0764916,-0.07027948
0.040610246,-0.04812379,-0.0531344,-0.05764329,-0.06499177
-0.021020068,-0.015974617,-0.07949745,-0.08221112,-0.06987637
0.037219655,-0.0020530531,0.012868948,-0.066634,-0.009584044
-0.017132739,-0.043876797,0.032665063,0.021020992,-0.07046162
0.047454566,0.14159146,0.042860627,-0.028898928,-0.03370576
0.020688187,-0.049636897,-0.028849486,0.0039535314,0.001449342
0.13621882,0.023757603,0.07797836,0.04280783,-0.031126603
0.11315779,0.06764475,0.00016932121,-0.024683207,-0.06153776
-0.015793303,-0.017346535,-0.0107492255,0.0036358899,0.009659267
0.07199032,-0.014416648,0.03218388,0.002505162,0.014410497
-0.044917002,0.021819845,0.016183343,-0.06595047,-0.031329043
-0.033253845,0.022987248,0.054164052,0.02756067,-0.06983934
-0.032119416,0.012106878,-0.026668089,-0.0018723258,-0.028701035
0.014105182,0.008326905,0.17634086,-0.00031044328,-0.07122687
-0.061629083,-0.04172762,0.083640896,0.022504302,-0.045679264
0.12899442,0.044484213,-5.3296582e-05,-0.039760664,-0.05129257
0.016179664,0.004714815,-0.031122928,0.011591476,-0.05752333
-0.01402795,-0.03464265,-0.10257141,0.010785341,0.036541842
-0.17181543,-0.12152466,0.0027297866,0.03184622,-0.015900059
0.007936169,-0.027556984,-0.047046013,-0.019562712,0.015197983
-0.018531978,0.16490968,-0.04207147,-0.027552208,-0.08946997
-0.019582955,-0.05350339,-0.0060455077,-0.014120677,-0.046203863
0.054128867,0.050986584,0.0015586133,-0.022170112,0.007374813
0.015099507,0.024651961,0.015635906,-0.057024896,-0.07949577
0.023270352,-0.056131978,-0.051649578,-0.06154781,-0.021066776
-0.13379447,-0.024963815,0.043867204,0.06484101,-0.0067893104
-0.0015229363,0.0117145125,-0.03768437,-0.03908408,-0.07906019
-0.100024596,-0.07484249,-0.049048744,-0.0019337003,-0.06405481
0.020631015,0.046829775,0.05298354,0.043472897,-0.07605495
0.0106864115,-0.016609784,0.06522334,0.008384021,0.035507303
-0.056814365,0.054807194,0.035080966,0.020031482,-0.064583875
-0.06007259,-0.039146923,0.010142905,-0.0387856,-0.03950602
-0.010481324,-0.008940771,0.016055752,0.03400119,0.03364713
