-0.04780931,-0.056526233,-0.0020387156,0.01468142,0.011663085
-0.02813264,-0.052030563,-0.01916963,-0.03172203,-0.061521035
-0.09102803,-0.039714985,-0.029547676,0.03195058,-0.025720842
0.035298843,-0.016899986,-0.07498183,-0.0046130205,0.0386825
-0.023490774,0.07388924,0.016093165,0.08014408,-0.01283996
-0.035531227,-0.20812756,-0.09962116,-0.016881937,0.09156965
0.1541706,0.031006023,0.0154411495,-0.21168748,-0.0453218
-0.025574945,-0.1478452,-0.10228878,-0.21278445,-0.09907661
-0.11683468,0.044854406,-0.17537895,-0.1584841,0.00968387
-0.27212918,-0.044649683,0.12868789,0.12741785,0.0027516563
-0.05954813,-0.09266776,0.0055533135,0.05591056,0.1359547
0.049209636,-0.074489854,-0.0013638727,0.03152829,0.0067746574
-0.0418904,0.12585343,0.08640332,-0.098063454,-0.07345342
0.09125586,-0.03865638,-0.02157498,-0.033475496,0.05110792
-0.019480743,0.08720117,0.10913477,0.012574208,-0.033717465
-0.11392156,-0.12186212,0.007665506,0.046055354,-0.028964024
-0.08437038,-0.093611926,-0.10263809,-0.09451673,-0.05333863
0.061592877,0.013574627,0.10397515,0.023990296,-0.022415029
-0.008305733,-0.012119678,0.062991776,0.3169426,0.044136647
0.09648006,0.04985474,-0.03278848,0.031032471,0.06209652
-0.046868898,0.04950903,0.10334834,0.11751121,0.17940906
-0.13106766,-0.16925243,-0.13682593,0.09049463,-0.008331255
-0.2723268,-0.1841732,-0.21354482,-0.098728396,-0.15033202
-0.025871264,0.16246974,0.0017680943,-0.14516246,-0.1617049
0.0013049778,0.058246225,-0.07309028,-0.1869648,-0.19559613
0.04944954,-0.2018707,-0.17950282,-0.115984626,-0.08235795
0.15437683,0.02621552,-0.0681717,-0.17261514,-0.14621377
0.027994918,0.1527591,0.25189853,0.2202143,-0.041370127
-0.1439256,-0.1694515,-0.07481873,0.096228294,0.05465986
-0.15551229,-0.12628813,-0.116745904,-0.10565003,-0.04246209
-0.030238768,-0.012098203,-0.07261162,-0.040850323,-0.09905171
-0.08671512,0.055002425,0.13211493,0.20022902,0.0018859165
-0.099060334,-0.1526355,-0.08231187,0.047694422,-0.017466448
-0.029547522,-0.04072642,-0.08842521,-0.09139474,-0.07148749
0.032368388,-0.057408106,-0.18805578,-0.16754287,-0.041287053
0.084436946,-0.17833409,-0.26821548,-0.14754847,-0.08958085
0.071991734,0.21979102,0.1180627,-0.1767537,-0.25483382
0.05418292,0.15275127,0.16770071,0.09335102,-0.015569678
-0.10608071,-0.13085793,-0.11197558,-0.0019350115,0.034911107
-0.20072426,-0.11518919,-0.101507865,-0.10490485,-0.110378
-0.0943409,-0.07282481,-0.04326314,0.013401486,-0.044165406
-0.035524003,-0.050991584,-0.06814054,-0.16659288,-0.17309089
0.04182246,-0.0465436,-0.1206161,-0.0069534727,-0.044323325
-0.07360362,-0.049696054,0.076476455,0.16081563,0.02828168
0.12193261,-0.04584253,0.017255465,0.08534469,0.02704914
0.00021478659,0.048465442,-0.12994201,-0.10957147,0.015140104
-0.20763215,-0.09187125,0.05243508,0.12194637,0.21273056
-0.044139896,-0.15527873,-0.15288503,-0.13378553,-0.1466217
0.11915823,0.050831486,0.03093751,-0.048013523,-0.042550486
-0.028335368,-0.14283478,-0.046667665,0.0007960313,-0.06329897
0.056147248,-0.025466092,0.037230175,-0.02502157,0.09771016
0.050844494,-0.04523278,-0.17165479,-0.053015567,0.036675032
0.031188829,-0.09071855,-0.0887394,-0.1275714,0.03198265
-0.024852362,-0.00947617,-0.019962808,-0.0009347787,-0.06847298
0.01603947,0.09363504,0.29809412,0.058369007,-0.060360707
-0.16303073,-0.14316227,-0.022702403,0.024379343,-0.06927186
-0.08254063,-0.07839729,-0.07776345,-0.058732446,0.0991508
0.003697039,-0.12558609,-0.0847683,-0.010094177,0.017331446
0.13756919,0.12013563,0.09581504,0.063741304,-0.024948234
0.1514331,0.07431899,0.046492044,0.032538608,0.14870362
-0.06229147,0.00014009303,-0.053937044,0.0045468984,0.006663073
-0.15489489,-0.1321107,-0.03623969,-0.035855647,-0.004072706
-0.09061273,0.046495628,0.016497334,-0.08302512,0.03429993
-0.08628116,-0.020435207,0.014033827,0.03269394,-0.06398701
-0.013905825,0.149665,0.036612134,-0.06695686,-0.14222255
-0.11595635,-0.04824077,-0.011139692,-0.046731602,0.05052017
-0.0548231,-0.10824892,-0.16463293,-0.16912606,-0.036264446
-0.05122614,-0.06287108,-0.03740424,-0.009917438,-0.019614307
0.0633339,0.030119818,0.05522268,0.003750592,0.034782488
0.07450828,0.013208186,0.109565385,-0.093587585,-0.025972713
0.14975712,0.035716176,-0.13331704,-0.09709872,-0.08921134
-0.056574665,0.036997333,0.18203737,0.06685715,-0.01744097
-0.04252303,0.06564237,0.14934546,0.108231105,0.09225119
0.0037855227,-0.014105255,-0.07336484,-0.06571983,0.00074383325
-0.050043818,-0.028790915,-0.038814973,-0.10987631,-0.16872878
0.004722724,-0.11799277,-0.083666965,0.0063783987,-0.021831416
-0.14603652,0.028798169,0.024640465,-0.060606927,-0.009398951
0.04676206,-0.023988893,-0.069299325,-0.04180343,0.054494847
0.067173876,0.074475534,0.1299654,0.0046287514,-0.035804823
0.06852263,0.055339262,-0.034926824,-0.13933115,-0.03633719
-0.20074753,-0.070651464,0.052137036,0.0017718778,-0.0705552
-0.1741641,-0.012992294,-0.0070321676,0.07971645,-0.03469537
0.04293334,0.043138508,0.15521866,0.010004926,-0.083337754
0.11464756,0.13689803,-0.039416708,0.2845777,0.061767545
-0.036255136,-0.015580228,-0.016064562,-0.095664375,0.039254446
-0.019777339,-0.09594449,-0.14045443,-0.037517805,-0.10223168
0.09506833,-0.0074388846,-0.12025458,-0.2031145,-0.21727727
-0.06428654,0.006860217,0.1648673,0.40353668,0.012805327
-0.0822523,-0.08273538,-0.07840513,0.034504954,0.20755081
-0.036032062,-0.21830979,-0.06837556,-0.20668286,0.051227923
0.030017387,-0.028983913,-0.057193164,-0.007879655,-0.11107427
-0.06034087,-0.12012103,-0.06522516,-0.09789432,-0.09804454
-0.050282776,-0.039862324,-0.14759114,-0.13624626,-0.08056104
-0.046964172,-0.1842896,-0.049352605,0.0613362,0.052592237
-0.11064028,-0.083534166,-0.022257736,-0.0034739028,0.008395169
-0.116595484,-0.05205078,-0.10874036,-0.08952194,-0.013516102
0.060532857,0.05304649,0.030436128,-0.031463828,-0.057068367
0.17154446,-0.07631964,-0.00069177645,0.11936841,-0.044364434
-0.109851785,0.069730096,0.051377315,-0.05084665,-0.011940442
-0.08088491,-0.07297835,-0.0063582878,0.022775177,0.003914475
