-0.0041095796,-0.011789888,0.043495286,-0.0034472095,-0.04318511
-0.032949105,-0.011584578,0.02088036,0.0052912277,-0.017049415
-0.051425375,-0.0041279923,-0.00021041569,-0.0481445,-0.031119179
-0.020803083,-0.0030748157,-0.072219126,-0.03682868,0.017703544
-0.023165757,0.01445779,-0.091390826,0.0034639232,0.09964157
-0.055166744,-0.019866612,-0.013027136,-0.055894103,-0.11664079
-0.064096555,-0.03894017,-0.089482754,-0.1453033,-0.12842882
0.02638958,-0.112724796,-0.104428455,-0.081125975,-0.036435477
0.022249995,-0.10428604,-0.1072196,-0.0021462752,-0.04300318
-0.1700085,-0.07194237,-0.01728524,0.12006297,-0.02862832
-0.09076637,-0.081884325,-0.097975254,-0.08416115,-0.12541209
-0.038666837,-0.043904062,0.016644591,-0.07018852,0.02208709
-0.08619817,0.03133037,-0.07889427,-0.05983214,-0.044619903
0.122243814,0.044778004,-0.0029664598,0.022920297,0.03075166
0.0020556191,0.034971297,0.059879683,0.030629242,-0.0071596494
-0.08060966,-0.061748922,-0.04006925,-0.11393481,0.012463635
-0.07949919,-0.0692156,-0.018524965,-0.059463143,-0.0042758156
-0.012253551,-0.011449905,-0.020819709,-0.07012849,-0.06266784
-0.013216175,0.10046185,0.057641122,0.06442088,0.07049994
-0.07636007,-0.04211995,0.023279423,0.07383337,-0.009588052
-0.044612024,-0.060784545,0.07372033,-0.035822928,-0.020077424
-0.1122643,-0.049319163,0.022496816,-0.052125525,-0.05930873
-0.10302856,-0.06420439,-0.07499032,-0.17029619,-0.039996516
0.13252324,3.9726336e-05,-0.12329449,-0.16040777,-0.13103291
0.2172551,0.004029162,-0.24031603,-0.020981021,-0.007714656
-0.09978978,-0.10022458,-0.14589542,-0.10153955,0.016839685
-0.13044336,-0.06588467,-0.053804148,-0.026274681,-0.047859676
0.025955383,0.22172458,0.10931586,0.027391069,-0.020803655
0.17618118,0.20786603,0.11301235,-0.05827629,-0.10224231
0.10185263,-0.058069337,-0.079105884,0.002238323,-0.031103503
-0.0018935199,0.08033333,0.029546678,0.00043726375,-0.024135245
0.07384287,0.017519247,0.044564676,0.006711697,-0.03961875
0.05433367,-0.014626569,-3.4554985e-05,0.019282969,-0.019091329
-0.062322292,-0.06936722,-0.025209496,-0.050368335,-0.061719935
-0.043255225,-0.19020596,-0.1576558,-0.13686281,0.02197723
-0.122941904,-0.14802971,-0.10265512,-0.034950748,-0.0705329
-0.07075902,-0.043718595,0.009680739,-0.10020057,-0.039059933
0.16719633,0.35220855,0.169795,-0.028636854,-0.008099414
0.19846393,0.12822163,0.004023914,-0.11923747,-0.065619536
-0.06896741,-0.12549897,-0.0072527197,-0.006759959,0.036997404
0.08749431,0.049047314,0.084536605,-0.04336563,0.032370307
0.010375169,-0.052818995,-0.033505622,-0.08194506,-0.020674314
0.012326477,-0.053964954,-0.04544139,-0.13645151,-0.030116005
-0.0704796,-0.04275807,-0.01028203,0.12232231,-0.031303834
-0.019016182,0.020912617,0.05384149,0.2078157,0.05456631
0.081389196,0.101441585,0.12457264,0.05194952,-0.15452363
0.0090079745,-0.03545591,-0.038108017,-0.14314915,-0.114769086
-0.06933836,-0.09711807,-0.059243217,-0.13412262,-0.06608915
-0.050198015,-0.019846937,-0.11794629,-0.10261251,-0.030112036
-0.03997712,-0.12919545,-0.14198862,-0.12955286,0.06817288
0.084235355,-0.0030341013,-0.0011548203,0.004443555,-0.0061430284
-0.046942465,-0.048283566,-0.09200569,-0.015706073,-0.0027855707
0.008302779,0.0056992215,-0.040020593,0.0026433794,-0.026103707
-0.0115171615,0.07640735,-0.081359096,-0.051350366,0.02951236
0.037164714,-0.06412593,-0.09640681,-0.020888612,0.034167636
-0.019042771,-0.050000265,-0.016688908,-0.014729659,-0.0249305
-0.10772165,-0.06732244,-0.036490787,-0.06008162,-0.007601328
-0.04628621,-0.06921565,-0.017603202,-0.029998012,-0.043284353
0.023122746,0.07600509,0.19134623,0.124152154,0.011942248
0.0753305,0.14358528,-0.00050533033,0.10384789,-0.010159095
-0.036792327,-0.054936808,-0.09815349,-0.023676971,-0.09986931
-0.040591776,-0.11967728,-0.027826631,-0.03675313,-0.045193657
-0.01831926,0.008532632,0.06535521,-0.013375589,-0.02882157
-0.014975873,0.09551822,-0.033707824,-0.04491968,-0.07931411
0.0063220337,0.054464307,-0.09580412,-0.11286561,-0.046986684
0.021337891,0.04997115,-0.010195433,0.02663864,-0.01306071
-0.1032798,-0.06097876,-0.06441692,-0.021567,-0.041383274
-0.04503193,-0.115855634,-0.070774265,0.005039107,-0.06107597
-0.074169084,0.049939767,0.12977146,-0.031522263,-0.0069887317
0.033212483,0.33598107,0.006374613,-0.063887246,-0.0660524
-0.102081545,-0.07596725,-0.0032328698,-0.034169972,-0.008325981
-0.021732375,-0.021468941,-0.05391209,-0.0326818,-0.008240351
0.12688547,0.19153702,0.18277082,0.052016545,-0.013195757
0.03729869,0.07674995,0.0661653,-0.044037577,-0.034537237
-0.09807261,-0.072161324,-0.08840565,-0.0058969185,0.02290324
-0.048461605,-0.03931476,-0.043752234,-0.03426661,0.023084579
-0.0616643,-0.042222742,-0.031158641,0.012190835,0.049674835
0.079212576,0.06791711,0.012498454,-0.08430751,0.009131497
0.05165504,-0.07045223,-0.057390302,0.0006355267,-0.08311426
-0.010555068,-0.058249768,-0.054968946,0.084145315,-0.060572773
-0.0745695,-0.048072048,-0.10680714,-0.059336293,-0.10721285
-0.12443765,-0.08004329,-0.0212969,-0.050946813,-0.026073478
-0.123278335,-0.16540945,-0.08521653,-0.057934906,-0.04102463
-0.03048496,-0.0049546766,-0.1011272,0.06427735,0.071502626
-0.005405449,-0.07515082,0.021204926,-0.053944033,-0.015093351
-0.082444124,-0.08896755,-0.085250236,-0.03647727,-0.11305659
-0.14074655,-0.19523364,-0.22449498,-0.19391438,-0.11968976
-0.06793478,-0.11573817,-0.0602719,0.008498125,0.026652474
-0.1241489,-0.06337248,0.015972674,0.21585123,0.20590591
-0.16627955,-0.10535605,-0.07372486,0.25359872,0.3419504
0.03881201,0.056074616,0.1019929,0.06239629,0.0621549
0.015268921,-0.037048254,0.043264993,-0.05337402,0.04387593
-0.03238609,-0.023971217,-0.13436604,-0.09737396,0.0042292923
-0.04679109,-0.06819134,-0.1508978,-0.054291967,0.0015580923
-0.08416441,-0.08847011,-0.0698891,0.15010433,0.03510734
-0.041481633,-0.037117165,-0.05068532,-0.030383168,-0.06608999
-0.04567466,0.01950303,-0.04928705,-0.0044569187,-0.06284518
0.047363758,-0.021373296,-0.06837568,-0.05042052,-0.048733674
0.05045067,0.028378878,0.009760312,0.1028006,0.02162137
-0.0154096065,-0.0040122187,0.03974989,0.03152798,0.01007234
