0.087320894,-0.0017228486,-0.07807789,-0.13717715,-0.14358717
0.21534148,0.05375808,-0.05717723,-0.13786651,-0.105105884
0.07234981,-0.037349243,-0.07327054,-0.011728504,0.05339374
0.11101733,-0.11751738,-0.047676984,0.09751896,0.058760323
0.03308052,-0.07090758,-0.062004372,0.03148872,0.02792918
-0.038252514,0.13607381,0.19880445,0.025712417,0.1412369
0.0027677286,0.029529061,-0.053513907,-0.13389306,0.07265311
-0.04212849,-0.12661345,-0.077686764,-0.13437426,-0.034754585
0.031924386,-0.08182903,-0.013728721,-0.11086235,-0.015337736
-0.026776465,-0.1287063,0.097350515,0.00076083175,-0.09592168
0.117601596,-0.04533061,-0.075348414,-0.04004213,-0.10924052
-0.010551842,-0.037733432,-0.074077584,-0.032224324,-0.08979642
-0.07858956,0.0015963453,-0.106001526,0.11901398,0.0133432355
-0.07318968,-0.04163476,0.048202645,0.16298233,-0.051807635
0.020901972,-0.08202177,0.009425488,0.022763992,-0.028046565
-0.15179606,-0.086892836,-0.04938344,0.050025612,-0.08236406
-0.026491698,-0.030980991,-0.10530097,0.029503258,-0.042912517
0.00093231496,-0.023402363,-2.068683e-05,0.009788969,0.028315539
-0.08138827,-0.057283964,0.1760497,0.0508268,-0.0064202673
-0.033149663,-0.031140791,0.0941967,-0.02460502,0.0049862145
-0.028311335,-0.04367771,0.017455779,-0.028191138,-0.0064748633
-0.07086506,0.008405043,0.024439167,0.020071747,-0.018657425
0.0006566056,0.058569968,0.016986005,-0.011790669,-0.055180244
0.05406711,-0.005105312,0.030692672,-0.035026647,-0.017130096
-0.0033432539,0.0141042415,0.021806728,-0.041998666,0.0008415826
-0.007495217,0.07535331,0.12534991,0.0556369,-0.022727257
-0.049909078,0.0036406536,-0.04985069,-0.004637048,-0.07703874
0.0071560713,-0.04689381,-0.024932,-0.042941954,-0.13907859
-0.09205738,-0.09686698,0.019813426,-0.110595554,-0.07325321
-0.06108331,-0.007353011,-0.04820124,-0.013563802,-0.0563704
-0.07229153,-0.02033428,-0.033040863,-0.025879549,-0.020451363
-0.042992745,0.021315137,-0.020034343,-0.0216405,-0.01703222
0.0076453043,-0.032993104,-0.030121993,0.00042557844,-0.034019016
0.040232446,-0.010325001,0.03414228,0.01619042,0.0073964875
-0.001303334,-0.011752728,0.013468424,-0.023925556,-0.02003248
-0.0009787792,-0.0081771165,0.039852023,0.064772,0.10154807
-0.059351366,0.03496333,0.013530032,0.0888606,0.025403652
-0.027928298,-0.088354394,-0.012935161,-0.018304667,-0.025096823
-0.034779552,0.0019318697,-0.020904312,-0.018461846,0.051663812
-0.029069774,-0.06280055,0.06013123,0.009526669,-0.0052489876
0.01564862,0.053582888,0.008700272,0.038759604,-0.016649935
-0.04182727,0.11893198,0.049180955,-0.015378263,-0.09930775
0.0072621647,0.009045677,-0.044548325,-0.030550621,-0.09338785
-0.0012899115,-0.040080637,-0.018550083,-0.06273088,-0.0777161
-0.03898264,-0.085400924,-0.040743217,0.057337355,0.031744
-0.043787047,-0.017760413,-0.02276768,-0.016275954,-0.052565906
0.030973483,0.075934485,0.09291116,0.027504062,-0.058251306
0.046436563,0.1125365,0.03166993,-0.17285465,-0.062618375
0.042170826,-0.097670145,-0.0015590294,-0.03969113,-0.013212018
0.012498189,-0.11932964,-0.01357283,0.0463264,0.11487272
0.03648023,-0.004961796,0.06562758,0.04325504,0.07845912
-0.03798134,0.020149838,0.041699793,0.01312085,-0.09234855
-0.09113969,-0.09388209,-0.053482156,-0.07539086,-0.071304195
-0.08765435,-0.03801501,-0.08964143,-0.019471044,-0.082215786
-0.104757115,-0.05662983,-0.10890368,-0.01803829,-0.054621216
-0.022774301,0.03224181,-0.014468814,0.010526776,-0.01726912
0.02101414,0.040777322,0.042938266,-0.026936011,-0.04445503
-0.031267818,0.012594263,0.01796791,0.023486895,0.019402245
0.043640245,-0.033921406,-0.035077445,-0.013785703,0.034974474
-0.034322515,0.033518646,0.0076604956,0.029307008,0.044519585
-0.016438503,0.055112172,0.14163564,0.026344324,0.088473454
0.103909306,0.095910504,0.07280477,-0.07381791,-0.060452584
0.07737503,-0.13236563,-0.0504146,-0.12239962,-0.17123064
-0.027932597,-0.11951407,-0.16569874,-0.11705104,-0.07201584
-0.1055755,-0.10587059,-0.1406645,0.006098664,-0.11548223
-0.0011138136,-0.0006090244,-0.036570415,0.04123376,-0.021189505
0.035479918,0.034278143,0.001198634,0.03330409,-0.033652972
-0.004915885,-0.036890056,-0.027225757,0.014112956,0.03331825
-0.026538573,-0.0180702,-0.025070982,-0.003887278,-0.037152108
-0.035402734,-0.009727423,0.04298228,0.0077029793,-0.01860539
0.17049152,0.03622065,0.048665658,-0.09484145,-0.09939821
0.1630835,0.032826148,-0.032911174,-0.027143162,-0.07619898
0.12964137,0.055976648,0.010948661,0.051052015,0.01799349
0.06095946,0.078168675,-0.048934605,0.0684486,0.02040454
-0.018129492,0.06241825,-0.0330325,0.03495637,-0.0134666385
-0.1534909,0.031642195,0.01971571,0.06310218,0.033006925
-0.0775091,0.08508997,0.09405918,-0.015619997,0.0068114623
-0.071730696,-0.0084707765,0.1618342,0.033651445,-0.027327573
-0.007035016,-0.13398191,0.06778786,0.032846317,0.08942186
-0.05616983,-0.114140056,0.084583856,0.03802435,0.054444827
0.038026243,-0.028893942,0.04861206,0.024376316,-0.0052196877
-0.01867042,-0.06999677,-0.043981005,-0.07016146,0.008536941
-0.050475545,0.025017316,0.007755381,0.0054369178,0.08039348
-0.0468762,0.12298067,0.14393471,-0.039844394,0.07607142
0.009455752,0.12091462,0.04370859,0.017425226,0.020094227
-0.045249347,-0.016205799,0.03729616,0.005790867,-0.013953216
0.012595104,0.01355631,0.032846548,0.011128924,0.016882505
-0.07378789,-0.09490558,0.005205624,-0.057575036,-0.027453683
-0.09240923,0.025620546,-0.06005871,-0.08779145,-0.045936763
-0.09397394,-0.04762095,-0.04790223,0.0017968344,-0.030813953
-0.0033651253,0.048871636,0.06982979,0.114422545,-0.07297528
-0.008227797,0.027540972,-0.06623106,0.019044047,-0.04028959
-0.0353162,-0.15264322,-0.011853858,0.011281292,-0.03361956
-0.03575777,-0.020849708,-0.024801383,-0.033397954,-0.060137276
-0.059171323,-0.09534212,-0.04461399,-0.09212032,-0.08376789
-0.23249653,-0.029275835,0.008037092,0.020207716,-0.086786956
-0.043353662,0.024358757,-0.014600005,-0.086499505,-0.033843447
-0.0889866,-0.052169457,0.055260416,0.025365133,-0.050017755
-0.09661394,-0.10331396,0.1358437,-0.04642414,-0.07846429
-0.073315635,0.028807105,-0.0066435547,-0.104817435,0.014243186
