-0.0094303265,-0.08487521,-0.020553445,-0.027897503,0.027086744
-0.024438435,-0.09714665,-0.027816702,0.008629317,0.03054771
0.07121837,-0.00627001,0.06325043,-0.007925181,0.062273655
0.050483376,0.01052349,-0.016069839,0.0093111545,0.018470105
0.041521598,-0.028412126,0.04401385,0.007293594,-0.008445026
-0.20395759,-0.09973094,-0.12412659,0.11106179,0.06557798
-0.028791128,-0.078864254,-0.030730207,0.10146997,-0.10583488
-0.10313111,-0.13390826,0.015117614,-0.046483044,-0.013996909
-0.14320771,-0.118412316,-0.05111407,-0.028618837,0.080622956
-0.1804701,-0.10615259,-0.13439871,-0.0011028465,0.11915963
-0.088216126,0.016698418,-0.033483595,-0.030407952,0.009635673
-0.0031424328,-0.057549104,-0.04543856,-0.036966927,-0.039061945
-0.008878981,-0.07528126,0.00091470813,0.024721973,-0.026565451
-0.07106065,-0.053457856,-0.046999637,0.051024627,0.036311284
0.030921765,0.02287681,-0.03421051,0.02224152,-0.023736807
-0.102442876,-0.07713142,-0.068838835,-0.011785068,0.04439098
-0.09001336,-0.023865571,-0.0953826,-0.011982878,0.0056537464
-0.08031992,0.004724749,-0.09630506,0.029639682,0.037278146
-0.052140366,-0.020370444,0.05718608,0.010491472,-0.004206261
0.010042602,-0.039295167,0.1998308,-0.034965146,-0.08921396
0.17165264,-0.06057279,-0.054227553,-0.113671124,-0.014378299
0.14127102,-0.075001575,-0.13008425,0.020983111,0.0027475664
0.2257322,-0.12509124,-0.121667005,-0.023389785,0.03774344
0.19527106,-0.12126639,-0.13434389,-0.10753172,-0.046281777
0.098023795,-0.05603892,-0.12617388,-0.103699364,-0.08485131
0.00880524,0.13421638,0.10315065,-0.043367982,-0.077585414
-0.04149933,-0.036200207,-0.07645754,-0.05063715,0.01808029
-0.10458438,-0.08760975,-0.13805062,0.070386656,0.12741497
-0.008700127,-0.07078615,-0.03707681,0.0053453534,-0.0070036794
0.0051817726,-0.071293086,-0.035563696,0.030381965,-0.050151616
0.04617718,-0.12862954,-0.0450288,-0.026416091,-0.0008167306
-0.055610247,-0.12211814,-0.10481771,-0.025355384,-0.021163719
0.0627288,-0.04569948,-0.083852455,0.002341365,0.10921915
0.01637052,-0.061423063,-0.14399219,0.047129124,0.031262513
-0.09243534,-0.023089342,-0.15025604,0.0029823398,0.02328583
0.007652247,0.059373464,0.030414408,-0.07656434,-0.06039779
-0.053347744,-0.0016747816,-0.15445185,-0.024530305,0.061458696
-0.12720643,-0.08750151,-0.07028526,0.07762669,0.10798681
-0.04917137,-0.032718346,-0.0050828764,0.01655485,0.014709269
0.020762801,-0.08394685,-0.033986133,-0.068145685,-0.09728174
-0.013166015,-0.052776057,-0.12226651,0.030791111,-0.08008446
0.033720527,-0.05471848,0.10521151,0.21873954,-0.040429007
0.01194674,-0.06658874,0.17144652,0.16225578,-0.14108315
-0.040538296,-0.15526702,0.15413913,-0.07753658,-0.13822965
-0.11851977,-0.03909552,0.25796986,0.011279282,-0.12715535
-0.04566257,-0.17413078,-0.17564468,-0.08987246,-0.026010307
-0.13964325,-0.17741917,-0.12196412,-0.06569416,0.016891107
-0.06675795,-0.07588879,-0.12055538,0.012538852,-0.047314476
-0.093703195,-0.067974225,-0.12058888,-0.054669686,-0.025852362
-0.1413337,-0.1353663,-0.17209187,0.03773048,0.018692568
-0.044465907,-0.023945207,0.070290826,0.07715322,-0.09554026
-0.021105915,-0.034611657,0.023485128,-0.11289594,0.02088979
-0.087732196,0.12915084,0.0057753883,-0.015485596,0.053792212
-0.14182024,0.0109836245,-0.05650306,0.022102652,0.046272602
-0.014483509,-0.032006096,0.008735791,-0.04670029,0.016283449
-0.048855904,0.055754032,-0.004237572,-0.03212346,0.008137371
-0.045958187,0.058406066,-0.03455126,-0.035657983,-0.029840982
0.0025183263,-0.057608597,-0.02472885,-0.044127896,-0.05909591
-0.015083155,0.17959175,0.04335278,-0.0863381,-0.104028836
0.055702787,0.17300148,0.126214,-0.0045101484,-0.060996357
0.010603138,0.1195375,-0.0062740846,-0.09854883,-0.038847163
-0.033775065,0.051290236,-0.06633344,-0.114906184,-0.022277161
0.034344565,0.10331194,-0.08927833,-0.045676928,-0.0067402925
-0.047507104,0.09551962,-0.082807794,-0.12435893,-0.029108131
-0.042110197,0.07024417,-0.09669887,-0.043636445,-0.051714834
0.07094593,0.11305193,0.022492912,-0.029341545,-0.08547806
0.053869408,0.08742582,0.10451498,0.03276541,-0.038107
0.010215934,0.029318389,0.024985904,-0.07791874,-0.036520272
-0.09987867,0.00041931964,0.0052146385,-0.059546277,-0.017334497
-0.17469002,0.08488493,-0.043459896,-0.12452349,-0.07208478
-0.045417894,-0.01407308,-0.0062924116,-0.028321894,-0.07453293
0.0066521037,-0.021791494,0.013311059,-0.0648422,-0.0008381515
0.0057976902,-0.076497234,-0.06586451,-0.05565744,-0.040698115
-0.016849441,0.00653072,0.0010831016,-0.008070331,-0.01691301
0.03040782,-0.037624,-0.10062639,0.027261462,-0.027061587
-0.011938516,-0.010802122,-0.06350837,-0.023224542,-0.014664631
-0.026195165,0.037070703,-0.028465489,0.002604881,0.032253385
-0.0798433,-0.059177592,0.011788579,0.0152192805,-0.027467454
-0.05891347,0.009098863,0.07083414,-0.08365649,-0.07393053
-0.054504953,0.04451673,0.050277017,-0.039635044,-0.017869977
-0.13266745,-0.09452311,-0.06258032,-0.06050733,0.03310698
-0.04878195,0.025240934,-0.09885474,-0.07896263,0.06387598
-0.07049426,-0.022721836,-0.11495034,0.01159075,-0.027605442
-0.06182361,0.063358,-0.15553056,-0.03878529,0.11181396
0.07130184,0.060937375,0.0315887,-0.07185889,0.040343247
-0.12690832,-0.16188712,-0.0013698883,0.10982226,0.076507024
-0.07096149,-0.20827074,-0.15550938,0.071299285,-0.021684082
0.027441371,-0.13712886,-0.09273335,-0.011787259,0.004808825
0.0021201957,-0.15649094,0.24287492,-0.114999615,-0.098558806
0.038888484,-0.11432144,0.33253664,0.23249997,-0.04728806
0.07394493,0.04716256,-0.07858036,-0.0459947,-0.008251267
-0.009360208,-0.007363158,-0.026755227,0.17474553,-0.059924252
-0.042123243,-0.081336685,0.07341543,0.013432966,-0.070639394
-0.08757195,-0.111421496,0.10857198,-0.037310228,-0.09478199
-0.12722288,-0.035018515,0.033633806,-0.074867904,-0.060528535
-0.14036691,-0.13957813,-0.031919844,-0.028762853,0.076271705
-0.052168615,-0.012831642,-0.06869242,0.002247495,-0.041361015
0.011186224,0.02324765,-0.039072428,0.015045635,0.035644952
0.013464591,-0.04690116,-0.0830895,-0.102251105,-0.0059759608
-0.029185273,-0.034122057,-0.021307979,0.020421974,0.09164009
