0.054476812,-0.019932186,0.0044729994,0.009800073,-0.066138275
0.03643927,-0.04852718,-0.0023930396,-0.04454774,-0.08345475
0.060261402,-0.0037663293,0.05593549,0.030423159,-0.014098433
-0.05880221,-0.06378291,-0.0326108,0.005471232,-0.017189665
-0.010084896,0.026882812,-0.009140546,0.027514271,0.007832161
-0.07046193,0.14564955,0.023530623,-0.12842517,-0.13579373
-0.06877641,-0.17144388,-0.17449665,-0.14411798,-0.060840014
0.067759246,0.20333713,0.30767593,0.1488527,-0.00047775696
-0.017471522,0.21833868,0.042561326,0.03501987,-0.0452765
-0.20148425,-0.07202506,0.1722111,0.0970892,-0.040538657
0.019216595,0.017746422,-0.026166636,-0.03341225,-0.10429331
-0.06211668,0.053009808,-0.00568892,-0.01660363,0.056742903
0.03619375,0.2781405,0.2773337,0.11365304,-0.09814859
0.085086055,0.12675606,-0.0432505,0.003023328,-0.058760844
0.088075,0.21076822,0.15113372,0.08253416,-0.023448883
0.05545929,-0.058093652,-0.09308126,-0.084211946,-0.06451952
-0.0664031,0.08318644,0.026074529,-0.12699682,-0.078267954
-0.04674956,0.026645344,-0.0549516,-0.13815205,-0.123720005
-0.029499212,-0.028645264,0.0021941788,-0.13467182,-0.010895877
0.053280756,0.024430573,-0.020507686,-0.06219035,-0.10473544
-0.0061875256,-0.0996804,-0.072888695,-0.117019705,-0.030582005
-0.023312423,-0.11855131,-0.13651145,-0.11410581,-0.11810832
-0.13955042,-0.19560978,-0.27308807,-0.10038623,-0.24037476
-0.17154884,-0.18255582,-0.07502184,-0.11569702,-0.2855754
-0.11934911,-0.17012134,-0.015258254,-0.11176036,-0.18475379
-0.09446583,-0.13159025,-0.11995094,-0.029612433,-0.05195574
0.080116466,-0.030909844,0.024199268,-0.018180184,-0.122144505
0.014326153,-0.04304388,0.08730154,0.17709512,-0.10460446
-0.07640431,-0.06391295,-0.00040115946,-0.05488984,-0.08967611
0.00791557,0.105409555,0.008175597,-0.012066203,-0.23131831
-0.16680732,-0.10617002,-0.140791,-0.057350654,-0.039260887
-0.037275515,-0.012911082,0.09961019,0.11228506,-0.0023268866
-0.04924694,-0.016548479,-0.12934296,-0.044904407,-0.029711032
-0.04422278,0.015905712,0.019813001,0.09449205,-0.036140546
0.09314458,-0.026346313,-0.07146025,-0.059683923,-0.029288571
-0.17453143,-0.1675339,-0.24156727,-0.10342024,-0.024871534
0.106993645,0.1212564,0.11916614,0.09682802,-0.14125995
-0.016112862,-0.0081185475,-0.09901389,0.036174674,-0.11919921
-0.1122591,-0.0069440077,0.057984933,0.12912676,-0.050109956
0.052698635,-0.040797167,-0.00035934802,-0.12890302,-0.22399367
-0.035451017,0.03713086,0.057904586,-0.005008239,-0.08555585
-0.022667103,0.1395872,-0.10377693,-0.07437454,-0.19386561
-0.12672567,-0.093688525,-0.09298917,-0.024225406,0.026154952
-0.097309984,-0.14241618,-0.12215237,0.01624878,0.015428692
-0.0015167295,-0.043998454,-0.19153994,-0.051328707,0.049751837
-0.07578006,-0.12214421,-0.07269714,-0.19292976,-0.2318968
-0.10212918,-0.002548649,-0.06314798,-0.05837375,-0.1067583
-0.024057075,0.17447785,-0.091710016,-0.16222154,-0.055884365
0.08432666,0.17627633,0.18817408,-0.10428117,-0.113035604
-0.12058934,-0.11399558,-0.0506493,-0.041437943,-0.09545195
0.23756944,0.05332102,0.009354334,-0.09016996,-0.0701173
0.10020906,0.010365683,0.0018970085,0.01082053,-0.016481677
0.051784027,-0.008959909,0.03184472,-0.11131357,-0.15010409
-0.05242217,-0.103778034,-0.020071262,-0.025857093,-0.13459718
-0.10675454,0.004258662,0.060006652,0.018274458,-0.19733964
-0.011740399,-0.09156091,-0.14687407,-0.09392038,-0.05681888
0.17783937,0.15250868,-0.09554169,-0.11027652,-0.08457342
-0.030008057,-0.022916127,-0.14645138,-0.03141556,-0.091074616
0.16595134,0.22240758,0.07343665,-0.058823176,-0.07167183
0.07360613,0.049277678,0.037919804,-0.04522297,-0.11246745
0.0019805005,-0.11889409,-0.1387569,-0.09467362,-0.10633473
0.041454352,0.002689705,-0.038979787,-0.01474127,-0.07307284
-0.025497638,-0.031552844,-0.039856076,-0.11217636,-0.12083174
-0.12267552,-0.09725793,-0.017758148,-0.014288753,-0.14671187
0.015128783,-0.014309484,-0.06648421,-0.113947965,-0.16929378
-0.15298487,0.13262723,0.04509415,-0.047201168,-0.14413954
0.08744134,0.15396927,-0.0082291765,-0.12846309,-0.10920085
-0.016360825,-0.10233426,-0.14730191,-0.062005408,-0.091997184
0.1311127,-0.047717307,-0.08859513,-0.073735796,-0.029443573
-0.031927045,-0.12058407,-0.023240427,-0.049201474,-0.056287244
-0.028321384,-0.036630712,-0.12935273,-0.095323764,-0.061344773
0.0940201,0.09279511,0.10542279,0.1198438,-0.051993914
0.03669797,0.081535995,-0.032955226,-0.046400495,-0.09401155
0.043171134,0.085695535,0.09048303,0.007124648,-0.0601139
0.027307184,0.08784488,0.08705445,-0.057944376,-0.12270246
0.010725297,0.07551134,-0.08337962,-0.091457926,-0.07263849
0.02267032,0.17421377,0.03929553,-0.027826322,-0.09220066
-0.043698724,-0.024886888,-0.08392258,-0.054346673,-0.10211167
0.014460877,0.10693988,0.116179936,-0.08049386,-0.036844216
0.08101585,0.061121587,-0.089917965,-0.11866236,-0.104519136
-0.038114816,-0.07682654,-0.10719444,-0.08343567,-0.1444133
-0.1487262,-0.08216468,-0.10838795,-0.15155658,-0.07668702
-0.13346612,0.086289406,0.23805632,0.07879968,0.012237901
-0.006538846,0.008987719,0.052772705,-0.06966778,-0.105374284
0.11294435,0.05255389,0.014862149,-0.04819517,-0.08748885
-0.014924186,-0.07962158,-0.097062476,-0.20905995,-0.14420472
-0.10132821,0.1323874,0.01787008,-0.06909745,-0.1395162
-0.17000304,0.10322433,0.03539473,-0.0022663472,-0.07544008
-0.048032552,-0.0818615,-0.047829904,-0.11902736,0.14007257
0.08963862,0.114768416,0.0430237,-0.017909672,0.07223072
0.046729058,0.11406317,0.0665566,-0.024126977,-0.07246225
0.030069284,-0.06197577,-0.17680721,-0.07418886,-0.16467763
-0.20451382,-0.25851622,-0.095421776,-0.04970217,-0.067062
-0.00792334,0.005801384,-0.007887853,0.03497397,-0.022526978
-0.13711175,-0.09371635,-0.05697653,0.10194634,0.07075323
-0.017570646,0.0028777698,0.010750713,-0.038794484,-0.055630706
-0.04461743,-0.009684339,-0.032083284,-0.04275178,-0.07258594
0.045806978,-0.06984456,0.17593639,0.117948495,0.123664
-0.03084871,0.008019767,0.044085946,-0.012342102,-0.0702499
-0.121731885,-0.08706381,0.08398237,0.060632497,0.06617305
