-0.050081164,-0.07054088,0.008487832,0.013099659,-0.059526853
-0.031078681,-0.001995303,0.025275625,0.049931448,0.013087787
-0.008373745,-0.011569611,0.1958346,0.019593103,-0.0625751
0.121374674,0.04258406,0.026888851,0.04614115,-0.013031655
0.09725672,0.084665425,0.06645305,-0.022162681,-0.023183325
-0.14806867,-0.055955324,0.078006886,-0.04814993,-0.3697553
-0.16289411,-0.07021791,-0.026382586,0.06805128,0.24792364
0.018561454,-0.05253067,-0.035446793,0.19794579,-0.06280195
-0.11993164,0.1371653,0.047622025,0.072386034,-0.068242334
0.120779514,-0.00999701,-0.23514834,-0.23342387,-0.1001319
-0.04946047,0.00088054093,0.022893962,0.048315253,0.027565446
0.031426895,0.041314468,0.12134112,0.124546066,0.11045584
0.044528227,-0.06652814,-0.05353643,-0.09098808,-0.037895583
-0.13472812,-0.07823116,-0.022644728,0.03991976,0.09228064
0.12616283,0.1151941,0.01766816,-0.02559942,-0.102035254
-0.0044106003,-0.11853348,-0.029747542,0.01119429,0.19499907
0.024881229,0.27495793,0.25179362,-0.0122664375,-0.06983586
0.09430894,0.13515112,-0.0013989675,-0.17745844,0.055948973
0.070808955,-0.06921702,-0.07475983,0.08542056,0.15409306
-0.013615502,-0.09601046,0.1725343,0.16289096,0.15183161
0.057709757,-0.052105483,-0.022524796,0.22400098,0.010740554
0.029233763,-0.12358235,0.023610003,0.018504273,-0.05979024
0.13912322,-0.1872524,-0.22020163,-0.24453609,-0.10310062
-0.05135938,-0.38811693,-0.21312349,-0.2852588,-0.08253421
-0.12675607,-0.22596301,-0.056668293,-0.12834816,-0.09185534
-0.05264163,-0.06109293,-0.073354356,-0.02879412,-0.19720879
-0.016996304,0.05923082,0.119537555,-0.10905805,-0.19509356
0.09356809,0.053283736,0.026241375,-0.12568395,-0.08563265
0.024993327,-0.14951284,-0.12784159,-0.12844712,-0.015123981
-0.15948538,-0.06456995,0.011548251,0.11303982,0.093968466
-0.018430885,-0.04061279,0.035080034,0.1423713,0.029629128
0.07152275,0.067358,-0.02508365,-0.12734053,-0.030533426
-0.033566084,-0.087549575,-0.19681454,-0.1321205,-0.10316574
-0.13171525,-0.1688777,-0.20581537,-0.15874156,0.050875112
-0.06448921,-0.11318303,0.036609955,-0.007890401,0.085521564
-0.039407868,-0.06159418,-0.059347086,-0.13094486,-0.16170703
0.031635687,0.097212516,-0.022384275,-0.20230189,-0.27161807
-0.018719217,-0.1252108,-0.24263944,-0.22689103,-0.04431347
-0.0057537993,-0.15173581,-0.11804514,-0.015023885,-0.022910502
-0.07595105,-0.011372701,0.06343255,0.14697526,0.09935559
0.0641782,-0.11848221,0.01951237,-0.055750947,0.11651429
-0.081030905,0.04565182,0.07630471,0.0017236609,-0.02923417
-0.08485923,-0.09659949,0.0032827754,0.14824569,0.15182379
-0.026778504,-0.057234418,0.102405354,0.20462495,-0.08651284
-0.036363516,-0.0030490197,-0.06841249,-0.18184577,0.012674561
-0.039899003,0.0020097697,0.035414744,0.074859075,-0.18580161
-0.10079252,-0.07020706,-0.05745681,-0.28514042,-0.21324867
-0.11530271,-0.30906126,-0.21064986,-0.261661,-0.13250181
-0.319184,-0.13810712,0.008106984,-0.051014997,-0.16496181
0.06197641,0.05964047,0.19075917,0.046234567,-0.0589738
0.020411287,0.05835205,-0.12731871,0.017547457,0.11747251
0.038916428,-0.09392437,0.1595933,0.31704164,-0.016846232
-0.024751997,0.15753092,0.042789653,0.012672776,-0.08071913
0.20942478,-0.012337898,-0.026119018,-0.108380914,-0.06005698
-0.18905592,-0.1538426,-0.22782786,0.028782161,-0.10595416
-0.06845009,-0.056107283,-0.017880894,0.09631237,0.08832436
-0.0847451,0.29554167,-0.009650778,-0.03794771,-0.014290794
0.020741617,-0.058564577,0.052270856,0.16856812,0.09494272
0.051466342,0.11937177,0.13239618,0.10294599,-0.082833074
0.09692948,0.043942556,0.005358024,0.003415415,-0.09030778
-0.02526315,-0.09803386,-0.11725387,0.06665144,0.0908633
-0.048927907,0.11265834,0.096125685,0.08287543,-0.047491767
0.07510463,0.12871206,-0.14879756,-0.14226395,-0.046405338
0.0047712224,-0.14593402,-0.11773799,-0.03384078,-0.023498232
-0.05982745,0.05364693,0.055369306,0.08590301,-0.15133928
0.034922324,0.03984084,-0.09735369,-0.018589959,0.09032615
-0.0995438,0.06385011,-0.122206554,0.092738286,0.082039796
-0.18226346,0.046683155,0.09966031,0.27187246,-0.018877123
0.1011535,0.3328142,-0.004755113,-0.11644464,-0.15167342
0.028967204,-0.07797802,-0.20877378,-0.15986784,-0.11536006
-0.026099363,0.004340729,0.007771202,0.06060662,0.038363222
0.10530755,0.21843874,0.20811523,0.02700591,-0.15873969
-0.015114918,-0.021656832,-0.17996113,-0.18851219,0.009092026
-0.038286276,-0.123942226,-0.09826471,-0.05314461,0.0037967882
-0.059198834,0.090143524,0.13584383,0.07296686,-0.016955763
-0.04812852,-0.034180477,0.041076317,-0.001641569,0.05592926
-0.050030358,0.19597723,0.2032539,-0.04757032,-0.14516874
0.010684794,0.054890435,-0.1320561,-0.07848636,0.04457139
-0.016348967,-0.10368939,-0.0049800905,0.08982331,0.037991825
-0.024815697,0.062048897,0.14339271,0.11864086,0.012961121
0.008494514,0.032318342,0.038926173,0.21903104,0.12246685
0.03239091,0.35019368,0.15142687,-0.039408788,-0.08228653
0.10746036,0.09040823,-0.15875144,-0.16152646,-0.046118803
0.06485953,-0.0064485823,-0.013229692,0.106386185,0.08348715
0.04677603,-0.056832332,0.12679227,0.080181554,-0.11660539
0.00792051,-0.13984476,-0.0007518334,0.014420933,-0.02289215
0.051306628,0.28472772,0.2638455,0.13794504,-0.24005894
0.1077489,0.16075201,-0.10425243,-0.041160446,-0.0318113
0.07300568,-0.14341272,-0.23446299,-0.004891806,0.059125833
-0.012002815,0.031298805,0.011356591,0.1459335,0.2213597
-0.06273791,-0.06591854,-0.052804902,-0.12026758,-0.09016757
-0.18453994,-0.12562121,-0.18177445,-0.16015816,0.08784406
-0.18594779,-0.16746092,-0.11856548,0.20777495,0.14239325
-0.11498459,-0.111888826,0.022896662,0.0805235,0.008420942
-0.11108306,-0.08748638,-0.13698712,-0.091028094,-0.051734835
-0.045318525,-0.08274811,-0.03685604,0.089336425,-0.08147734
-0.1219659,0.01578362,-0.019460566,-0.0046650097,0.09621753
0.053725038,0.067282036,0.04097734,0.12790169,0.07361563
-0.0021091052,-0.0154195,-0.020391496,-0.07237882,-0.061664905
0.05893542,0.05300819,-0.07966472,-0.026405828,-0.014201846
