-0.26285678
0.018837657
0.02897092
-0.04927877
-0.15449797
-0.1238916
-0.16938612
-0.11008143
-0.08065669
-0.04636988
-0.023235118
-0.11053332
0.012765299
-0.056142054
-0.025214229
-0.013502956
-0.25632736
-0.18793207
-0.019972026
0.00043631456
0.07699609
-0.29120827
-0.062159453
-0.17233045
-0.15278643
-0.049700674
-0.21746638
-0.18513764
0.072508246
-0.12940532
-0.06695601
-0.009481902
-0.14187297
-0.027795305
-0.18972161
-0.3027226
-0.016103998
-0.20910479
-0.11660276
0.020339327
-0.17100735
-0.01604823
-0.19625562
-0.10495155
-0.08339433
-0.002867215
-0.0044326354
-0.15668243
-0.104941815
0.025258306
