-0.048717298,-0.035604004,0.012085406,-0.0119744195,0.047444046
-0.047931854,0.022335302,-0.044955228,-0.05925539,0.117917284
-0.018487709,-0.018657707,-0.016060527,-0.049289957,0.036367793
0.08410065,-0.058630392,0.08649458,0.038376845,-0.08263724
-0.006498041,-0.016710756,0.08874295,0.07449942,0.017164538
-0.19892493,-0.0937512,0.09856147,0.077624984,0.018739577
-0.29127637,-0.13699013,-0.11864487,0.094154656,0.12845533
-0.33370465,-0.20678148,-0.018489288,-0.043635268,-0.1316005
-0.1505443,-0.2885769,0.10960426,0.059104443,-0.02368584
0.07609355,-0.037325688,0.35992104,0.28620818,0.017933622
-0.039587244,0.051516227,0.024645412,-0.060220234,0.011124965
-0.06445037,-0.078016475,0.07758353,0.027665906,0.04026253
-0.11417114,-0.061773255,0.0034881013,0.07738246,0.14621182
-0.058402423,-0.119733825,0.04893398,0.083085604,0.121449955
-0.0036555906,0.10699711,0.15575458,0.22935462,0.029098796
0.03568079,0.048051715,-0.005121277,0.00021560359,0.0710428
-0.10694306,0.022003546,-0.034194764,0.10016988,0.037130833
-0.091580935,-0.014089847,-0.0047868975,0.031061314,0.006987864
-0.20862012,0.013960471,0.19351223,-0.019036641,-0.04349914
-0.015764259,-0.0017811976,-0.0038198438,-0.11438965,-0.12746355
0.002685016,-0.11894271,-0.2568205,0.12652907,0.054599766
0.27758303,0.06586613,-0.011291968,-0.06496765,0.03253952
0.216298,-0.029000208,-0.17022349,-0.08265516,-0.09895354
0.08525605,0.09640465,-0.27088007,-0.12822796,-0.22908175
0.023861034,0.11248845,-0.2697129,-0.2580289,-0.14235559
-0.07297494,0.012353885,0.04186755,-0.10992595,-0.107654095
-0.049880374,0.02090209,-0.030600905,0.019214742,-0.013599919
-0.04228068,-0.22347024,-0.23233445,-0.063234344,-0.008985563
-0.04669073,-0.09790814,0.11208853,0.087750696,-0.06860159
-0.11612643,-0.112627044,-0.030036824,-0.122692294,-0.10195037
0.1311272,-0.06019047,-0.14524354,-0.06496618,-0.08859399
0.099955514,-0.086097434,-0.0709711,-0.010242849,0.09834181
0.077491075,-0.23021194,-0.237506,-0.091595195,-0.016063007
-0.023835044,-0.11560612,-0.14712566,-0.12911688,-0.04242918
-0.1394666,0.058074135,0.020416649,-0.1875075,0.056232743
-0.13357478,0.011912926,0.04770663,-0.06731875,0.02249788
-0.08153634,-0.04376313,-0.0066392133,-0.0206776,0.08621443
-0.13100901,-0.24069515,-0.2697776,-0.006729444,0.049580943
-0.19668096,-0.073175065,-0.017774336,0.042557538,-0.15087076
-0.21328747,-0.101780735,-0.16299112,-0.17788097,-0.11806884
0.039335385,0.043739554,-0.015232972,0.042256366,0.14667268
-0.030169321,0.10470906,-0.03201824,0.079579964,-0.029449183
-0.018328331,0.12429807,0.028950002,0.0105344625,0.068715535
-0.071646556,0.06394001,0.101827286,0.053738132,0.07972011
-0.038528595,0.006897201,-0.10690599,-0.00025213388,0.0045786374
-0.11408287,-0.22173437,-0.11610313,-0.131052,-0.0323808
-0.10012292,-0.36291394,-0.11775961,-0.066599056,0.039866187
-0.08112674,-0.24963649,-0.22960046,-0.23978502,-0.07852156
-0.13158341,-0.09946767,-0.22225818,-0.229024,-0.16696793
-0.024777604,0.14693274,0.26036415,-0.07734665,-0.06938366
-0.12011389,-0.003222471,-0.0038312413,0.04363336,0.15784828
-0.041933276,-0.11392383,0.04305734,0.0044098455,0.052431256
-0.036569785,-0.0907743,0.10126863,0.04607514,-0.12067766
-0.057956602,-0.14732228,0.18703412,0.29633296,-0.02259233
0.0014537814,-0.16083497,-0.09885206,0.08703473,-0.14025506
0.02101081,-0.007503944,-0.022294587,-0.04225287,-0.01731391
-0.0034162465,0.0097469175,-0.022767518,-0.04985173,-0.057058398
-0.065496266,0.13066266,0.11429358,-0.006470227,0.11770561
0.0829548,0.3628523,0.16407727,-0.07721965,-0.0022585217
-0.005670389,0.086899586,-0.0036176108,-0.022676202,-0.0049645575
0.06962611,0.031944826,-0.06568661,-0.06772207,0.09771127
0.14543085,0.034617327,-0.04184879,-0.093554765,-0.03379734
0.07849403,-0.043586217,-0.120047644,-0.043126125,0.045667283
-0.017408356,0.21180885,-0.06583719,-0.06821596,-0.012446589
-0.025143562,0.017761061,0.014740833,-0.25678813,-0.11649378
0.06685977,0.11968661,0.010520953,-0.067157544,-0.012935764
-0.033487532,0.07910429,-0.06359727,0.008003216,0.014150073
-0.07203822,0.08738698,0.065937,-0.0016523574,0.004712073
-0.036657028,0.17857112,0.06794681,-0.14523172,-0.026537295
-0.047174882,-0.07403185,-0.23656641,-0.07952165,-0.036813665
-0.08554301,-0.037300054,0.0976652,0.066346005,0.11574925
-0.1294201,-0.03854777,-0.02289518,0.027731176,0.08226458
-0.08844445,-0.111757666,-0.045184713,0.010411409,0.15957384
-0.13940941,-0.0850598,-0.008352689,0.0779903,0.000391258
-0.1364209,-0.15913095,-0.083339274,0.004691382,0.023049228
0.0043151206,-0.06513445,-0.003770883,-0.008706318,0.019121408
-0.06644911,-0.07388003,-0.1336726,0.009177883,0.07254742
-0.18056506,-0.019104851,0.119444676,-0.06494313,-0.045061164
-0.08905797,0.05332101,0.1915634,-0.08780314,-0.08111222
-0.047526404,-0.022133911,-0.08661598,-0.116720885,-0.05583556
0.03126744,0.11434062,0.0044825696,-0.08004867,0.03964981
-0.13547847,-0.040030956,-0.1659995,0.032014295,0.05177633
-0.050016396,-0.03494554,-0.17855516,-0.015367545,0.07923945
-0.2522577,-0.031204693,0.033105504,-0.09817804,0.074075975
0.06434457,-0.091189116,0.07602864,-0.20423427,-0.032423966
-0.13276482,0.04457195,0.063289076,-0.05073133,0.116995595
-0.13372074,-0.17368421,-0.12195685,0.028274266,0.12346748
0.017702045,-0.1749992,-0.028631464,-0.15139383,0.18904476
0.07042383,-0.11797258,0.27930036,-0.04494083,0.08484737
-0.07756281,-0.05397648,-0.059744846,-0.25660732,0.04847271
-0.039821047,0.0007195783,-0.06998266,-0.049943738,0.09136944
-0.029182306,0.111722365,0.1086914,0.09357867,0.0076769544
-0.08704147,0.019914165,-0.034039203,-0.08744446,0.0498818
-0.08443266,-0.1412803,-0.29794523,-0.046442155,-0.0344224
-0.092741355,-0.016838135,0.01646429,-0.050595492,-0.06579074
-0.092486136,0.024194662,-0.04364235,-0.0249056,-0.0020541304
-0.0771826,-0.13216735,-0.031080883,0.038104948,0.05450533
-0.17581435,-0.15909256,-0.038182624,0.041623168,0.09103599
0.0066440236,-0.0491847,-0.0027767038,0.016864456,0.0945243
0.014034687,-0.076479934,-0.1221191,0.028897243,0.0766426
