-0.19794287,-0.1929562,-0.148209,-0.20372601,-0.18964963
-0.1592189,-0.19815849,-0.22334498,-0.15323345,-0.2262111
-0.2317488,-0.21063565,-0.18173893,-0.15143593,-0.22258203
-0.20993157,-0.1472731,-0.15275727,-0.17073435,-0.22553155
-0.16309376,-0.19051321,-0.22204377,-0.15263572,-0.21825634
-0.18038057,-0.21203548,-0.14975724,-0.18627687,-0.19849637
-0.16251439,-0.1469741,-0.19115283,-0.15732768,-0.20373009
-0.21182567,-0.21185884,-0.23060058,-0.14810845,-0.17659502
-0.21923232,-0.22644666,-0.15960605,-0.1855364,-0.21823472
-0.19210841,-0.20392866,-0.18183103,-0.20614752,-0.20858957
-0.21387969,-0.20613448,-0.1869535,-0.16590813,-0.17814177
-0.15914777,-0.20164116,-0.20309648,-0.21454178,-0.2262232
-0.21511021,-0.19697908,-0.14555676,-0.23125564,-0.15421015
-0.16471323,-0.16540943,-0.16391176,-0.16364707,-0.14899324
-0.17110412,-0.1969731,-0.17065197,-0.19100136,-0.20931815
-0.17129092,-0.14295897,-0.15412465,-0.20694928,-0.19163221
-0.17054507,-0.16286051,-0.2266074,-0.18157916,-0.19295089
-0.14475922,-0.1749597,-0.20774278,-0.20192072,-0.15118875
-0.20090352,-0.1793579,-0.14855112,-0.22719572,-0.19133377
-0.227995,-0.20125555,-0.17126551,-0.18764548,-0.1654976
-0.2181039,-0.1677304,-0.20602249,-0.15866178,-0.19928323
-0.1510707,-0.18406491,-0.17236395,-0.22152503,-0.18112242
-0.15467013,-0.22179464,-0.15457912,-0.1709987,-0.20670554
-0.21683751,-0.16019748,-0.20127717,-0.16589428,-0.18220812
-0.14590359,-0.21845774,-0.19392847,-0.1680913,-0.20964478
-0.19995631,-0.19746533,-0.14380413,-0.1680165,-0.22914425
-0.17518029,-0.14988123,-0.16513824,-0.14704733,-0.19652455
-0.18322633,-0.1439688,-0.1464432,-0.200808,-0.17824824
-0.18584849,-0.14820464,-0.20730636,-0.19319461,-0.17130029
-0.19461834,-0.20871653,-0.14959002,-0.2042603,-0.16019365
-0.1977322,0.14355321,-0.21834747,-0.17619735,-0.15563458
-0.19383378,-0.15852405,-0.17942636,0.20663315,-0.14322872
-0.15709688,-0.15299615,-0.21601339,-0.22062355,-0.15220672
-0.14641777,-0.16492942,-0.16989781,-0.19792892,-0.17159301
-0.20915073,-0.18952027,0.22846258,-0.028174378,0.14993028
-0.19114953,-0.16434337,-0.22926179,-0.15920249,-0.18567105
-0.18231747,-0.15997694,-0.16505918,-0.19020064,-0.23018648
-0.14898935,-0.20214897,-0.2125107,-0.17270845,-0.1576102
-0.18129812,-0.21311508,-0.22827978,-0.16819343,-0.17201163
-0.16107549,-0.14310692,-0.21201546,-0.17376518,-0.14329818
-0.18904407,-0.20425433,0.15274811,0.18830313,-0.21024832
-0.21805015,-0.2301732,-0.16919546,-0.19410425,0.20653297
-0.16368926,0.14317548,-0.20387577,-0.14780818,-0.19536917
-0.15751548,0.14884454,-0.14678243,-0.16874897,-0.21904197
-0.1771033,0.2155454,-0.16342591,-0.17886773,-0.017374514
-0.20165138,-0.22012715,-0.14370964,-0.17913836,-0.17797568
-0.21340387,-0.22258602,-0.19292653,-0.1645819,-0.15393072
-0.1920455,-0.16888538,-0.19554436,-0.20094566,-0.14294554
-0.17677839,-0.14376703,-0.2315394,-0.18412238,-0.20298085
-0.15303493,-0.16525193,-0.18020904,-0.15981539,-0.21420501
-0.19939563,-0.16497296,-0.21366881,-0.17691451,-0.17311203
-0.22485127,-0.21395479,-0.22076522,-0.22857055,-0.20353599
-0.17361198,-0.17106111,-0.16231513,-0.18206285,-0.21629384
-0.22983506,-0.14869907,-0.17970715,-0.15335204,-0.22960626
-0.2119901,-0.18884678,-0.15065692,-0.22434157,-0.2114524
-0.033927403,0.022748942,0.0034542829,-0.016984435,0.0298232
-0.033246994,-0.0044169165,-0.020448726,-0.009989387,0.0004615168
-0.0010112063,0.044302884,-0.03947476,-0.018729428,-0.003406622
-0.018714938,0.041542068,0.02301395,0.03382787,0.032843634
-0.0023899565,0.029467385,-0.0037716173,0.032125928,0.006513625
-0.16986166,-0.16924407,-0.2046469,-0.1494384,-0.15122436
-0.19847903,-0.20090929,-0.22735181,-0.164144,-0.22194913
-0.22898507,-0.15087079,-0.1777603,-0.14872365,-0.22508168
-0.21286292,-0.19960411,-0.16002364,-0.22162211,-0.22620353
-0.20084022,-0.21087183,-0.14433669,-0.16485596,-0.2178559
-0.019275935,-0.0016460512,-0.027987614,-0.033790927,0.040075727
-0.029741442,0.025829481,-0.012874249,-0.0339729,-0.020262735
-0.020491354,-0.030373994,-0.027394636,-0.0020312357,-0.023548035
0.036369886,-0.042725656,-0.007285759,0.029440388,-0.029517002
-0.010215985,-0.036466017,-0.043144055,0.02118714,0.011423998
-0.18331215,-0.15230396,-0.18869194,-0.22498693,-0.2311777
-0.18118058,-0.21416788,-0.1460242,-0.19326572,-0.14919987
-0.19488499,-0.20836651,-0.23197289,-0.14502174,-0.22631417
-0.15604758,-0.20503278,-0.22067982,-0.20304202,-0.16601625
-0.15354091,-0.22506937,-0.22101602,-0.17247494,-0.1663108
-0.21635404,-0.16905189,-0.19393389,-0.22668658,-0.16261448
-0.22511756,-0.19020058,-0.19733846,-0.20821956,-0.19480105
-0.22755943,-0.14808306,-0.22111614,-0.16005781,-0.18611969
-0.18964002,-0.19092613,0.16826773,-0.19576624,-0.15548468
-0.20890732,-0.16727005,0.15157844,-0.20967908,-0.1567397
-0.1713084,-0.22828437,-0.21899155,-0.15871651,-0.19073589
-0.14612202,-0.23177873,-0.17580655,-0.23189792,-0.1690577
-0.20281649,-0.19241428,-0.19319125,-0.18192002,-0.21776764
-0.2124831,-0.16818045,-0.21354087,-0.17515473,-0.19295278
-0.15942678,-0.19892506,-0.15614702,-0.18885972,-0.21251772
-0.17922463,-0.21515761,-0.17688686,-0.20911963,-0.18225572
-0.19609371,-0.1992488,-0.2262393,-0.2026755,-0.15032108
-0.16243468,-0.20637025,-0.1824237,-0.17647794,-0.1601898
-0.15714113,-0.21221676,-0.19827998,-0.15092841,0.19217381
-0.21241161,-0.21011223,-0.20981878,-0.22979897,-0.21766861
-0.14326322,-0.19305721,-0.15784164,-0.22904603,-0.16658255
-0.17043759,-0.22951366,-0.19849825,-0.17596453,-0.22281003
-0.17047632,-0.16163723,-0.2283632,-0.20488715,-0.15630229
-0.19165295,-0.2138244,-0.17649297,-0.22473605,-0.17273708
-0.21353231,-0.17142367,-0.2114342,-0.20103678,-0.20843118
-0.16429055,-0.22868152,-0.16059639,-0.1644404,-0.21916051
-0.15747242,-0.15449148,-0.21584035,-0.18358491,-0.17647573
-0.19382775,-0.15513578,-0.19902523,-0.2030087,-0.17504287
-0.16364217,-0.15234305,-0.23219731,-0.19876426,-0.20744416
-0.20402633,-0.19985504,-0.21284342,-0.2140713,-0.21184784
