-0.032460105,-0.015328586,-0.031308524,-0.13468875,-0.07653285
-0.108559616,-0.0506192,0.016511599,-0.05624433,-0.047614202
-0.13158402,0.065536715,0.023801116,0.029295174,0.05306043
-0.07683124,0.030683719,0.096161515,0.09263181,0.054905593
0.033903576,0.100287504,-0.03927115,-0.106095,0.013381746
0.09181725,-0.0032678384,-0.037682578,0.076764666,-0.0765118
0.074287705,0.08115181,-0.18590191,-0.1295382,-0.16244833
0.054522365,0.28355116,-0.2400165,-0.34995222,-0.3401766
0.034581047,0.07852093,0.19595093,-0.036551576,-0.23972139
-0.20281851,0.2135101,0.5770534,0.022695774,-0.2204679
0.083392136,0.1304678,-0.067556836,-0.091721214,-0.10534006
-0.11166542,0.17259222,0.059194665,0.019083202,-0.072284006
-0.008092296,0.17394432,0.063631736,-0.111733586,-0.12164192
0.023225583,0.052493118,0.11146237,-0.12199142,-0.07837046
-0.05097481,-0.03652305,-0.0768757,-0.08849372,-0.1471916
-0.09500886,0.042368572,-0.10800256,-0.1690445,-0.096117884
-0.10085905,0.056456394,0.21527162,0.084551,-0.011231684
0.013650669,0.01710302,0.09778514,0.29868785,0.06474085
-0.060451757,0.10548683,-0.09567097,-0.018744344,0.07306231
0.05489103,0.06910873,-0.11410256,-0.25949377,-0.05695588
-0.107655436,-0.18924357,-0.24794099,-0.16139692,0.05356247
-0.04611385,-0.06385612,-0.19592518,-0.07525557,-0.007212771
-0.13871275,-0.06754942,0.020972991,-0.049305025,-0.06997045
-0.1369329,-0.114408776,0.06936374,0.08983032,0.058754824
-0.24103618,-0.16132742,0.011151005,0.08778277,0.14357509
0.049291745,0.13440448,0.074585564,-0.086913325,-0.071896076
-0.011306785,-0.071284495,-0.0476086,0.005549648,-0.041731227
0.03719708,-0.05076998,0.0013259074,-0.03501545,-0.075955704
-0.08301281,-0.009510197,-0.11975969,-0.15844966,-0.092844084
-0.23033091,-0.11803478,0.051104054,-0.03427319,-0.031626325
-0.019291045,-0.14665581,-0.1282363,-0.06372586,-0.018595641
0.0061646453,-0.0863931,-0.08080494,-0.008263553,-0.0075860503
-0.08687598,-0.044479754,-0.008230577,-0.028089618,0.0056999936
0.10105835,-0.008537653,-0.09161291,-0.10861939,-0.08290205
0.11925391,0.006954591,-0.1315693,-0.10602448,-0.009902455
-0.008460028,0.02982507,-0.05363786,-0.11372959,-0.122009605
-0.046485852,0.015593975,-0.050512575,-0.045003798,-0.11168611
0.17718454,-0.19658619,-0.29373634,-0.109093465,-0.017748011
-0.1624821,0.029149625,-0.08706161,-0.09977763,-0.13165638
-0.25582483,0.077577755,0.096875496,0.0029745775,0.07247114
-0.13727902,-0.06014078,0.07049181,-0.078617565,-0.0905041
-0.06286611,-0.043203313,0.051295716,0.010667939,-0.05565144
-0.052853394,-0.28289962,-0.06548159,0.14094777,-0.033324108
0.012965439,-0.19115818,0.08677485,0.12104314,-0.029178562
-0.074962944,-0.09584667,0.003470303,0.027672015,-0.006950546
-0.2838187,-0.27325338,-0.15348661,0.08547907,0.2274392
-0.03600678,0.035825804,-0.04244967,-0.16340922,-0.17823474
-0.1475863,-0.055550013,0.021115342,-0.05879951,-0.23495127
-0.105183914,-0.045699373,-0.108540684,-0.17521192,-0.24130355
-0.18744053,0.06423829,0.123125754,0.01690937,-0.17073984
0.08073822,-0.028255846,0.018020254,-0.015622465,-0.055456735
0.17479539,-0.0068826433,-0.11471217,-0.22586684,-0.13915221
0.25012574,0.16764398,-0.16318214,-0.29671523,-0.07718523
0.005989229,0.18604173,0.26071265,-0.091218926,-0.1430227
0.1280076,0.17029727,0.14751026,-0.029005418,0.01019054
-0.26263088,0.03684748,0.12112237,-0.019311626,-0.06400268
-0.0032602441,0.06297269,0.0698466,0.10357057,-0.00581194
-0.034894053,-0.02197229,-0.10157088,-0.0032446696,0.030718869
0.089063615,-0.03578374,-0.35683694,-0.1296587,0.008659312
-0.04256318,-0.19417045,-0.2389103,-0.108295016,0.076520376
0.029299404,-0.023146952,-0.12977448,-0.120064735,-0.12565814
0.039165795,0.030619334,0.124125935,-0.09465106,-0.12088367
-0.032622863,-0.041482083,0.18077753,0.024636501,-0.08437606
-0.07294142,0.07992467,-0.052780725,0.04540714,0.1050351
0.011886486,0.05954212,-0.10367803,-0.08576054,0.07407271
-0.04466798,0.09508272,0.21472101,0.0018068328,-0.08478282
-0.05936591,-0.089078896,-0.08895123,-0.046669953,-0.14461906
0.036682494,-0.0026260668,-0.030484263,-0.0859756,-0.041918263
0.2188794,0.16938637,-0.011624227,0.089557506,0.066738315
-0.00924386,-0.08231552,-0.13270447,0.056055717,0.07562968
-0.14279889,-0.05667125,-0.11731919,-0.069115736,-0.020936817
-0.12341639,0.0950027,0.008328263,-0.056455202,-0.075936556
-0.04967528,-0.047624305,-0.078790314,-0.13774435,-0.073546484
-0.089727536,0.08928065,0.124973856,-0.05520013,-0.093866885
-0.10966963,-0.020595679,-0.07456874,0.001213609,0.02753672
-0.08134766,-0.033786092,-0.03194899,-0.054825895,-0.09631647
0.06007366,0.13295564,0.015343121,0.018817076,-0.06650414
0.05309869,0.0035286495,-0.0113711655,0.07084722,0.03875419
0.006268965,0.076839514,-0.09870683,-0.020967517,0.043241046
-0.004604994,0.010483414,-0.087011054,-0.092594504,0.069856904
-0.008513967,0.10901591,-0.04214955,-0.16108096,-0.16406195
-0.3193535,0.07430015,0.4155342,0.3620095,0.005240129
-0.11757689,0.11160769,0.12580635,0.2403088,0.055136383
0.0525654,0.2704388,-0.13143866,-0.16552812,-0.06436154
-0.040472616,-0.015750337,-0.14640711,-0.21981294,-0.21737623
-0.3011856,0.09046544,0.16055572,-0.30025065,-0.21132447
-0.32012987,-0.17422073,0.28058374,0.37871367,-0.02452463
-0.16787419,-0.053947117,-0.060714584,0.38999295,0.18555267
-0.050419725,0.013931409,-0.06575236,-0.15718709,-0.051700998
-0.24782974,-0.18496847,-0.23541638,-0.4140906,-0.19461748
-0.10807653,-0.046206478,-0.0033582589,0.08854826,0.039168306
-0.09539093,-0.2441007,-0.059294853,-0.019254707,-0.08966164
0.0016949103,-0.2677568,-0.16799542,0.093154706,-0.028420968
-0.111504495,-0.27848005,0.05353308,0.18567695,-0.04140692
-0.11483473,0.00621281,0.075550735,0.013617975,-0.087461084
0.09998298,0.06708629,0.100067124,0.017037962,-0.04001933
0.06499267,0.06767538,-0.049549755,0.020681562,-0.015449914
-0.18343073,0.047261715,0.11192308,-0.0996383,-0.13285494
-0.07700734,0.0782144,0.122741364,-0.11004892,-0.058574416
-0.2288746,-0.020771045,0.17067301,0.14956073,-0.10058559
