0.008687564,-0.014599589,-0.060162157,0.026998894,0.0518751
-0.037350636,-0.016740408,-0.09282515,0.072090715,-0.011254978
-0.0063156895,0.031859536,-0.06729223,0.016897101,-0.066961825
-0.0005093378,-0.04745004,0.041643884,0.02342627,-0.017063698
0.013128364,0.019025372,0.09910052,-0.06479542,-0.025961524
-0.13887537,0.07072159,0.11861818,-0.08995804,-0.16482575
-0.060011256,0.10392813,0.07847285,-0.10502313,-0.08864608
-0.21484116,-0.08438076,-0.09266174,-0.1456581,-0.094210714
-0.00497831,-0.12838422,-0.083832465,-0.16373734,-0.16403076
0.064843014,0.022667952,-0.08041195,-0.22246096,-0.22512572
0.026991412,-0.09899894,-0.018135328,0.001614595,-0.038417723
-0.0370517,0.039720993,0.10826137,0.012486861,-0.007324309
-0.12634075,-0.02417089,-0.02508074,0.026377013,0.024374096
0.05146457,0.013555398,-0.07659392,-0.011691165,0.012847416
-0.008421452,0.026522147,-0.0050342474,-0.051799584,-0.021476146
-0.07572965,-0.11176326,0.06318893,0.026912548,0.065085545
-0.096779205,-0.11414396,0.028069887,-0.0068987617,0.03899355
-0.00188176,-0.016873028,-0.03961785,-0.026223315,0.051022556
-0.09858265,0.097346835,-0.042503055,-0.038620576,-0.04886663
-0.108881064,-0.019234262,-0.024544485,-0.030632364,0.013942704
-0.036594406,-0.15173332,-0.09402859,0.062990524,0.08759567
0.01172711,-0.12463811,-0.033324156,0.08812925,-0.02536245
0.118165076,-0.13464718,-0.0889,0.00081994326,-0.008729294
0.12970237,-0.020455465,0.0007249795,0.0026410085,0.00024558173
0.12557064,-0.07312917,0.02166123,-0.03067471,0.02055406
0.11013336,-0.056896687,-0.07011358,-0.102626875,-0.06869458
-0.08310224,-0.09014459,-0.12185199,-0.016469697,-0.07462315
-0.16851386,-0.1057185,-0.13084824,-0.091260925,-0.0519637
-0.17123362,-0.11157271,-0.10603201,-0.038218275,-0.02625063
-0.10029432,-0.08288588,-0.03648979,0.02224334,-0.038489033
-0.07904228,-0.133152,-0.07816764,-0.04612206,-0.02477894
-0.027933402,-0.17475627,-0.005246542,0.048078757,0.023432834
-0.03729488,-0.09744368,0.06658622,0.13928618,0.06677663
-0.01767534,-0.07911879,0.042419888,0.09475612,0.026549302
0.09595942,-0.023162547,-0.054471027,0.046946537,0.08845019
0.045400027,-0.066570915,-0.03726695,-0.10776877,-0.107326224
-0.11302659,-0.09875065,-0.072602496,-0.056759704,-0.042749062
-0.1631485,-0.18159555,-0.09724001,-0.0766061,-0.028807942
-0.14735126,-0.06977492,-0.077238165,-0.10129381,-0.03185692
-0.12922361,-0.13178512,-0.10765613,-0.07908309,0.01344048
-0.19463035,0.024257995,0.020688912,0.013097336,-0.0018044575
-0.11593002,0.0031290976,0.03241079,-0.020476606,-0.087981485
0.11091947,0.09141807,-0.054392107,-0.054667104,-0.0830607
0.10664159,0.08730493,-0.037047166,-0.06875322,-0.028446088
-0.047412604,-0.10526592,-0.0703813,-0.093065344,-0.08433659
-0.18407933,-0.16786154,0.08971685,0.062228233,-0.03515031
-0.084989674,-0.033836737,0.12243244,0.06263802,-0.013824086
-0.112018526,-0.05298205,0.13195342,0.13755304,0.085008934
-0.08177231,-0.103704885,-0.081794575,0.005240441,0.014789449
0.25522158,0.009022736,-0.13881136,-0.16422445,-0.04668066
0.06704604,0.008381667,-0.109212145,-0.05876765,-0.006761958
0.0427495,-0.05645878,-0.1013547,-0.08358068,-0.043739505
-0.008323017,-0.14353995,-0.094898485,-0.022870064,-0.0885137
-0.06710571,-0.13569404,-0.056592185,-0.07590298,-0.07596504
-0.06296687,-0.080633186,-0.10770921,-0.11476537,-0.101816215
0.06985795,0.10914292,0.19509636,0.048600875,0.03605025
0.025086127,0.0115545625,-0.008016257,0.07035029,0.074831426
0.0042469767,0.015415758,-0.007022708,-0.0259825,0.0856039
0.058154292,-0.034790043,0.009487723,-0.027542235,-0.039150316
-0.14307249,-0.08683033,-0.027584821,-0.05452294,-0.016036874
0.09992487,-0.0417995,-0.07833498,-0.036082707,0.03731303
0.100292265,-0.0066254386,-0.0031864136,-0.029438497,0.004116128
0.14833389,0.020974983,-0.11015109,-0.02278771,0.035345826
0.0689216,-0.07137779,-0.11395018,-0.06462164,0.051981557
0.009145741,0.011504463,0.033099324,-0.032445796,-0.08242892
0.25983113,0.1953139,0.019312212,-0.09366017,-0.073313974
0.21727468,0.047622304,-0.07423272,-0.09210092,-0.050626956
0.089939214,-0.022020217,-0.07395902,-0.090753,-0.049585663
-0.008811508,-0.010251904,-0.09016278,-0.08384267,-0.07862734
-0.17059518,-0.087670326,-0.095583245,-0.070898525,-0.06786314
0.018084854,0.010589321,-0.017684916,-0.041380387,-0.006834262
-0.07564548,-0.1265489,-0.12750137,-0.017841578,-0.08389156
-0.03536301,-0.07488271,-0.00994862,-0.015939785,-0.07323478
-0.1455756,-0.08479179,0.011113052,-0.0042940667,-0.03674649
-0.042156424,-0.06886233,-0.0058658547,-0.01782661,-0.03843046
-0.042686768,-0.1382896,-0.007912311,-0.016438855,0.026598016
-0.012205484,-0.09662583,-0.067572385,-0.0057412027,0.025446836
0.0015338587,-0.08867566,-0.08319966,-0.015284688,0.005513153
-0.017998563,0.07870953,0.0044954214,-0.06318101,-0.025948426
-0.011399177,-0.011584581,-0.047927238,-0.042881962,-0.035077803
-0.08596045,-0.038013455,0.115394756,0.09594927,0.083691604
0.076515004,0.019147582,0.13467161,0.07064105,-0.0007935156
-0.1222371,-0.13552049,-0.07788932,0.10340709,0.04962411
0.008796047,0.119267546,-0.06133706,-0.04092238,0.073681764
-0.00042873013,0.15752606,-0.041131284,-0.11106282,-0.07770059
-0.20125613,-0.14601487,0.07719987,0.14070988,-0.08974503
-0.24718374,-0.14096211,-0.077395685,0.08816474,-0.09207126
-0.25880605,0.10196335,-0.0054972214,-0.07303827,0.014137549
-0.07591829,0.049199972,0.1439355,-0.07567296,-0.06819537
0.025654411,-0.08422184,0.107487306,-0.09885139,-0.014216445
-0.14190556,-0.03602377,0.069264084,0.09657484,-0.0076658893
-0.08291847,0.021194037,0.04919832,-0.031494427,-0.113837965
0.01979361,0.1670799,0.011908165,-0.10018611,-0.02305156
-0.0142848855,0.025418753,0.012769376,-0.06872266,-0.04801077
0.024418242,-0.0150029315,-0.035582747,-0.13647836,-0.09312174
-0.06373515,-0.06292503,0.02012019,-0.054448903,-0.05430116
0.082142815,-0.06116158,-0.029511003,-0.054530185,-0.018033246
-0.07083259,-0.13253401,-0.033038076,-0.022676619,0.02768979
-0.013951897,-0.055511814,-0.052126713,-0.018814838,-0.0810842
-0.027179135,0.024489941,0.020863216,-0.06352012,-0.0980413
