0.0155847045
0.01904519
-0.021462718
0.020820906
-0.057593696
0.02382551
-0.0057998206
0.018226683
-0.03546252
-0.03193224
-0.0013080401
-0.006476495
-0.03568301
-0.04688808
0.0387439
-0.049279854
-0.06159081
-0.042193666
0.0098896595
-0.03450297
-0.024855107
-0.012349191
-0.020724962
0.0008059918
-0.035012644
-0.023012308
0.011788437
-0.00091741857
-0.023385372
-0.028089492
0.038768597
-0.04003031
-0.0046014735
0.013314872
0.082355246
-0.023181627
-0.028587243
-0.0111106485
-0.037248913
0.0030321283
-0.01140539
-0.027899347
-0.0237097
-0.03828447
0.018693639
-0.0054702903
0.00096061354
-0.030969193
-0.0023719145
0.008186091
-0.020881772
0.02840832
-0.015172936
-0.03478134
-0.010296667
-0.02779527
-0.01594595
0.013037588
-0.044837072
-0.017767215
-0.019526575
0.01825547
-0.026871178
-0.03877067
-0.033868354
0.007242909
-0.018695181
-0.01723703
0.04909093
-0.0100860465
-0.04557394
0.014723349
-0.015854856
-0.055490825
0.009914207
0.0019864368
-0.007597559
-0.007860657
0.0013139212
-5.3607782e-05
0.02767075
0.024153419
0.004869424
0.031532537
-0.049744412
-0.0022289786
-0.016881784
-0.0014529695
0.026357073
0.019126153
-0.039173342
0.018761516
-0.004537428
0.023903374
0.03512122
-0.0027650986
-0.015209382
-0.006870514
-0.004878526
0.03838179
0.021885755
0.03152977
-0.0131633775
0.02487804
0.008419569
-0.03308721
-0.031127306
0.023031939
0.004964976
0.00080279104
-0.039087996
-0.011282252
0.008479792
0.025857631
-0.002073032
-0.009260847
-0.007514295
0.023089744
-0.012936631
-0.009147057
-0.038102414
-0.011936763
-0.0042611673
-0.029925428
0.022703297
0.018098155
-0.07370332
0.0055230805
-0.031193804
0.01079932
-0.039803304
0.032823436
0.022557307
0.009909326
-0.03476748
0.009479315
0.07350265
0.023738915
0.00717548
0.024786921
0.07307242
-0.07870131
0.0038145073
-0.00784271
0.014257288
0.021002643
-0.047414348
0.0012153877
-0.027869267
-0.004267609
-0.025909683
-0.025920795
-0.041502092
0.025533574
-0.02064115
0.0072637396
-0.03747817
-0.011901539
-0.023581937
-0.023351176
-0.0049084784
0.0062039155
0.017885115
-0.009585104
-0.03011975
0.009355264
0.03547812
0.022012156
0.048831467
0.016543966
-0.043206565
-0.0106529035
0.009193705
-0.00269802
-0.021079358
-0.05815557
0.01081544
-0.0067583183
0.025289726
0.030558728
-0.024922678
-0.021503031
-0.010090164
-0.010976222
0.0058762887
-0.004028564
-0.025127977
-0.016026681
-0.02699949
0.0036993425
-0.0396842
0.011719092
-0.034667656
0.01609553
0.045018654
-0.012570206
-0.0071550626
0.028681021
-0.020591324
-0.04787692
-0.0034067512
-0.027994312
-0.013908979
-0.010212393
0.0285841
-0.03100418
-0.0370815
-0.019232992
-0.02816307
0.0043562897
0.013687439
0.02668134
-0.030963432
0.036476806
0.025437549
-0.04352327
-0.004527679
0.022121297
0.018265754
-0.023044227
-0.04435752
-0.015812933
0.0086106025
-0.026691126
-0.021731928
-0.049330074
-0.0051177423
0.0070555904
-0.013923156
-0.003952589
0.001626352
-0.00032228508
-0.017269485
-0.008810316
-0.029183326
-0.03522764
-0.012003962
-0.0015971967
-0.01861824
-0.0078233285
0.03983884
-0.04852476
-0.015794015
0.03507681
-0.02331811
-0.0347647
0.06288256
0.03995955
-0.012073387
0.020774715
-0.03720628
-0.0045481552
-0.073922604
0.00049319473
-0.0318947
0.07194999
-0.038920484
-0.0148975765
-0.017920718
0.0052605886
0.0016686597
-0.045659173
-0.0148926545
-0.00666428
-0.030602507
-0.047832172
0.009660191
-0.020112697
0.030508667
-0.044753704
-0.03749232
0.01325373
0.03852192
-0.025486242
-0.03757828
-0.0010430395
0.06669814
-0.013370525
0.017339177
-0.036582775
0.040087465
-0.023349624
-0.032222208
-0.030887445
-0.020781351
-0.0015890118
-0.037571404
-0.015926514
0.0069126333
0.0074944305
0.019553019
-0.040894132
-0.0003797521
-0.034084998
-0.02739424
-0.040101673
0.016536484
0.051433735
0.022010803
-0.038457025
-0.018780999
-0.026998017
-0.047648307
-0.0276296
-0.03538092
-0.0126630785
-0.027447036
-0.026658282
-0.022748308
-0.053949337
0.009169448
0.025048023
0.036736317
-0.0007632753
-0.008403169
-0.034344036
0.012543312
-0.030806623
0.00615824
0.0031822217
-0.028300194
0.052619305
-0.0055871233
-0.031295873
0.0070910943
0.0056062993
0.018246552
0.039244518
-0.009722309
-0.012720801
0.012222636
-0.021570828
-0.014234542
-0.037384123
0.009057481
-0.036533408
0.0057918187
0.01401255
-0.018753158
-0.0092788655
0.010868081
-0.023808988
-0.024766628
-0.01723909
0.017811585
0.09682687
0.0004993742
-0.014631318
0.04006857
0.012055248
-0.015962929
-0.0037371782
-0.0127279125
-0.036814015
0.011332849
-0.002428917
-0.037054583
0.023937756
-0.025785156
-0.009943595
-0.012552421
-0.02204947
-0.018168544
-0.04263362
0.025397183
-0.00819439
-0.018449895
0.017970385
0.008268203
-0.042050075
-0.016676594
-0.011244814
-0.03947188
-0.025757551
-0.015421077
0.038754016
-0.024793316
0.0026720874
-0.004784883
0.04386166
-0.072990954
-0.025572127
0.015870646
0.06440411
0.022407534
-0.0009572258
-0.0146178445
0.027985465
-0.010355397
-0.049437273
0.0059366347
-0.008979421
0.05588599
-0.0379573
-0.0006418461
0.0006095246
0.01052113
0.026494626
-0.0070820893
-0.009509632
-0.010377293
0.021562839
-0.01803879
0.007979937
0.01760656
0.02849702
-0.016492598
0.014398528
-0.000107387845
-0.02086299
0.06375888
0.0024325594
-0.044002943
0.0042813034
0.035755582
0.016032208
-0.02268849
-0.014735157
0.02413398
0.031524953
-0.021348318
-0.008543468
-0.026574844
0.00043956866
0.0069794403
-0.020899594
-0.020042827
-0.034810785
-0.0026956955
0.021980818
-0.062422615
0.030953053
0.054325324
-0.013984254
-0.027136093
0.054274227
-0.026925398
0.008071742
-0.012745656
-0.023597604
-0.010181765
0.0060278056
0.017469754
-0.0096627185
-0.05895058
-0.023361273
-0.013320306
-0.0538897
0.0025337848
0.019830827
0.027604952
-0.02290564
0.028164685
-0.04315689
-0.032176718
-0.016933333
-0.022125391
0.0015820116
0.050146416
-0.028009312
-0.014886766
-0.0059190723
-0.031967945
-0.04475239
-0.055477053
0.04475018
0.0024971515
-0.012506519
0.005807141
-0.03708778
-0.004888028
0.03082638
0.005060295
0.018957071
-0.020962063
0.0007570867
-0.045873724
-0.03942059
-0.010377786
0.017845346
0.033100244
-0.037901685
-0.006117417
-0.0441716
0.027815657
-0.01826282
-0.045165867
0.013902415
-0.035759397
0.034268938
-0.060299244
0.007703766
0.0004718536
0.012061079
0.021691436
7.997991e-05
0.013483769
-0.034865573
0.014160133
-0.032297146
