-0.17607695,-0.19188714,-0.1569892,-0.21374054,-0.17164302
-0.18777089,-0.2240498,-0.20499058,-0.17629005,-0.17912722
-0.15515171,-0.1577522,-0.21206248,-0.20676807,-0.19715314
-0.21968858,-0.19974391,-0.2242663,-0.17066081,-0.15602708
0.19120947,0.15565047,-0.2215151,-0.20507847,-0.17466272
-0.18657167,-0.17953718,-0.14551693,-0.16690001,-0.1780531
-0.1967174,-0.16651477,-0.17130703,-0.22792333,-0.21408561
-0.18616536,-0.17070049,-0.16591102,-0.21429078,-0.23203692
-0.18994085,0.18254139,-0.17468295,-0.19996636,-0.15347807
0.19065095,0.22032672,-0.21878022,-0.16976085,-0.18230687
-0.2100368,-0.16549802,0.14365613,-0.1515088,-0.18406637
0.19118316,-0.16697656,-0.18395539,-0.16850036,-0.15921706
0.1527587,-0.15785697,-0.19436409,-0.19806935,-0.17866522
0.22262485,-0.21197805,-0.2178057,-0.15991487,-0.2086714
-0.17326653,-0.19423945,-0.17535771,-0.15354249,-0.21033423
-0.20937145,-0.1657284,-0.18521959,-0.1925915,-0.22695255
-0.14977475,-0.1893626,-0.19590752,-0.20602833,-0.19649231
-0.16593337,-0.18869542,-0.14942412,-0.19025055,-0.19408378
-0.16242743,-0.1888276,-0.19659488,-0.17272297,-0.15240103
-0.1765093,-0.15652858,-0.15868829,-0.17502363,-0.17212139
-0.1732359,-0.18302794,-0.14961562,-0.14637634,-0.17174518
-0.1898994,-0.1475705,-0.22245754,-0.15480244,-0.16393845
-0.1589492,-0.19110292,-0.22103031,-0.1557552,-0.20721729
-0.17590272,-0.16233157,-0.22946095,-0.18469709,-0.20355196
-0.15592836,-0.21614316,-0.16051395,-0.15977676,-0.16299237
-0.14473613,-0.18089598,-0.22820011,-0.1557446,-0.1835749
-0.18677998,-0.23027089,-0.19772063,-0.20937584,-0.143866
-0.15582404,-0.15430291,-0.1570415,-0.21539007,-0.20687625
-0.20516512,-0.205593,-0.15285258,-0.17247358,-0.15183096
-0.18975964,-0.22753114,-0.20064476,-0.15624009,-0.1604415
-0.17380859,-0.20073491,0.14584784,-0.21169141,-0.16434446
-0.20569389,0.20886114,-0.17543477,-0.20484243,-0.16042103
0.17328058,0.18604288,-0.20469536,-0.2300781,-0.180443
0.20055662,-0.2098557,-0.16022193,-0.22777234,-0.23062447
0.16001071,0.1720669,-0.19253834,-0.19625255,-0.16720483
-0.22690353,-0.18108049,-0.18689182,-0.17585687,-0.14321142
-0.16014525,-0.2124318,-0.22431295,-0.19849578,-0.2100932
-0.1720423,-0.1872572,-0.15169643,-0.17010225,-0.19588953
0.1891533,0.19823492,-0.19320366,-0.15157822,-0.22262225
0.20946197,0.15915765,-0.2268415,0.17844965,-0.16580208
0.21896312,-0.17641808,0.18378,0.18514298,-0.20579235
-0.19166112,-0.1907515,-0.14959596,-0.16148415,-0.22343102
-0.18746151,-0.21516684,-0.19471078,-0.22320595,-0.1760362
-0.21989058,-0.14350887,0.22080413,-0.21844183,-0.22974017
0.18939726,-0.20013021,-0.17451693,-0.21791498,0.20588292
-0.22629154,-0.21126333,-0.21117546,0.20929724,-0.18882778
-0.23062615,0.16203447,0.1669597,-0.22915919,-0.1819428
-0.17173283,-0.19587012,-0.20537287,-0.18793592,-0.22318946
-0.2148359,-0.18868491,-0.14793375,-0.20121802,-0.16548538
0.17006023,0.1757419,-0.23023434,-0.15060964,-0.14411964
-0.18860772,-0.15925345,-0.15108885,-0.16545527,-0.16463645
-0.23024186,-0.22969095,-0.22199269,-0.17368107,-0.22634917
0.15351349,-0.20933644,-0.22888476,-0.18760784,-0.1812167
0.16149351,0.21694103,-0.2046358,-0.20025119,-0.15358916
0.22604844,-0.19279094,-0.21977156,-0.21006113,0.19334368
0.026215326,0.022264292,-0.019748168,-0.04227808,-0.039137766
-0.01422838,0.0005609917,-0.020087743,-0.035361413,0.004713081
-0.035497166,-0.034342617,-0.03635605,-0.012118301,0.039500505
0.017482445,-0.005302568,0.0092041595,0.017808452,0.00026055716
-0.036071103,-0.027553394,-0.03038158,-0.0011355779,-0.2284826
-0.19579999,-0.20402284,-0.14378166,-0.15132047,-0.16169424
-0.18516245,-0.20215063,-0.17626376,-0.21856956,-0.20674439
-0.19665366,-0.1981776,-0.23003514,-0.16989157,-0.15084352
0.16297847,-0.1753151,-0.19285308,-0.18930122,-0.18506345
0.22642392,0.19365951,-0.21596079,-0.20375416,-0.16580759
0.013955503,0.00086918846,-0.0059021893,-0.017400045,-0.015872827
-0.02358989,0.0073281205,0.012559639,0.03424516,-0.010103155
0.0032015466,0.028902944,0.019453375,0.0057461453,0.013741919
0.0023213278,-0.038361616,0.0017240574,-0.009775148,0.040357083
0.04036674,0.008872298,0.039972093,-0.023032349,0.03887063
-0.14916337,-0.18937743,-0.22355585,0.17322965,-0.19962655
-0.18691692,-0.22818023,-0.17932133,-0.2062623,-0.19912003
-0.21076517,-0.19706932,-0.22917551,-0.21137874,-0.18354812
0.21696757,-0.14702079,-0.22149585,-0.16888818,-0.2128767
0.15301374,0.18564524,-0.21332031,-0.22618483,-0.22946264
-0.21758135,-0.15091951,-0.16271661,-0.20537126,0.157724
-0.22206806,-0.21407743,0.16922678,-0.16081068,-0.17303123
-0.20490167,-0.15687966,-0.21544038,-0.22410348,-0.17790739
-0.21225709,-0.17494456,-0.14977804,-0.20881751,-0.2188732
-0.1707806,-0.22796506,-0.14776988,-0.20878258,-0.16604389
-0.22323053,-0.2179396,-0.18274364,-0.17177515,-0.15299052
-0.15026692,-0.19024058,-0.19341712,-0.18027687,-0.19805732
-0.1861472,-0.23002219,-0.22437887,-0.15702266,-0.21380237
-0.15245233,-0.18276185,-0.17677678,-0.1470237,-0.21254307
-0.19472875,-0.17974694,-0.17239168,-0.23119275,-0.17177449
-0.21402486,-0.18175992,-0.15739512,-0.19212393,-0.18907906
-0.1910017,-0.15034984,-0.16224928,-0.18013678,-0.21457869
-0.21191959,-0.15203585,-0.15549065,-0.16176955,-0.2225389
-0.15266266,0.1833658,-0.15471052,-0.1488255,-0.18276502
0.16905542,0.22973113,-0.21097213,-0.15844251,0.14477062
-0.20173539,-0.22666113,-0.20773129,-0.1686814,-0.21971452
-0.22634475,-0.15569296,-0.1637974,-0.1881591,-0.21919638
-0.1995168,-0.20214987,-0.16004935,-0.20229773,-0.20055003
-0.2193677,-0.20871635,-0.16344996,-0.15885669,-0.18117265
-0.20444378,-0.14471234,-0.17884254,-0.20493266,-0.20317025
-0.19392787,-0.16645934,-0.17131062,-0.15524945,-0.18968545
-0.15067483,-0.20583092,-0.20826699,-0.20418501,-0.22962607
-0.21701775,-0.22813503,-0.19031188,-0.1872453,-0.19927602
0.15708962,0.22821976,0.17284468,-0.16635488,-0.15652557
0.15826991,0.18207684,-0.16180773,-0.14431702,-0.19328897
