0.054796886,-0.038726684,-0.04481264,0.03395312,-0.0067126895
0.026335353,0.029877806,0.0055362503,-0.033512305,-0.05263212
-0.022798363,0.0022224172,-0.037919737,-0.04462054,-0.064733274
0.0047717867,-0.02362794,-0.05559402,-0.03644307,-0.0048412234
0.034401115,0.013060143,-0.01008632,-0.033655357,-0.0055213682
0.064036556,0.08833874,-0.0021527037,0.03519299,-0.042708915
-0.022309732,0.12374939,0.070821516,-0.040701866,0.025837412
-0.030813314,0.052335814,0.0024910262,-0.03349921,0.030836066
-0.017076146,0.009296877,-0.044592477,0.0052896608,-0.017978845
-0.011344242,-0.02022946,0.0034256491,-0.013378603,0.002210909
0.0858268,0.017239138,-0.08490615,-0.018591765,0.014088973
-0.015244633,0.018253647,-0.048271757,-0.03504222,0.028833967
-0.033861604,0.06405852,-0.0032783246,-0.01577935,0.06371664
-0.023384577,0.047999833,-0.012958742,-8.541267e-05,0.02434118
-0.050899774,0.068097934,-0.031282168,0.022912376,-0.0116954725
0.009182377,0.017503595,0.052709114,-0.028813556,-0.011223509
0.014096658,-0.034708887,0.03620052,-0.011005555,-0.029478444
-0.051726036,-0.04191063,-0.022226682,-0.047956653,0.009589043
0.03658854,-0.06080145,-0.037587985,-0.073156215,-0.0039623217
-0.041220848,-0.038952038,0.013338309,-0.012502501,-0.03271415
0.021826876,0.039231386,0.0530706,0.0009940334,0.043314766
-0.03648788,-0.006195692,0.03643174,-0.007019473,-0.026107518
-0.0025924337,-0.038653005,-0.0035268029,-0.045666568,0.03333804
-0.020955637,-0.024325473,-0.025688792,-0.05000973,-0.033971485
-0.04707541,0.027910523,-0.005432872,0.0018877304,-0.035046954
-0.018737072,-0.03300486,-0.010315491,-0.026382778,-0.0024405478
0.10479106,0.04844135,-0.03231329,0.035461437,0.04331249
0.0142952325,0.0027513287,0.029839091,0.009228945,0.0739836
-0.043150824,0.052826434,-0.01773363,-0.0043084915,0.07128926
-0.027296899,-0.018653002,-0.049221873,-0.023949943,0.030566363
-0.04641423,-0.047413297,0.020983864,0.082054436,0.07177455
0.04052093,0.0072589307,-0.05535284,-0.04887624,-0.031825088
-0.03561247,-0.009356773,-0.034343336,-0.060922626,-0.023313437
-0.023904476,-0.071128555,-0.03526237,-0.07531055,0.012667693
-0.01750908,-0.0069394372,-0.0076627345,0.03534996,-0.016606372
-0.017046638,0.012014714,0.007757591,-0.023251448,-0.06640852
-0.0265058,0.034550242,0.052552473,0.0643295,0.013555159
0.018281117,0.03229876,0.014631368,0.004844909,0.022720693
0.012547742,0.017324029,-0.031175021,-0.04087417,0.031071238
-0.007807704,0.024494138,-0.028432839,-0.025573436,0.0122886
-0.02983615,-0.0036690317,-0.053747326,-0.050020114,-0.068016686
-0.06459719,-0.027279403,0.042390738,0.006836523,-0.04461611
-0.027026238,-0.061187197,0.0134041235,0.078286745,-0.003652623
-0.0018434435,0.04021453,0.095145635,0.062714495,0.0037566782
-0.0056273183,0.027520087,0.058269434,0.02347689,0.03645638
0.053367775,-0.0150549235,-0.029064052,0.061120093,0.022655083
-0.039200787,-0.0104424525,-0.047138624,0.012344365,0.027512547
-0.04862552,0.0034421762,0.028835576,0.014802232,2.9144943e-05
-0.030486366,0.05778617,0.007891884,-0.019208357,-0.030280065
0.004433945,-0.01238741,0.006676243,-0.011442359,0.0076535353
-0.04421504,0.015208916,-0.002015572,0.01974196,-0.0041689053
0.029861094,0.0040432084,-0.025156282,-0.01837689,-0.08502958
-0.047434527,0.010181544,0.011438945,-0.019529548,-0.10066419
-0.029830305,-0.029310154,-0.05010052,-0.06807168,-0.038995564
0.07770616,0.07487562,0.021348799,-0.042551044,-0.028631939
-0.0048700385,0.09327062,0.016170496,-0.013545107,-0.010825667
-0.0036112815,-0.000927107,0.12121615,0.060777754,-0.05495111
-0.05485857,-0.008703561,-0.009158105,0.036253136,-0.015294423
-0.0079401815,-0.0741037,-0.020309597,-0.060858797,0.03253307
0.023297496,-0.041437164,-0.0008775223,0.006953633,-0.038420226
-0.03199947,-0.05027124,-0.012923753,0.015533481,-0.045979146
0.011609022,-0.034691293,0.025773413,0.07165012,0.059154622
0.016184853,0.055372864,-0.02242651,0.005949001,0.065828905
0.015539052,0.005743634,-0.0283588,-0.012439872,0.044273786
0.015570629,-0.015823504,-0.03564958,-0.023478806,0.009964104
-0.017876651,-0.0018516365,0.07777944,0.082778014,-0.010972633
0.034106776,-0.055100285,0.040983588,0.05407368,-0.0004071088
-0.0035801104,-0.032136224,-0.06768777,-0.05872892,-0.023801094
-0.037883636,-0.07055503,-0.107596315,-0.049841695,-0.011495028
-0.015193496,0.009316628,-0.03002485,-0.009072377,-0.041449632
-0.006018945,-0.0037090215,-0.019427992,-0.041383382,-0.002710456
0.006925479,-0.044928174,0.0029028994,0.024033422,-0.05147912
0.0105827525,-0.04455976,-0.049070396,-0.0029782855,-0.03698099
-0.019083364,-0.00092871266,-0.024893124,0.0023554766,0.01596666
-0.013104444,0.023271669,0.040843636,-0.0125262,-0.004240858
-0.05040333,-0.018768305,0.003944768,-0.07042962,0.0212486
-0.08526606,0.024121445,0.09419933,0.027167998,-0.01609929
-0.046561692,0.0012931438,0.14717606,0.03626813,0.033486404
-0.061575603,0.004642098,0.1059544,0.025891438,0.017801661
-0.046791196,-0.03646167,0.03988961,-0.037284113,-0.0032787076
-0.006649527,-0.03704953,-0.024613954,-0.053421043,-0.06220107
0.033276815,-0.007684023,-0.019825753,-0.095507756,-0.062295817
0.04122176,-0.022903208,-0.062207635,-0.044474937,-0.023835286
0.04167222,-0.015915789,0.07834871,-0.06485836,0.013157205
0.07675763,0.10407807,0.07055105,0.059966803,-0.030144403
0.059058517,0.10261533,0.03775026,-0.009443454,-0.04255947
-0.007012729,-0.023208339,-0.012332921,-0.044032585,-0.024251884
0.0046809632,-0.0729249,-0.116078556,-0.10881109,-0.05494422
0.04357696,0.022205157,-0.044108815,-0.10539193,-0.039339088
0.04875035,-0.028835868,-0.033247344,-0.022697465,0.059374925
0.0868029,-0.012289191,-0.037127845,-0.052425366,0.019553415
0.00392777,-0.0023097259,-0.018137416,-0.027240938,-0.0031607545
0.02553368,0.011660676,0.012022362,0.0057715545,0.020111443
0.012630536,-0.0078553725,-0.018453429,0.04945781,0.024201784
0.011085278,0.027194018,0.013272743,0.021790517,0.046485666
0.03594052,0.07912297,0.02913646,-0.044503655,0.0062207296
-0.040889636,0.025900183,0.023741677,-0.046577528,0.024449106
0.007936529,-0.052191425,0.009390467,-0.016619392,-0.026959697
-0.028220456,0.02229632,-0.026415411,-0.014689038,0.017895648
-0.015196056,0.0040069544,-0.024973895,-0.019164717,-0.024620999
