0.009378756,-0.014454084,0.0146780275,0.021551223,0.0018277884
0.057976898,-0.016422223,0.011720086,0.0078399945,0.08258137
0.043874785,0.06865712,0.07179269,0.10959627,0.048734877
-0.014878972,-0.042470846,0.049522746,-0.01286927,0.0050848746
0.023568636,0.015819535,0.0004275899,0.008335284,0.013727992
0.06342832,0.03165855,0.07893391,-0.01661028,-0.0321339
0.012850119,0.060573008,-0.034088757,-0.06580926,0.0032327492
0.033114575,-0.024697304,0.00942833,0.007972869,0.008560219
0.019606963,0.048926905,0.031780936,-0.027497439,-0.0373686
-0.002824571,0.0793627,0.06098223,-0.034082964,-0.017610598
-0.040768377,-0.014861922,0.006935783,-0.0052632247,0.060177978
-0.051922303,0.039497502,-0.04944739,-0.0069145155,-0.02139539
0.05065539,0.056052417,-0.015531912,0.025003504,-0.0154461125
0.0027546396,0.05700299,0.016795192,0.0082868,-0.0079150535
0.049004514,0.0006274423,-0.06148668,-0.051173374,0.0039168755
0.031551436,0.05060984,0.08020957,0.058463972,-0.009542705
-0.025740592,-0.021036899,-0.035279583,-0.06727515,-0.021497695
0.029070776,-0.060472727,-0.05791346,-0.009970855,-0.034661073
-0.024571512,0.012862242,0.06741071,-0.015477783,-0.0191593
-0.007011355,-0.015109594,0.028477455,0.021245064,-0.022667335
-0.005894749,-0.068343915,-0.052468847,-0.0670005,0.03513758
0.026121179,0.008124419,-0.009967077,-0.040886898,-0.055337
0.030620703,-0.010972917,0.005419072,0.011638431,-0.02799945
-0.032036483,0.006622269,-0.027213592,-0.015748126,0.024601234
-0.03975885,0.076097935,0.0352194,0.0045115985,0.035979573
0.03625521,0.038512856,0.018789485,0.00066452404,-0.0010576828
0.0050577982,-0.010113028,-0.02110055,0.004743991,-0.0371497
0.051548053,0.054489084,-0.07829595,-0.008929313,0.009247573
0.012714151,-0.00066498114,-0.012665654,-0.007047658,-0.021955278
0.037176654,0.018573519,-0.004617871,0.01999956,-0.034566667
-0.0754701,-0.09444956,-0.014939821,-0.10411841,-0.086807325
0.021464705,-0.06412807,-0.13259457,-0.14703736,0.0028221656
-0.010316943,0.02844032,0.007829293,0.09573834,0.12863806
-0.030228073,0.042235374,0.07836599,0.018154584,0.017072156
-0.010830681,-0.07431644,-0.0005730172,-0.0320858,0.05710563
0.007730761,0.017280472,-0.016364707,-0.043873895,0.045913693
-0.00773903,0.046409216,0.0074931374,0.014109972,-0.03855181
-0.00071736105,0.025471069,-0.029801603,-0.028826166,0.041668013
0.016389892,0.005585234,-0.014129377,-0.020417508,0.031322245
-0.015483723,-0.001171964,0.061735634,-0.017747017,-0.032777753
0.00598911,0.009876729,-0.08066633,-0.065038286,-0.04564259
-0.0959143,-0.026708549,-0.051696092,-0.035980936,0.0566122
-0.036106236,-0.035140824,0.065478094,0.04707353,0.03711976
0.06269083,0.0009688271,0.048720855,-0.052031443,-0.07446576
0.03608346,-0.005508405,0.00904748,0.034541134,0.025942931
-0.023521207,-0.048001125,-0.044719942,-0.07662547,-0.06877119
-0.08954133,-0.06734623,-0.13354874,-0.08746163,0.021485087
0.0062243375,-0.00913985,0.0019401,0.03272553,0.07381227
-0.0005447059,0.013740919,-0.02933845,0.04334877,0.050416045
-0.03327818,-0.092740156,-0.06886029,0.05999005,0.05867328
-0.035752207,0.030024447,-0.0051796986,0.025422418,-0.07941438
-0.0068491274,-0.0593531,-0.05077838,-0.013454184,-0.027539918
0.07011724,-0.0037569331,0.13029979,0.12695438,0.08151478
-0.001869501,0.060981683,0.03773734,0.034195725,-0.020263383
-0.046031088,-0.021558683,-0.012654189,-0.09585075,-0.032996062
0.009295378,-0.009401306,0.010310582,0.0058158874,0.045778345
0.017481757,-0.031044047,-0.057112407,-0.04293424,-0.05615214
0.026818125,-0.0016451904,-0.07042459,-0.030618075,-0.03822186
-0.010534843,-0.030022005,0.00048154546,0.013036657,0.0046178843
-0.018626334,0.047561347,0.07443337,-0.020480502,-0.051407836
-0.017559305,-0.008527068,0.030578742,0.0071709338,-0.028741632
0.026224947,0.02327951,0.004606892,-0.0013980011,-0.050627135
0.0039314907,-0.054945096,-0.07300696,-0.042412136,0.00034489064
0.008918656,-0.024368707,0.011751654,0.0243878,-0.0018340286
0.024657767,-0.008613517,0.0075307107,0.020473482,-0.016941445
0.014777335,0.040441554,0.028594933,-0.048230153,-0.03911738
-0.03426069,-0.031275608,-0.08892134,-0.059737045,-0.06797087
-0.009476917,-0.01517214,0.04204756,0.056010615,0.01089944
0.021517634,0.00705123,0.094737895,0.06791706,0.0620136
-0.019728212,-0.03620355,0.0052684178,0.06418699,0.00033793156
0.0129756825,0.04753754,0.057317324,-0.016890673,0.017965052
-0.02088725,-0.042707372,-0.027387714,0.028257992,-0.033355657
-0.031000689,-0.0023539,0.0049692574,0.0031065044,-0.0032767528
0.033382367,-0.014447398,-0.025556993,-0.04433076,-0.0020087261
0.004337817,0.037941888,0.0013698539,0.03378197,-0.007687017
-0.016446702,-0.030324645,-0.026815208,-0.016712572,0.043050837
-0.066817485,-0.06443951,0.033047754,-0.024511022,0.04262443
0.024328908,-0.02840931,0.022503136,0.048241727,0.02095837
0.020456057,-0.01757979,-0.038882468,-0.007897364,-0.030026551
0.002609121,0.019164067,-0.014911374,0.019437553,-0.015418083
-0.0007178033,0.02698221,-0.014631886,-0.033885386,-0.07272215
0.00835497,-0.00521609,-0.043419987,0.0070041767,0.020367125
-0.008095924,-0.006432889,0.080836006,0.11514277,0.027299304
-0.011134059,0.02162861,0.0013233485,-0.102823794,-0.06502833
0.016290437,-0.075364105,-0.026333822,-0.015237606,-0.03406035
-0.03166032,-0.011212113,0.005073239,0.055881463,0.15457402
0.015696505,0.015131081,0.06819767,0.0421305,-0.020885583
-0.02664854,-0.051012438,-0.06572652,-0.071909085,-0.105591774
-0.006601224,-0.06416512,-0.020919839,-0.03243689,-0.07588966
-0.050643664,0.011486477,0.0019791762,-0.048749458,-0.101135835
0.03163952,-0.02017925,0.060304403,0.024070764,0.008862096
0.013874709,0.01417326,-0.036885865,-0.030853998,-0.0058328123
0.013446512,-7.755963e-05,-0.024901839,-0.08967432,0.01744854
0.026965493,-0.0103638545,-0.051391456,-0.063539915,-0.0897277
0.020179916,0.016861396,-0.037613567,-0.013473078,-0.052892026
0.034712527,-0.025258154,0.008226473,-0.0029759149,-0.055842634
0.061924823,0.029498724,-0.01441208,0.008384836,0.0137966825
0.0023509613,-0.010056747,0.0121897,0.061522678,0.03588691
-0.016760677,0.00073990464,0.0058352277,0.06839964,0.002457247
-0.02403786,-0.03739613,0.03318245,-0.05406672,-0.005249453
