0.010149298,0.015207312,0.028544322,0.02901109,0.035892874
0.02569997,0.023681033,0.043649215,0.0308268,-0.0363871
-0.055685665,0.0046633366,0.011832508,0.0010127741,-0.039132204
0.030333135,0.029005807,-0.028301854,-0.059073113,0.010396942
0.07804861,0.13463151,0.08069523,0.0075446097,-0.0042893514
-0.067306936,0.015795512,-0.014282377,0.050535094,0.041749075
-0.010388729,-0.05785386,-0.029192382,0.108981624,0.09637261
-0.029384896,0.053988133,0.052478608,0.052336898,-0.06589998
0.02194544,0.09141302,-0.04567241,-0.07246932,-0.0668938
-0.025304863,0.010057437,-0.03534138,-0.0008000117,-0.078045815
-0.035202097,0.06547997,0.08039504,0.040695496,-0.0008624699
0.022626972,0.026887208,-0.035602547,0.04016436,0.07938665
-0.003844157,0.038120613,-0.00883524,0.053836126,0.026609218
-0.014510084,0.012091193,-0.029249897,-0.01285197,-0.028633563
-0.096251965,-0.024195306,0.011091782,-0.0069354977,0.012144327
0.033038586,-0.027037134,-0.0444453,0.007914783,0.009872252
0.040798154,-0.05352153,0.02633618,0.061739657,0.02985682
0.0068961703,0.026955403,0.07804865,-0.073376216,-0.056658648
0.0348015,0.14863987,0.12775815,-0.0018834285,-0.026989846
-0.06467714,-0.03413315,-0.04558534,0.003730379,0.034945175
-0.016672809,0.06872999,-0.019987606,0.025145333,0.054758918
0.0150010055,0.10900862,0.0681656,0.035806157,0.063395925
-0.0070754173,0.02245234,-0.037228942,0.057899836,0.026151808
0.00047862862,0.023496484,0.011895995,-0.022551198,-0.008403094
-0.024759175,0.03974632,0.0176583,-0.0045642876,0.04788531
-0.005115056,0.019136444,0.037809037,0.08493411,0.039103
-0.0109070055,0.01823655,0.041880682,-0.019687936,0.0418087
0.033912633,0.0294956,-0.06852438,0.064780414,0.00018850555
-0.03625537,-0.06999914,-0.023965375,0.07664169,-0.07219263
-0.039049774,0.015046342,-0.043954022,-0.028791737,-0.062369894
-0.06740037,-0.051641785,-0.065534554,-0.078241564,0.027452646
0.021164147,-0.024155473,-0.016134039,-0.0010071264,-0.039183836
-0.14003986,-0.100248,-0.044468917,-0.060657967,-0.07354502
-0.15595607,-0.18906169,-0.16033995,-0.011746284,0.089355156
0.07555002,0.019971417,0.051016036,0.066270076,0.019981071
-0.018179223,0.017301565,0.06176443,0.0029536102,0.042320203
-0.008703189,0.018953932,0.03189214,0.00809511,0.038396053
-0.021964747,-0.004895441,-0.01757945,-0.025409125,0.011706382
0.08299794,0.030108545,0.08566847,0.00939578,-0.05178713
-0.0016000958,0.028467964,0.11600206,-0.044453993,0.006190635
0.055705924,-0.036102638,-0.005933558,0.018213103,0.01490354
0.09544435,0.026476191,0.04495027,-0.046618015,-0.10566501
0.0069593904,0.031649176,0.01816358,-0.062799774,0.08492103
0.02834107,-0.059476834,-0.11333316,0.08911808,0.1760128
0.008017391,-0.031647492,-0.012424063,0.09277963,-0.02936606
-0.0136115225,0.026854603,0.02428796,-0.07636545,0.021899618
0.023755802,-0.013057531,0.0027993624,0.030243505,-0.0042814384
-0.010002186,-0.04694726,0.024696497,-0.008467164,-0.048914406
-0.035179887,-0.07054835,-0.09081616,-0.041277982,0.13829549
-0.058517892,-0.04611657,0.060582057,0.07163902,0.1332708
-0.06579502,-0.032387808,-0.015692312,-0.09138702,-0.034519058
-0.016757,0.0005209598,-0.05279678,0.004085383,-0.08059125
-0.08413679,-0.010470873,-0.075372666,-0.07806002,-0.024729785
-0.09274635,-0.09346376,-0.012101719,0.00035944415,0.07091124
0.02926494,0.075162806,0.15619287,0.047671456,0.012361618
0.024043007,-0.039179724,0.011772573,-0.010666195,-0.045297317
-0.0059913765,-0.03187147,0.015760247,0.035971634,0.025867015
0.0025742636,-0.06641574,-0.032264166,0.049654253,0.015981846
0.021070916,0.059820708,0.115283914,-0.050598983,-0.04875314
0.01407828,-0.10755414,-0.086695805,-0.017355887,0.015994377
0.019956298,0.059270345,0.013934957,0.004824879,-0.041299395
0.06965919,0.007845069,0.069543414,0.05209341,-0.007054512
0.03098071,0.016060797,0.14043002,-0.030748172,-0.024757525
0.07349317,0.019552667,0.08207104,-0.0014384122,-0.049436353
-0.04210728,-0.05284623,-0.031440776,-0.053610407,-0.0034977645
0.0062244283,0.025677392,0.021915926,0.041980848,-0.005754616
0.050700676,-0.010692235,0.066542566,0.046454486,0.025429266
0.001154598,-0.015706748,-0.025587881,-0.07709982,-0.012207969
-0.03573717,-0.020623388,0.043272316,0.023966026,0.0077922526
0.04952407,0.040962078,-0.0328981,0.041567147,0.013132747
-0.012402635,-0.013788718,-0.009238549,0.015518041,-0.035288908
0.0014902758,0.015006862,0.009035717,0.0035381003,-0.03521208
5.9761944e-05,0.08006904,-0.00090539834,0.031397536,0.014465026
-0.039303567,0.029642414,-0.0281825,0.11338297,-0.015726952
-0.009487893,0.0057891128,-0.0146911,-0.014462952,-0.007765588
0.012263245,0.073436774,0.0055601494,0.01798417,-0.0240378
-0.019693213,0.06492104,0.0030251134,-0.09121589,-0.045861028
0.0060012066,0.002819684,-0.06707865,-0.10514069,-0.032753233
-0.04846539,0.03472915,-0.1174871,-0.038984753,-0.028195454
-0.04004924,-0.13752432,-0.1492741,-0.032810077,-0.109868094
-0.0068546254,0.006111229,0.0063561494,-0.016300013,0.035180114
0.06643209,-0.03392907,-0.050004665,0.02368216,-0.06658928
-0.010676669,-0.009503842,-0.020195525,-0.000892526,0.024572747
-0.038080096,0.031914134,0.024160273,0.10667512,0.09233066
0.038929716,0.025474276,0.12634283,0.1819673,-0.0014402652
-0.032071423,-0.034978677,-0.037728623,-0.07480655,-0.09774584
0.03049139,0.03207721,-0.0400119,-0.04875131,0.014765068
0.010292791,-0.118136875,-0.05256696,0.12634787,-0.030543072
-0.007381082,-0.020043572,0.21297048,0.030000694,-0.09080522
-0.07727926,-0.03117061,-0.034680612,-0.038981758,-0.03374423
-0.024124704,0.011777849,-0.01638159,-0.031615816,-0.040361736
0.038988136,0.03262031,-0.04600673,0.025036646,0.01990147
-0.03392012,-0.08576475,0.107526235,0.069300875,-0.035055112
-0.05475173,0.0036073502,0.049311705,-0.012581122,-0.02580025
-0.027699165,-0.009202111,-0.016918736,-0.0018582608,0.033191316
-0.03036195,-0.03719163,-0.029373763,-0.04144272,0.028341845
-0.025332969,-0.040903848,-0.0804248,0.027482528,0.044817083
-0.035186213,-0.014586576,-0.035145555,-0.030395266,-0.064470075
0.018047042,0.05157589,0.048100214,-0.07516986,-0.015825884
0.040763505,0.05406115,0.07836393,-0.049167298,-0.038788155
