-0.012836267,-0.039522357,-0.12651773,-0.06596988,-0.012736825
0.16733214,-0.03526849,-0.12995532,0.0026819394,0.086593755
0.1143756,-0.06772755,-0.11573803,0.10920979,0.033555318
0.020918017,-0.077230364,-0.0148275085,0.085306585,-0.00961811
-0.05307944,0.0036560663,0.11618113,0.06749521,-0.019106446
0.09918596,-0.06382839,-0.08498674,0.06600933,0.046501044
0.12636012,-0.1254303,-0.19157787,-0.036390822,-0.00832395
0.075917676,-0.06376309,-0.11783876,0.028179368,-0.13204145
-0.014687623,0.026443018,-0.074966796,0.03238162,-0.002572764
0.029942818,-0.012384042,0.0016564099,0.042125396,0.004535978
0.05079993,0.043904103,-0.07039106,-0.046519734,0.013137698
0.081780046,-0.007636384,-0.09626138,0.059483323,0.12664297
0.05872864,-0.090902224,0.01869179,0.12355315,0.13343915
0.008095693,-0.039159805,0.11867047,0.12509875,-0.08020474
0.017226987,0.09800943,0.13892777,-0.051868927,-0.044758655
0.013258481,0.02919616,-0.11787793,-0.01796644,0.026875395
0.05480987,-0.085168235,-0.013319848,0.11408395,0.04455318
0.023073828,-0.105407745,0.071060054,0.17658927,-0.008540913
-0.009525128,0.014561762,0.12727584,0.07307426,-0.057711665
-0.024186704,0.030274034,0.10786043,-0.02254077,-0.080336936
-0.021309802,-0.002778443,-0.0007678107,0.01724663,-0.03147058
0.029742647,-0.018059842,0.0015151158,0.011966793,-0.04476562
-0.0116243735,-0.01883213,0.005056911,-0.056307945,-0.06408295
-0.022691442,0.007827993,-0.026457626,-0.062438834,-0.036901593
-0.022414126,0.018358223,-0.028842298,-0.010075717,0.019476075
0.0005610649,-0.026103677,-0.08859112,0.012113513,0.011499733
0.011357805,-0.089933984,0.019826379,0.010200119,0.007432738
-0.06336396,-0.01455466,0.046799053,0.08042137,-0.120152235
0.01098224,0.056862514,0.050516315,0.012442073,-0.005427161
0.01518846,0.08052412,-0.01281655,-0.03418068,-0.0645905
0.008270353,-0.028679777,-0.034388516,-0.017635869,-0.0019431459
0.027686544,-0.016909897,0.0052213096,0.042372674,-0.015656011
0.018693268,-0.04179569,-0.01927401,0.054016132,0.0154428845
-0.0039534303,-0.031603683,0.032897566,-0.044631615,0.012523303
-0.027883839,0.026639463,-0.03735298,-0.04565959,-0.031494055
-0.030923337,-0.085305214,-0.034088824,0.02294312,-0.0020694917
0.058307905,-0.06343737,-0.07652419,0.06283063,-0.026313735
0.03040559,-0.06627773,-0.040418908,0.005255823,-0.044626173
-0.041066546,0.02240816,-0.05155773,0.05486044,-0.059755508
-0.028995223,-0.016050829,0.009872311,0.012076609,-0.024742618
0.010363148,-0.027132632,-0.03518784,-0.0003480904,0.036600586
-0.004683461,-0.013716815,-0.060867313,-0.015342367,-0.06690453
0.026616912,0.0003333449,0.028226951,-0.040623523,0.012454961
-0.019396886,-0.02798967,0.009939905,-0.041567966,-0.03549359
-0.0054209437,0.013565805,0.002657479,-0.061213505,-0.030902756
-0.027267082,-0.07812903,-0.06326813,-0.060507756,-0.05765235
-0.03155621,0.01953804,0.016078636,-0.015227803,-0.028779661
0.0009987172,-0.016041592,-0.104468286,-0.071126595,0.0175968
0.012776264,-0.04945205,-0.100948334,0.01708388,-0.021006286
0.037577868,-0.05209443,0.009108414,-0.012424145,0.036428057
0.05556748,-0.0116397925,-0.052447777,0.010769918,-0.022010809
0.032714874,-0.06348224,-0.0155030135,-0.0010201994,-0.012970796
-0.04328879,-0.0006214867,0.08480304,-0.04002569,-0.06484627
0.020371769,0.05319577,-0.00817631,-0.0015237111,-0.0704685
0.06200556,-0.024824912,-0.05194214,-0.0858202,-0.09431582
-0.0040339357,-0.03557868,0.027955623,0.038003884,-0.0030491338
0.02615177,0.022138929,0.017793046,0.005525359,-0.029225226
-0.039683193,0.017893003,-0.030290468,0.034534123,0.009271582
-0.022760013,-0.018828414,0.010920611,-0.0017067996,0.039181422
-0.017014123,-0.026372738,-0.040567447,0.008667972,-0.033318497
0.069937676,0.0018566183,-0.11379545,0.04231298,0.035507627
0.037511744,-0.008270612,-0.1803092,-0.021714853,-0.035336655
0.00915,0.03885254,-0.025652861,-0.12489178,-0.06630585
-0.0033357171,0.012078841,-0.06269631,-0.08012909,-0.007571849
0.02415352,-0.027745267,-0.09996415,-0.01917428,0.04775415
0.029471658,-0.0030065204,-0.04261183,0.0071094157,0.01185365
0.0073405337,0.036138758,-0.043934822,0.0047041797,-0.024559839
-0.019967156,-0.028692853,-0.0105203455,-0.04193443,-0.04152843
0.03016231,0.027404508,-0.01676456,-0.014614696,-0.015930364
0.011048399,-0.0177616,0.018444858,-0.0001145186,0.011378155
-0.033446915,-0.012084136,-0.053593773,-0.05015641,-0.027319176
0.017535318,0.0419894,0.015098366,-0.059003286,0.10252929
0.026715469,0.0344343,-0.07121444,0.028628495,0.10904627
0.012618989,-0.03514882,-0.003920839,0.083099544,0.111842915
-0.02469731,-0.06685498,0.07155606,0.033425614,-0.03362745
0.027677197,-0.09133096,-0.057525273,0.07296449,-0.07411028
0.012704659,-0.07395311,-0.012089312,0.09461413,-0.064813174
0.025314614,-0.09971458,-0.025033727,0.022340085,-0.091066666
0.018479573,-0.061309572,-0.04872793,0.00974555,-0.042611852
-0.027752632,-0.016062055,-0.07120819,0.036252856,-0.012856625
-0.05641589,-0.08688017,-0.010651457,0.046387933,-0.008348208
-0.0023854307,-0.095559575,0.1087864,0.0829998,-0.095171764
-0.030847779,-0.05073952,0.108802274,-0.0115131615,-0.11463706
-0.064482465,0.03505643,0.05835997,-0.07898267,-0.09794381
0.029102882,0.0069561615,-0.055568106,-0.07041781,-0.06614843
0.0035719099,-0.0747678,-0.052034445,0.049565922,0.044485755
-0.017124832,-0.08032482,-0.04002373,0.03883585,-0.02963208
-0.03637545,-0.0065773493,0.012331008,-0.031361546,-0.079211235
-0.04801731,0.049186733,0.002905537,-0.037042238,-0.006808362
-0.00044581824,0.02032646,-0.03901031,-0.058619305,-0.019202024
0.024385927,-0.06643756,-0.089696474,-0.019116946,0.015462794
-0.024543986,-0.10207955,0.044827137,0.14264044,0.020955564
-0.02018647,-0.058991697,0.12088211,0.055660184,-0.09261962
-0.026221104,0.05204939,0.049672402,0.015768591,-0.14115597
0.027519953,0.07813734,0.024527013,-0.010420818,-0.109368555
0.07511848,-0.04300796,-0.08937241,0.004888675,0.048088245
-0.0047833533,-0.06881653,-0.11986255,0.045158997,0.056823473
-0.02676712,-0.026510382,0.12491728,0.053413287,-0.08719182
-0.036201175,0.07047147,0.109569065,-0.072186954,-0.0940199
0.075549185,0.11046635,0.004134765,-0.024692168,-0.018828591
