0.032301202,-0.040238447,-0.0016657304,-0.06579133,-0.02338457
-0.028727291,-0.03224478,-0.015114292,0.043800153,0.061398946
-0.03780699,-0.006777467,-0.009755392,-0.064054765,-0.033218496
-0.018777581,-0.03442513,-0.08514002,-0.043119624,-0.016899236
-0.0436434,0.021922762,0.0045469725,0.07811197,0.08274791
-0.0207808,-0.03890511,-0.03495103,0.0011268985,0.015042233
0.01863422,0.029931827,0.011202083,0.008009945,0.020537343
-0.074792214,-0.06669254,-0.03895252,-0.100616015,-0.07832658
-0.03350952,-0.036175508,-0.016823363,0.06724758,0.049476583
0.026230784,-0.015263349,0.055701777,0.10859227,0.06318379
-0.01567137,-0.024874963,0.013631947,0.0026666808,0.006603856
-0.05744697,-0.058582254,0.017494269,-0.028697243,0.013735599
-0.05657076,-0.03171776,-0.07193748,0.0022577466,-0.020391237
0.009996824,0.020509714,-0.01678714,-0.017601244,-0.040538594
0.0023651556,0.044322267,-0.0018280661,-0.025104113,0.0035643952
-0.005196482,0.024712173,-0.0012173232,-0.036185462,0.0061076707
-0.020262672,0.004693786,0.02727604,-0.03539131,-0.021618908
-0.024375828,0.034964085,-0.0640995,-0.045222078,-0.07222031
-0.04671099,-0.03346855,-0.008853558,-0.047117013,-0.010570894
-0.027663587,0.050611686,-0.01779365,-0.02297697,-0.0045369933
-0.036084376,-0.015684787,0.015208672,-0.03465787,-0.015452402
0.028554471,0.035386875,0.043416608,0.042641748,0.046977505
-0.0019298769,-0.014290806,-0.0032711606,0.019966308,0.019173766
-0.02008857,0.04519686,-0.0078461915,0.037927788,0.010489468
0.01916834,0.0010730118,0.012163007,-0.030697223,0.024890903
-0.038536254,0.02139065,-0.017694732,0.016803011,-0.027204642
-0.041481312,0.032608688,0.01892851,-0.058622856,-0.049063258
-0.04592507,-0.012239672,-0.027967297,-0.010410485,-0.0051197
0.011594973,0.015946325,0.040662978,0.011367297,0.066428415
-0.027677082,-0.0024323207,-0.0066450597,-0.013746646,-0.010739781
0.022302436,-0.015333465,-0.01399694,-0.025704764,0.014477286
-0.033280592,0.030320598,0.0056861932,-0.03971175,-0.0074710576
0.007594376,0.03721653,-0.023067651,-0.04534007,-0.031190773
0.007999705,0.026604751,-0.004486003,0.03600619,-0.035042994
-0.044136222,0.005105607,0.02467607,0.048223376,0.007860335
-0.002676215,0.023678795,0.032324687,-0.035109054,-0.030428527
0.017241586,-0.0150508545,-0.042071458,-0.03591358,-0.019076005
-0.03836849,-0.033990204,-0.068550825,0.014006497,-0.01787778
0.03000657,-0.026222529,0.03028689,0.026170803,-0.037496917
0.027997842,0.030763678,-0.023038749,0.068102606,0.008585516
-0.021544976,-0.017495815,-0.034183815,0.037040733,-0.013555598
-0.03051067,0.042534165,-0.041747864,-0.034567647,0.008221844
0.04465417,-0.023526754,-0.027203523,-0.02384179,0.024940979
0.0030750227,-0.032600567,-0.017683063,-0.022568325,0.03807804
-0.028567033,0.0033571506,0.034184463,0.04038416,-0.028843967
0.032052804,0.046296425,0.023339383,-0.0036074438,-0.021724975
-0.028650284,-0.03324345,-0.029698653,-0.020942166,0.010267912
0.05154775,0.053615425,0.025577886,0.036516543,-0.00035503926
-0.015484738,-0.0049503017,0.0012339025,-0.002947179,0.001401515
0.0073840106,0.023577081,0.010375628,-0.024418531,0.021218494
0.005925323,-0.049196515,-0.0068974174,0.027899833,-0.026117146
-0.0005226945,-0.037251405,0.006922243,0.011628573,0.0048594736
-0.044852037,-0.0022023378,-0.061086904,-0.04840428,-0.009140867
-0.023148794,0.04012399,0.06467682,0.090798125,0.01360597
0.026643999,0.0600614,0.053862154,0.026104525,0.06705823
0.028175537,0.012139291,-0.014191269,-0.027482606,0.039802454
0.0005005787,-0.006933781,-0.00015611158,-0.02353848,0.021059446
0.010475981,0.008872807,-0.0068813716,0.015155587,0.03808319
0.023804137,0.04113857,0.013773602,0.0230535,-0.014462013
-0.03117055,0.023109563,0.0059685595,-0.0015520266,0.006578577
-0.0052892664,-0.02278686,0.013084523,0.049144845,-0.008437517
-0.030744184,-0.021332154,0.043383442,0.0070266207,0.03362598
-0.070703596,-0.034120537,-0.08845337,-0.05769564,-0.07752054
-0.05960357,-0.000104671686,0.032619763,0.011549137,0.01902141
0.03875029,0.01228927,0.07391532,0.040081423,0.05063416
0.023154443,-0.039424505,0.013009535,-0.027830372,-0.021937111
0.008726223,0.025689779,-0.023338763,0.0041833087,-0.0066942
-0.031591922,-0.007085008,0.004635825,-0.021109194,-0.022415318
0.036214817,-0.027210033,-0.0046283416,0.033751108,-0.01770725
-0.034569766,-0.022742823,-0.03487101,0.03152775,-0.020580182
0.025920186,0.03138454,0.0016692457,0.020547742,0.032126877
-0.0082018,0.0027674222,-0.030305533,0.016708978,-0.060232513
-0.012356284,-0.0025121076,-0.041849,-0.05464661,0.008425159
-0.048746176,-0.011044626,0.03444659,-0.05627693,0.03310992
0.032794226,-0.014874547,0.013051271,-0.014104554,-0.013381638
0.026843192,0.008152738,0.008720818,0.032218944,-0.025896842
-0.009521355,-0.03711595,-0.046298698,-0.014862329,-0.033842474
0.021364622,-0.030092288,-0.029329294,0.03172972,-0.0145384455
-0.02555015,-0.07204979,-0.0022711444,-0.059736494,0.0047770557
-0.016727911,-0.038522337,-0.015031882,-0.015823176,-0.006543609
0.03604229,0.04688727,0.033312432,-0.0022284961,-0.012403841
0.021730319,-0.03970733,-0.046343535,-0.05785195,0.024034036
0.018860163,-0.03414999,-0.030383678,-0.0040938193,0.006094307
0.011636732,0.031036524,0.023693463,0.00041514312,0.010945278
0.041248977,0.0029993134,0.02465871,-0.041528143,-0.048087217
-0.05207242,0.0074867806,-0.032163434,0.031185064,0.004859725
0.010171757,-0.035150867,0.030748716,-0.047717173,-0.017792495
-0.030800117,-0.025528891,-0.044170402,-0.083895944,-0.06474888
-0.030951964,0.055248868,0.03114945,0.05970571,-0.0010873103
0.039996196,-0.004189819,0.033736307,0.046180714,0.049429506
-0.001173519,-0.003445533,0.04104661,0.041013747,-0.01880765
-0.028513221,0.032080304,-0.028738985,-0.036393456,-0.027721714
0.0030860854,-0.07670283,-0.02267431,-0.032377094,-0.0153238885
-0.047285892,0.009508833,0.06366197,0.029005466,0.028258724
0.020401862,0.008087125,0.073116064,-0.012386197,-0.0062915967
-0.03470471,0.015807487,0.01435187,-0.04255674,0.008542459
0.022206647,0.0019186984,0.01582504,-0.04633727,-0.023422237
-0.073768795,-0.06990085,-0.08636866,-0.06320116,-0.053700924
-0.06528026,-0.008690264,0.030518066,0.089481175,0.023574017
-0.0071088756,0.046861455,0.053057566,0.047006253,-0.00017781413
