0.030337302,-0.006492185,-0.04817045,0.012796167,0.041727174
-0.029656129,-0.031804454,0.029266361,0.043322407,0.009474198
-0.0179519,0.052682754,0.033907928,0.02179922,-0.06947679
-0.007531443,-0.0075490056,-0.028946767,-0.010353434,0.021367647
0.0019877083,0.036114015,0.0044594626,0.03094086,0.02618578
0.025280422,0.060209204,-0.038266826,-0.0033895378,-0.010335074
0.021983271,-0.0100420555,0.03219867,0.017387072,0.021285662
-0.045114424,0.08029482,0.053989887,0.017657978,0.024545662
0.009159701,0.06396164,0.03928669,0.020791005,-0.05444306
0.02696316,0.017028583,-0.03565498,0.015802067,-0.011013459
-0.013855777,-0.040206492,-0.014311085,-0.045217395,-0.029480249
-0.046922017,0.028080778,-0.04049724,-0.021965256,0.0006884197
-0.014904557,0.015221308,0.022825245,0.044150732,-0.000863265
-0.04430506,0.0124404775,0.04403614,0.029412866,-0.01409539
-0.0127184205,-0.006547466,-0.006387494,-0.024257889,-0.049957097
-0.0022360377,0.01727123,0.0026164558,-0.032247175,-0.022330351
-0.018849742,0.023596726,-0.047137614,0.058380056,0.040273935
-0.030382238,-0.01924942,0.0060991817,-0.0048483927,0.040662862
-0.0038622972,0.020595845,-0.061647173,-0.025108002,-0.0006878491
-0.009842014,0.024462491,-0.054690197,-0.014260568,-0.03799597
-0.03643026,-0.039290514,-0.014896939,-0.006721578,0.0056061023
0.011892399,-0.02006076,0.059207175,0.023216432,-0.025524702
0.04880769,0.0100488495,0.01051238,-0.018483106,-0.010711607
0.01445386,0.042391874,0.022096835,0.006730115,-0.010923629
0.031914987,-0.021603437,-0.06200854,0.011192689,-0.038716033
0.020216731,-0.056650378,0.0008781639,-0.02910145,-0.06776024
-0.050441727,0.046839084,-0.04438896,-0.053168993,-0.024942113
-0.015319851,0.02810374,-0.012714032,-0.042907316,-0.0088295285
0.014765939,0.04590841,0.0676892,0.018868405,-0.017024724
0.015572613,0.045470566,0.047813732,-0.046611473,-0.04219602
0.02707672,0.0022174255,-0.053845763,0.0465793,0.08228036
-0.05184967,-0.099356525,-0.05171152,-0.017430106,0.07399211
0.03617038,-0.010119099,-0.112013206,-0.072746165,-0.006555116
-0.013143162,-0.10420641,-0.103377186,-0.024593053,0.032048777
-0.010564199,0.04015221,-0.01649424,-0.00012329838,0.01748443
-0.013518449,-0.026273794,0.009308842,-0.03731593,-0.032405548
-0.055120066,0.029248869,0.00071878155,-0.027019959,-0.007568512
0.05599024,-0.008021764,-0.0010296139,0.027897552,0.018238464
-0.012400854,0.0060885833,0.00028329605,0.05242206,0.011695208
-0.042476427,0.030318841,0.034747366,0.009117555,0.012323502
-0.023649316,-0.046176653,-0.045165412,-0.052702263,0.025289329
-0.04483654,0.001770744,-0.004530574,-0.003369387,0.0056678373
0.028299801,0.0037245653,-0.060799725,-0.014510899,0.06359885
-0.01825875,-0.06179117,0.029431473,0.10822372,0.0100640375
-0.04150393,0.0077272085,0.021361006,0.06880741,0.015826257
0.0058120615,0.028629396,0.017044106,-0.015869575,0.05409323
-0.020753076,0.008025951,-0.09052492,0.01270892,0.044746403
0.019810088,-0.06846432,-0.06534468,-0.0033969877,0.038915336
-0.025540438,-0.025932306,-0.029077623,-0.0021035576,0.053933572
-0.045113344,0.007971661,0.022264572,0.066570364,0.029804101
-0.008909702,0.020629466,-0.01566583,0.013641744,0.030371476
-0.029664397,-0.04388128,-0.028623676,0.04547451,0.045252237
-0.011828327,0.07116174,0.0527561,0.0029464285,-0.004309962
-0.024791712,0.0070350254,-0.050490152,-0.052289177,0.022740092
-0.03298962,-0.028625006,0.0075907675,0.02179144,-0.006328877
0.005202785,0.010247318,-0.0016658895,-0.033483487,-0.045623112
0.036112685,-0.012902713,0.030489404,-0.0055139572,-0.00689322
0.001777508,-0.010951661,-0.045423526,0.03141149,0.016183274
-0.0048979702,-0.034074508,0.024495818,0.029063324,-0.030212635
-0.025663348,-0.04396719,0.011163911,-0.048906937,0.008223078
-0.039433803,0.014269661,-0.017873332,-0.06187778,0.02553598
-0.033589363,-0.0396289,0.0112612555,-0.050680336,0.029154701
-0.0074525136,-0.01476318,0.025083154,-0.015266582,0.028955514
-0.028582158,0.048670728,0.043901388,0.004442474,0.040633112
0.0387058,0.024051152,-0.031646147,-0.052841824,0.03033876
0.022674918,-0.0023881802,0.017586764,-0.015617115,-0.0069577894
-0.06255665,-0.04634023,-0.02222778,-0.013646475,0.082869254
-0.015826415,-0.0017583793,0.027583016,-0.012985919,0.075372234
-0.0023981286,-0.025598269,-0.047792587,-0.014118331,0.008078709
0.01831989,0.02846204,-0.044753555,-0.013995152,-0.05496691
-0.0036853293,-0.029234212,-0.022019695,0.013710682,0.007749387
0.0031087697,0.035176694,-0.027596632,-0.028308483,-0.033868987
0.059627388,0.0068227234,-0.044345036,-0.05667975,0.013259465
0.018026758,-0.0060342057,0.049300887,-0.0044970145,0.0015173707
0.028173283,0.053665113,0.011796246,0.022180999,0.010150486
0.0056727775,0.021586476,-0.065350756,0.036130078,-0.023873506
-0.0009156098,-0.022543691,-0.06960492,0.038774997,-0.0057674414
0.008856361,-0.04781246,-0.0065963045,0.031444043,0.014193381
-0.06026773,-0.010434883,-0.017469376,0.015806235,-0.040809374
-0.01466758,-0.03417232,-0.030472476,-0.033559166,-0.07619709
0.08411946,0.06129286,0.016833281,0.043510534,0.0058995252
0.043786347,0.019762084,0.015449021,0.015208195,-0.0127705345
-0.00011967876,0.10786568,0.046390306,-0.05386971,-0.0070997067
0.04102749,-0.023676137,0.0016443837,0.04828017,0.040576633
-0.022583786,0.02912136,0.07622138,0.010115865,-0.011412311
-0.013310089,-0.006619691,0.07044207,-5.980857e-05,0.022792915
0.0933968,0.03411905,0.041136637,-0.043261196,-0.0025849384
0.014900724,-0.09405295,-0.10519108,-0.06889152,-0.0177796
-0.044815686,-0.040327072,-0.034571167,-0.035256863,-0.045193676
0.012596178,-0.00361315,-0.012749788,-0.05449441,0.03026264
0.014586908,0.019878814,-0.014645075,-0.08539087,-0.046026632
0.03259121,-0.008543276,-0.07135179,-0.06647102,-0.05354127
-0.008664793,-0.011015669,0.07547419,-0.039473638,-0.037048202
-0.0040171165,0.027151315,0.041642383,-0.057715155,0.0055664615
0.01683719,-0.020425556,-0.01748518,-0.0025461845,0.0342286
0.007640912,0.03271306,-0.026589721,-0.04979334,0.0050613717
-0.055323835,0.03806039,0.025194049,0.030449342,-0.005743608
-0.05245485,-0.030105136,-0.010773167,0.0040259534,-0.03134193
0.0012455385,-0.04190442,0.0068705766,-0.025122968,0.005652402
-0.026642468,-0.0075615523,-0.002987487,0.02583541,-0.056411557
