-0.0028859354,-0.021858819,-0.009157983,0.033890326,0.03594366
0.007828182,-0.01861143,-0.042568453,0.019456215,-0.010114345
-0.0051187985,-0.0062990286,0.087288946,0.039863776,0.034254055
-0.021831702,-0.009058333,0.030111058,-0.04864638,-0.053203396
0.03612566,-0.011783502,-0.025889957,0.052048054,-0.00039309487
-0.007196768,-0.006298799,-0.018206459,0.001286316,-0.033461895
-0.060558926,-0.03321447,-0.066945136,-0.05223079,-0.049461566
-0.037241608,-0.05288708,0.041042704,-0.0020526687,0.045912296
0.014642577,0.013499463,-0.056272317,-0.039100017,-0.005053597
0.029105248,-0.011985753,-0.012639415,-0.03678812,0.007810747
-0.033096444,-0.033900164,-0.03601827,0.041308846,-0.049641065
-0.014193947,0.0018496484,-0.011803302,-0.05087867,-0.027464926
-0.04884307,-0.06092526,-0.040265508,-0.05464847,0.043610383
0.031532083,-0.08041308,0.017303795,0.023841115,-0.01068822
0.018311713,-0.0004738674,-0.0025576241,0.050612606,0.020581096
-0.008831784,0.04152801,0.025881382,0.078537405,-0.027368745
0.012349715,0.05443222,0.056394007,0.059932858,0.020876035
-0.00481752,0.047449306,-0.019890718,0.0066319075,0.0015199095
0.009366142,0.049684472,-0.009384184,0.03734927,0.047068886
-0.00086783053,0.01991339,-0.02571748,-0.008692503,-0.0057163723
-0.026229462,-0.024534127,-0.035125345,-0.04790404,-0.06962068
-0.020789405,0.04020505,0.026483111,0.06954462,0.008153973
0.046438284,0.009558088,-0.047294505,-0.0049125594,0.020789012
-0.0018082266,0.03750106,0.047281835,-0.031572632,-0.025722181
0.0498378,-0.039668113,-0.04152914,-0.053252157,-0.022821413
-0.04794225,0.027788717,-0.014383434,0.023474967,0.026333652
-0.031532224,-0.05076377,-0.029234422,-0.026573148,-0.07516737
0.009015369,0.0015365129,0.006727701,-0.00055284647,0.010668075
-0.074766956,-0.060103513,0.03955289,0.012018173,0.037216097
0.017331852,0.029879171,-0.037831977,0.008789011,0.034609903
0.057212755,0.040109612,0.061227906,-0.008151088,0.040020205
-0.053950496,-0.08612103,-0.056779422,-0.08740948,0.00326111
-0.048895497,0.058357295,0.03609819,-0.013042634,-0.021898648
-0.020873284,-0.007231823,0.048193153,0.016452696,-0.08359555
-0.04542254,-0.0004040291,0.03456351,0.032461725,0.01768224
-0.02741716,-0.0363994,-0.020751582,-0.020350587,-0.07150016
-0.033892933,-0.02001863,0.027726501,0.008723998,0.040722426
0.022627993,-0.036651015,-0.07235538,-0.002030109,-0.03780537
0.0064995154,0.007830007,0.013469122,-0.010086692,0.0051683118
0.0057721883,0.04166121,0.0015040041,-0.015306781,0.021905093
-0.045110814,-0.055863157,-0.0050797784,0.0065570096,-0.0076393853
0.0027269106,-0.08717059,-0.095406726,0.0040108613,0.036843218
-0.02439042,-0.025544906,-0.07345145,-0.071422644,-0.034065496
0.027536541,-0.076278135,-0.035476144,-0.035053752,-0.028093103
-0.08823,-0.059457988,-0.010135732,-0.012912566,-0.024257649
0.07121315,0.06297327,0.050729726,0.0329636,0.012646681
-0.015152508,-0.039809413,-0.05741444,-0.042910073,0.020724043
-0.031398524,-0.037176754,-0.04060786,-0.013341562,0.041788638
-0.013376171,0.00016094054,-0.047852363,-0.011792972,-0.020756695
-0.009214722,-0.058181345,-0.04350399,-0.029447148,-0.06136964
0.028466666,0.038392946,-0.024693096,0.046164874,0.049644254
0.0014027597,-0.025519678,-0.07397158,-0.04594961,-0.00028557514
0.049622085,0.09645552,0.07818813,0.102982536,0.047150347
0.022727048,-0.01764896,0.03418924,-0.034881093,-0.05570356
-0.06354151,-0.020841096,-0.03626753,0.00020575487,-0.00686104
0.020132786,-0.003138133,-0.007929619,-0.023537252,-0.007656173
-0.01490386,0.06481526,0.054348484,0.044916686,0.032833897
0.017187923,-0.053316906,0.017912587,-0.012728686,-0.03664465
0.0064324867,-0.024396406,0.008372991,0.021087756,-0.027176013
0.04580657,-0.015304996,-0.03988231,-0.0070838872,-0.047274407
-0.016136454,0.0008739476,-0.02668581,-0.029784977,0.011874591
0.049623363,0.012939774,0.019103456,-0.019420093,-0.018052934
0.015823815,-0.062342636,-0.011425161,-0.05363098,-0.021617085
-0.009161034,0.011004764,-0.03332257,-0.0364752,0.018826285
0.023706518,-0.031963866,0.028374549,0.030282434,-0.023093864
-0.0054200105,0.0070169466,-0.0022680298,0.019319935,0.04097615
-0.043463476,-0.022955053,-0.046544477,0.032783847,0.054706115
-0.0344699,0.050588436,0.06596715,0.010918001,-0.003368516
-0.0394677,0.02938253,0.052480087,0.020825272,-0.055261046
0.051116556,0.02605433,0.025380539,0.012037914,-0.030810827
0.02458944,-0.019945633,0.0049622734,-0.023552377,-0.015932078
0.0064438893,-0.025700621,0.017579023,0.065394066,0.014178313
0.0042374553,-0.027198335,0.003817881,-0.0032424934,0.016426157
0.030917129,0.0040651574,-0.020159522,-0.018586587,0.001991847
0.013194783,-0.020902969,0.013506058,-0.011389282,-0.028447371
-0.0055859927,-0.0885449,-0.07264572,-0.009088876,-0.04696279
-0.002992777,-0.08227613,-0.10028617,0.0076964437,0.008491167
-0.0005796725,-0.051207986,-0.08083685,-0.031981777,-0.07488851
-0.036553428,-0.025010811,-0.06940566,-0.057466373,-0.012569222
0.017418342,-0.005540691,-0.027532998,-0.07095579,-0.02661532
0.010397793,-0.0082337065,0.035688847,-0.029988252,-0.014104335
0.004744022,-0.048876468,-0.025414614,-0.01721137,-0.024665054
0.0740728,0.13102485,0.085732944,0.03160089,0.07276806
0.0010627346,0.019724907,0.03489391,-0.04153778,0.018151496
0.0043256534,-0.053957094,-0.010903367,0.028180057,0.008257584
-0.03504855,0.0071246447,0.035978414,0.027708147,-0.034191683
0.08859895,0.15638262,0.16941552,0.11075833,0.044852003
0.0071641942,-0.09986662,-0.03481715,-0.031885803,-0.045842458
-0.0015828459,0.027169272,0.10173402,0.06333389,0.024233991
-0.047500122,0.013855612,0.011762607,-0.013368416,0.0077604256
-0.01874763,0.041333932,0.0049030343,0.030082854,0.0046814284
0.016343433,0.03516756,-0.015343504,-0.019000087,-0.019548671
-0.025596645,-0.060372032,-0.054356087,0.029186942,0.052359987
-0.019984119,0.013876777,0.054740522,-0.0028089103,-0.0035131732
-0.0027867558,-0.053880744,-0.014472986,-0.01040406,-0.05347734
-0.048748676,-0.024676101,-0.039163098,-0.018177042,0.023928184
-0.015829735,-0.063973516,0.010244846,-0.04537247,-0.027957112
-0.019667262,-0.05302538,0.009036338,0.006124717,0.055758566
0.029630711,-0.0052847923,0.0011606333,-0.02038041,0.023389038
-0.020714955,0.048549138,0.0009527473,-0.0033818753,0.007581745
