-0.043849602,-0.012080486,0.052652884,-0.05751698,-0.0062942933
-0.03533256,-0.05705086,-0.021313064,-0.073510714,-0.08475396
0.008469517,-0.06802173,-0.044893872,-0.016065955,0.02769286
-0.012770346,0.03837654,-0.021698931,-0.03781271,-0.01763293
0.030864274,-0.059707984,-0.0593551,0.0092878,0.002247565
-0.038441043,-0.029134925,0.122991025,0.10004438,-0.050587673
0.062187012,-0.027493022,0.054410934,0.11294665,0.028559588
-0.016137704,-0.0514456,-0.017449798,0.022789882,-0.028032236
-0.030317662,-0.07456881,0.0020756423,0.044687506,0.040424146
0.004307926,-0.026509259,-0.07856316,0.0078073335,0.020922191
-0.016004872,-0.03663534,0.098055616,-0.029556883,0.017501568
-0.027297646,-0.06278872,0.036245763,0.08566794,0.0765706
0.027400924,-0.11177787,-0.03699541,0.015805822,0.07330748
-0.018623017,-0.013176895,0.069555365,0.024005748,-0.040905792
0.034971025,0.08335685,0.116409525,0.009965574,0.027241502
-0.050142977,-0.05603018,-0.039256897,0.021767598,-0.025085328
0.06456424,0.034136884,-0.026476074,-0.05701464,0.039269052
0.0044800867,-0.0011822178,-0.054428115,-0.038753457,-0.03968487
0.03639997,0.02736315,-0.016324213,-0.013654388,0.013022
0.052971676,0.042845644,-0.0611257,-0.051650114,0.008172978
-0.031661484,-0.040141415,0.06221269,0.021131003,0.014106642
0.015899284,0.053497337,0.020251436,0.016595183,0.0024863498
0.03255326,0.025440829,-0.0077724196,0.0006976965,0.009157387
-0.024681216,-0.016040497,0.029823717,-0.045811336,0.044062994
0.031182604,0.04483299,0.024416013,-0.038567647,0.0074912272
-0.05978775,0.04729827,0.10005646,-0.01741564,0.0042554876
-0.071028866,0.029714089,0.069615155,0.026565222,-0.040658426
-0.04474086,-0.0073642717,0.042236913,0.030582942,0.033435576
-0.04962535,-0.0564629,0.0052051707,0.08591713,-0.021092916
0.009563633,0.033771716,0.10178541,-0.018523391,0.012332433
0.019905977,0.11778206,-0.005093229,-0.10480404,-0.083873525
-0.029999916,-0.0020229942,-0.04906269,-0.07443241,-0.048248976
-0.1363545,-0.03624141,0.048203446,-0.045907464,-0.055171862
0.08216013,0.07250736,-0.066882215,-0.07960828,-0.04585012
0.051635973,-0.09559521,-0.124582216,-0.012411128,0.025084052
0.014262465,0.0065447567,-0.029141003,0.048157774,0.027579114
0.009570643,-0.0068847984,-0.030754648,0.059323866,0.09211414
0.017806603,0.026750617,-0.02347055,-0.017410876,0.05484377
-0.026294991,-0.028737778,-0.019456849,-0.04792645,0.039979
-0.005057726,0.013590472,-0.054301467,-0.008435403,0.0285657
0.019638326,0.07080035,0.005833753,0.048065033,0.008779869
-0.020911396,-0.029665168,-0.058957264,-0.0028518215,0.06875446
0.0039177937,0.017409937,-0.03531532,-0.040277693,0.040770564
0.028864905,0.05053282,-0.11691155,-0.0012485246,0.05888301
0.021351194,0.01329229,0.014128841,0.001258696,0.05221693
0.038378663,0.10878938,0.008730425,0.0021467875,-0.026930792
0.06088548,0.07995827,-0.06340286,-0.04860661,-0.07005851
-0.007964882,0.018758604,-0.00501843,-0.003898052,-0.044692542
-0.030353332,0.097859934,-0.013331726,-0.08398732,-0.041700993
0.06617653,0.053224925,-0.06920825,-0.019570086,-0.050389133
-0.028953196,-0.038039926,-0.007969846,-0.044307284,-0.003479845
-0.099166885,-0.028797472,-0.09522545,-0.056363277,-0.0791151
-0.096231796,-0.05959909,-0.004932866,-0.076991595,-0.07846128
0.02567386,0.052078966,-0.058146715,-0.008609713,-0.038101807
0.069521986,-0.049085315,-0.13367252,-0.0294913,-0.018228648
-0.053678215,-0.06397552,-0.04872635,0.013523746,0.066659585
0.027595906,0.03263979,-0.050678954,-0.036724582,0.03624354
0.039678,0.066006176,-0.0100359535,-0.024817761,0.02640768
0.01540888,0.03865993,-0.07269053,-0.05957449,0.073575005
0.018582294,0.04627182,-0.08684908,-0.07790634,0.008795232
-0.01795905,0.051287856,0.04452102,0.0072546075,0.050690208
0.0023231525,0.07516299,0.03324793,0.04814139,0.05873723
-0.02155431,0.03637947,0.10493078,0.029482668,-0.049821977
-0.024609292,-0.017339135,0.051829606,0.0184239,-0.03557893
0.0007001384,-0.023001356,-0.0132076135,-0.018543208,0.015040809
0.039012115,0.030924562,0.0032952598,-0.017044552,0.03345427
0.029136386,0.061749574,-0.009687657,-0.074203916,0.026242126
-0.020231467,0.066461794,0.04327703,-0.05911072,-0.05399038
0.02027313,0.033914723,-0.04712632,-0.083952926,-0.048868503
0.013103401,-0.029516222,-0.023074133,-0.05224964,-0.0438578
0.021065637,0.024425019,-0.024382513,0.038232088,-0.0039630104
0.0015824344,0.006897461,0.0065519977,0.01184425,-0.04057866
-0.017340269,0.014103683,-0.01311472,0.0007807964,0.01836907
0.014232697,-0.043642562,-0.044673644,0.011367874,-0.014715772
-0.023275545,-0.023591334,0.07138968,0.026314927,-0.039042108
0.018735994,-0.042926867,-0.009877746,0.035847057,0.043941002
-0.0027340238,0.023662744,-0.059234586,0.07342701,0.082116775
-0.015439613,0.013275484,-0.059750106,0.04991116,0.12169218
-0.046228494,-0.037622374,-0.045826785,0.028460052,0.089046806
-0.07555428,-0.02119487,0.0060354015,0.020445915,-0.018519014
-0.03551402,-0.07589796,-0.014187272,-0.005490892,-0.03631124
-0.101098955,-0.09128276,-0.052299064,-0.057800297,-0.05233624
-0.03331723,-0.056832053,-0.036589243,-0.099897906,-0.03863625
0.07086527,0.106472634,-0.07104617,-0.063831285,0.03290497
0.071900435,-0.07554295,-0.07347296,-0.052381355,0.0262782
-0.08723632,-0.09105931,-0.003562218,0.031657666,0.051496234
0.038568754,0.04640403,-0.011204981,-0.024101278,-0.08162278
0.14318812,-0.027607258,-0.068125285,-0.08775001,-0.10822492
-0.031554405,-0.0273638,-0.07341839,-0.06328066,-0.027397703
0.089613065,0.15607072,-0.0060659247,-0.044857323,-0.01026749
0.008200585,0.0036594283,0.09890754,0.027969198,-0.04914509
-0.04392832,-0.05521822,-0.032723956,0.012276394,-0.048844475
0.010683436,-0.084574446,-0.02529724,0.005297801,-0.027988853
-0.071816966,0.058011632,-0.004496475,-0.0654767,-0.011800458
0.048111416,0.091050535,-0.0015725746,-0.032820288,-0.041988716
-0.012325002,-0.030911585,0.042521417,0.057489242,-0.03296099
0.0023721477,0.0044237417,-0.04134774,-0.0017029892,-0.006696488
-0.022401769,-0.049420565,-0.023386603,0.020058129,0.030084545
0.015698835,0.022433763,-0.023467414,-0.00802317,-0.013226317
-0.014690304,-0.03607846,-0.05219313,-0.06597423,0.012190494
