-0.03374075,0.0008379189,0.032652844,0.018198088,-0.02276599
0.03500408,0.037706695,0.026998855,0.025883524,-0.03906685
-0.011878385,-0.019051664,-0.061738092,0.004880144,-0.049591694
-0.011464262,-0.009726853,-0.06928446,0.019712854,-0.028290994
-0.03314696,-0.0101205455,-0.014445104,-0.0151082305,-0.042071085
-0.016444448,0.009891628,-0.02360132,0.024352385,0.018902898
-0.06318226,-0.024819275,-0.04826527,0.009319696,0.003384098
-0.08129164,-0.03076511,0.0022489713,-0.009133231,0.015447787
-0.018007724,-0.0011447343,-0.033075906,-0.017563337,-0.008901124
-0.008121681,0.057204854,-0.046696395,-0.04499634,0.02920594
-0.024595013,0.00029364097,0.028491344,-0.0334353,-0.056336697
-0.07084327,-0.014303465,0.011099882,-0.031254653,-0.028492883
-0.040221743,0.015258276,-0.016139766,-0.00030744736,0.0050788927
0.0034509127,0.04345353,0.007257456,-0.027456656,-0.021091023
0.01836609,0.06355927,0.00020716658,-0.07539273,-0.05793082
-0.022087349,-0.028230513,-0.022229409,-0.06827152,-0.02011521
0.03060237,-0.01192192,-0.044062227,-0.05991643,-0.026497046
0.018381974,-0.03944293,-0.027246986,-0.0515705,-0.037864637
0.003443484,-0.055164225,-0.022231126,-0.056208834,-0.075664245
0.016406003,0.020807,0.020947658,-0.015573732,-0.013101121
-0.086680226,-0.023118822,-0.035891395,0.030747095,0.032660164
-0.0497717,0.02899886,0.0055052466,0.005078653,-0.021376215
-0.0045372103,-0.010187684,0.04495035,0.053627033,0.022360094
0.02135155,0.06494241,-0.0034723012,0.04217569,-0.015275997
-0.012988288,0.050700743,0.034774315,0.045007117,0.036430348
0.08014055,-0.024085676,-0.04224949,-0.06007086,-0.03812659
0.0058418387,-0.009279551,-0.018954147,-0.035265,0.017662724
-0.028043287,-0.036624514,-0.021744534,-0.051887035,-0.06502336
-0.020567501,-0.009335706,-0.08679532,-0.05782499,-0.00045578196
0.02802119,0.027953513,-0.06515505,-0.04423563,0.011510756
-0.06275731,-0.025054619,-0.04472677,-0.027139442,0.018731004
0.13569693,0.08170985,0.09092178,0.08245745,0.10089109
0.14065273,0.04296781,0.037996065,0.07126434,0.022595147
-0.008219979,0.06237123,0.049204905,0.054060858,0.047581542
0.040399596,-0.047708135,-0.032132067,0.016482273,0.06557213
-0.024108892,0.025181782,-0.004348693,0.00029006577,0.053069137
-0.0064116544,-0.06668026,-0.052706003,-0.043399464,0.03153423
0.004964074,-0.04492434,-0.014244877,-0.016614622,-0.03542359
0.03401995,-0.01731792,-0.02912127,0.019486478,0.014062228
-0.006079773,-0.06418956,0.009476519,-0.010621848,-0.013459528
-0.0025936463,0.010969421,0.097338974,0.06890441,0.0852269
0.038296722,-0.018206662,0.11139654,0.06590038,0.0651861
0.07903675,-0.018838234,0.038552854,-0.017094905,-0.0063045644
0.00040473766,-0.08888006,0.010184698,-0.029108075,-0.07459891
-0.0023225986,-0.04322215,0.03722463,-0.03011873,-0.026709031
-0.104420945,-0.07709308,-0.060184933,0.009405324,0.005043999
0.021286502,0.007210819,0.015219609,0.015055265,0.04596194
0.031898554,0.07614432,0.052545916,0.033856858,0.07175832
0.04084985,0.06798279,0.08250069,0.08750772,0.028874045
0.11257645,0.05057072,0.056144755,0.086442485,0.04187246
-0.050272625,-0.0047939653,-0.021450447,0.041829273,-0.0026495398
0.09966748,0.13953374,0.078957394,0.09459012,-0.0005951905
0.065444686,-0.023211043,-0.042524844,-0.063866794,-0.059013985
0.018730918,-0.040804736,-0.055014238,-0.013066487,-0.000769457
-0.03488036,-0.06500005,-0.012923519,-0.025295943,-0.017863825
0.006847895,-0.052614875,-0.057147607,-0.06177821,-0.03335806
-0.004253423,-0.0867078,-0.071144365,-0.040034615,-0.032282773
-0.004003464,-0.019411,-0.010098763,-0.07549379,-0.020014958
-0.017209318,-0.060783513,-0.015372721,-0.05070681,-0.083998434
-0.07161546,0.022221122,0.0073143872,-0.0576343,-0.051948164
0.059712157,-0.07485989,-0.0571705,-0.085891984,-0.014255703
0.020443594,0.00200146,-0.052557662,-0.0779395,-0.034373313
-0.032523017,0.034433316,-0.04616802,0.0015909848,0.013332476
-0.025955152,-0.0298611,-0.051149096,-0.032553162,-0.049172115
0.06206564,0.012302179,-0.023922611,0.030786844,-0.020759756
0.016879363,-0.06154796,-0.008340534,-0.057056073,0.030059591
0.006430954,0.01915093,-0.0054599554,0.01744252,0.028391
0.044779144,-0.0072560064,-0.030327197,0.0049141548,-0.05542969
0.04704084,-0.037547506,-0.0016604727,0.0013193258,0.054470375
-0.01937985,-0.049754616,0.022387136,0.0716807,0.0682649
0.028726913,0.0075724856,-0.020855643,0.046019126,0.029420499
-0.060552515,-0.084719844,-0.016190432,-0.083502784,-0.019187685
0.009596297,-0.054002713,0.014776082,-0.060500193,0.01816064
-0.030842373,-0.033000767,-0.040930554,-0.06006122,-0.054565176
-0.014457226,0.00042282304,0.009042494,-0.052622575,-0.0633688
0.0046992954,-0.030791888,0.015017638,0.0042829746,0.051717564
-0.010690352,-0.052828837,0.04933814,-0.028297078,0.04443903
-0.052741397,-0.06823277,0.022980625,-0.065136984,-0.0048170513
0.003942152,-0.07221151,0.048524834,-0.0102500655,-0.0685517
-0.06278326,0.0066242726,0.01469949,-0.048841733,-0.031103216
-0.090016834,0.023054432,0.02217923,-0.0038128844,-0.003687871
0.11792798,0.07383995,0.08900342,-0.008777627,0.06033238
-0.022206202,-0.06790012,-0.07696336,-0.0721842,-0.005684965
-0.060817104,-0.10540802,-0.017447801,-0.066886164,-0.008072378
0.011213437,-0.06554415,-0.0336411,-0.053161386,-0.016499246
0.09904514,0.052043058,0.118523106,-0.02877714,0.020739816
-0.043892972,-0.10609104,-0.10902492,-0.10610472,-0.051760647
-0.12968221,-0.08779655,-0.10145571,-0.11362851,-0.046803113
-0.113620676,-0.105808295,-0.11953474,-0.06578526,-0.07810588
-0.11416122,-0.0923631,-0.10350002,-0.078703776,-0.1533217
0.01209494,0.03357796,-0.0550728,-0.025414834,-0.011409335
0.009006271,0.010053471,-0.055299893,-0.023850404,-0.015752422
0.011545756,-0.05782647,-0.04087842,0.018566653,0.044327423
-0.04027917,-0.07046274,-0.050306566,-0.013851122,-0.051732164
-0.010869416,-0.03676803,-0.082504414,-0.08997104,-0.05366454
-0.054220226,0.018499762,-0.0032072035,-0.04314066,0.03677706
0.0065425592,0.032434437,-0.01295728,-0.056968834,0.027992046
-0.028809762,0.006613116,0.0012557649,-0.061009634,-0.06430946
-0.059527166,-0.034641154,-0.058667608,-0.042559277,-0.053242765
-0.014186706,-0.027177336,-0.043740712,-0.06673683,-0.05968735
