-0.011860255,-0.03893526,-0.011525178,0.059476484,0.037067506
0.022445448,-0.037443466,0.03068641,0.007191489,0.0005358331
-0.010240647,0.0137799755,-0.015559293,-0.06576502,0.006156797
-0.02499536,-0.033384845,0.032117635,-0.04847454,0.044585943
-0.032813713,-0.043790877,-0.038806163,-0.05342002,0.0049734567
-0.036353935,-0.050016873,-0.053991996,0.03722975,0.081150256
0.00070447475,0.014625675,-0.0052777,0.03748641,0.007944595
-0.031432256,-0.015631951,-0.0073730294,-0.04460381,-0.017599026
-0.06319409,-0.025345579,0.030353332,-0.049380902,-0.059065558
-0.008661341,0.0058241347,-0.022594823,-0.033386268,-0.042566452
0.005481519,0.01380007,0.025112977,-0.007943918,0.034304854
-0.016662907,-0.071324,-0.05864865,0.0040996615,0.055411085
-0.014237597,-0.053424086,0.0031176426,0.0092180865,0.047718164
-0.0015383097,-0.008443667,0.050227758,0.052005645,-0.07610507
-0.0051078512,-0.020786792,0.057694376,0.00950805,-0.071935356
-0.025524072,-0.0038072856,0.005379454,-0.09701749,-0.029969594
-0.02666417,0.032951504,0.040359113,0.023895891,-0.034858182
0.05576751,0.015178844,-0.00796675,0.025486518,-0.052490663
0.03354283,-0.03906014,-0.031161055,-0.06627033,-0.017463718
0.05472653,0.007401201,-0.011826689,-0.0041175894,-0.030586025
-0.039022446,-0.00090566074,-0.05065009,0.0024655664,-0.031988718
-0.01678759,0.044164445,-0.03782879,0.006846226,-0.012126799
0.009220324,-0.0018398314,-0.023813598,0.033917718,0.030311018
0.022120884,0.023669219,0.02503431,-0.041863456,-0.021094425
0.022341521,0.0031706945,-0.018690938,-0.012228126,0.020971132
-0.023659429,-0.03597529,0.04483897,0.0592209,0.0033822472
-0.025799926,-0.06667324,0.0077442396,-0.014862867,0.044670917
-0.033400394,-0.03407589,-0.09546878,-0.012198518,0.054289576
0.0036947997,-0.062435545,0.05505893,0.04724234,0.015460869
-0.028623652,-0.032090615,0.06560485,-0.0023858831,-0.03773776
0.005180812,-0.03259678,-0.01782175,0.03393633,-0.06626399
0.012349745,0.05335865,-0.0076760896,0.072600275,-0.023121288
0.015225587,0.019894646,0.029281028,-0.05717469,-0.040208325
0.016830182,0.03342212,-0.051234957,-0.0026436436,-0.006398107
-0.023316098,-0.04463683,-0.042444505,-0.052248664,0.04804727
-0.0006275442,0.021524325,-0.046188254,-0.030606117,0.038837254
0.015132698,-0.014372777,0.012557362,0.027873155,-0.060656477
0.020194273,-0.028747156,-0.01637974,-0.054761324,0.005709983
-0.043831617,0.02748579,-0.00094093103,0.004902575,-0.025486028
-0.04269416,-0.0133947255,-0.04791985,-0.06335826,-0.018394522
0.011367792,0.006373872,-0.028183686,-0.049685035,-0.010781172
0.05021325,-0.05365976,-0.047432728,-0.095347054,-0.054981403
-0.02933241,-0.046486948,-0.07494981,-0.026557064,0.013936908
0.017196758,-0.018223379,-0.058704067,0.026559606,0.080068
0.009423975,-0.035588972,-0.028832152,0.10253764,-0.007961934
-0.013666525,0.050630584,-0.055803392,-0.02010879,0.0017311801
-0.041313667,-0.0020481262,0.04935137,0.03369042,-0.018363371
0.036466327,0.02713554,0.018254092,0.050125767,-0.04750483
-0.043464668,-0.03068444,-0.010892235,-0.040809102,-0.033854168
-0.014926254,0.02516666,-0.073682666,0.014610441,0.059957497
0.006510187,-0.037016578,-0.03914122,-0.008383133,-0.0031113815
-0.014751308,-0.012630346,0.03147787,0.047367126,-0.004830701
0.051492095,0.0028044514,0.007305317,-0.102418564,-0.05222676
0.06937597,0.049560763,0.0058034025,-0.014377824,0.055247266
0.028317835,0.008576043,-0.048103992,-0.03600051,-0.009096809
-0.018312225,-0.04207208,0.010002189,-0.053011503,-0.021570379
-0.0043189656,0.007256723,0.006135526,-0.024527267,-0.040958095
0.0003651858,0.03282184,0.029617194,-0.023248956,-0.019947646
-0.032815766,0.012349267,-0.011346778,-0.04496503,-0.011609315
-0.00011318791,-0.0082896175,-0.056435045,-0.049408525,0.013720822
-0.03182618,-0.0402926,0.019659283,-0.061363224,0.003419088
0.039954092,-0.017825041,0.0151462285,0.04031141,0.018245662
-0.03372426,-0.012772323,-0.003581471,0.027502967,0.019396486
0.03430157,0.033188198,0.0058584395,-0.049495243,-0.06390968
0.03139243,0.009854899,-0.010355668,-0.038538195,-0.015754202
0.009036327,0.00018493485,0.022528,-0.014896786,-0.03316861
0.004319997,0.011941198,0.033540756,0.028447755,0.0060830745
-0.04203071,-0.0021502047,0.02399769,-0.04815794,-0.0012216407
-0.022361634,-0.04281728,-0.017389022,-0.05954351,-0.07392385
0.042794555,-0.04464803,-0.037248522,0.0029995642,-0.031032942
-0.032009717,0.021264028,0.022648511,-0.053275578,0.016849332
0.011417686,0.017189695,0.026184727,-0.048839215,0.015579077
-0.0008051713,0.013518252,-0.024660155,0.016811058,0.086062394
-0.025955532,0.023099374,-0.022352505,0.031018425,0.0428616
0.04005935,0.054067656,0.060093403,0.07754462,-0.04274964
-0.05624963,0.018887695,-0.054562453,0.004784062,0.08614472
-0.004320542,-0.049190905,-0.037532333,-0.023070645,0.023562515
-0.037263196,-0.0098744035,-0.030764645,-0.073987685,0.040210705
-0.071124844,-0.08633416,-0.054035865,0.053894818,0.013558845
-0.054759525,-0.048065875,-0.012133204,0.037767086,0.019185385
-0.01336108,-0.01275688,-0.046675198,0.03213078,-0.018168142
0.023552183,-0.03802396,0.0034317898,0.06267144,0.024872852
-0.01285193,-0.020638023,-0.006997388,0.0032775528,-0.05971794
-0.021332307,-0.008650526,0.009494728,0.033241473,0.028067624
0.0037571709,-0.038721684,-0.05413321,0.026396874,0.0023647626
0.0674397,0.0017291186,-0.10352921,-0.12124802,-0.12327037
0.017063541,0.009788631,0.008889854,0.017758247,0.013177733
-0.063240275,-0.012317098,0.039871912,0.13712758,0.13103773
0.03831152,0.009594378,0.05847531,0.07944403,-0.08088939
0.014007808,0.08214923,-0.0033976422,-0.1025017,-0.03462417
-0.038914643,-0.023435388,-0.059208926,-0.029401153,0.023668172
-0.015961668,0.013230245,-0.078886196,0.00057817367,-0.011409299
0.015889075,-0.06438791,0.040155735,0.089038655,-0.02229712
-0.020602698,-0.001066739,0.047529876,0.004770545,-0.015566449
0.041596975,0.018254008,0.039340373,-0.01739409,0.033385817
-0.016822167,-0.006435962,0.037963193,0.009701713,0.10393656
-0.021231946,-0.04837532,-0.055560756,-0.030774577,0.0065650344
0.042598527,0.0024538022,-0.018575957,0.026957965,0.004288952
0.014831803,0.02820759,-0.033502806,0.015636113,-0.070506625
-0.038660407,-0.054657385,-0.019920861,-0.0035842638,-0.072193414
