-0.17436452,-0.15137939,-0.16600198,-0.17953652,0.17908542
-0.15025698,-0.2167788,-0.15278777,-0.1486631,0.19496526
-0.20685005,-0.22379811,-0.19012937,-0.1496695,0.18971173
-0.19892812,-0.20991202,-0.18432914,-0.16293621,0.19638154
-0.17995934,-0.21861833,-0.1660285,-0.1830202,0.14371236
-0.15047272,-0.15923022,-0.18732017,0.17883492,0.22783701
-0.14327317,-0.1803825,-0.1461568,-0.16876464,-0.166328
-0.1903187,-0.19093613,-0.15906794,0.1680722,0.15572171
-0.15974595,-0.19840427,-0.1560956,0.18022625,0.16042136
0.18689963,-0.19282539,-0.17740566,-0.22217299,-0.22553489
-0.185353,-0.14730489,-0.21594055,-0.2101669,-0.18339916
-0.1541786,-0.15339631,-0.1970071,-0.19001392,-0.22287638
-0.14399064,-0.16049881,-0.17623487,-0.23111428,-0.16238548
-0.21286513,-0.18578832,-0.16621304,-0.1894515,-0.20946234
-0.15746062,-0.15735479,-0.18331122,-0.21559985,-0.21083365
-1.1413295,-1.0782359,-0.65525013,-0.6976901,-1.7857858
-1.1818447,-1.3496361,-1.1019949,-0.6224486,-0.256895
-1.2398267,0.03431516,-0.81600064,-0.6188957,-0.08267461
-1.3050338,-1.1178699,-1.6897681,-0.038056035,-0.9173512
-0.6522927,-0.8678453,-0.043964878,-0.09055696,-0.61525816
-0.20015106,-0.20102985,-0.18510826,-0.22974558,-0.21301712
-0.19185852,-0.17866859,-0.15598248,-0.21837483,-0.17675826
-0.1670043,0.16379432,-0.18004827,-0.21110931,-0.18886186
-0.2122385,-0.20017472,-0.20535816,-0.14897574,-0.17687595
-0.23104393,-0.18198158,-0.16327642,-0.20714244,-0.21441285
-0.19645032,-0.22717108,-0.20430909,-0.18217647,-0.22103542
-0.230146,-0.21425052,-0.22033706,-0.18635412,-0.17150609
-0.15949126,-0.14297877,-0.16428865,-0.20785645,-0.1936048
0.16466907,-0.16078728,-0.17275955,-0.16705634,-0.21771646
-0.15280634,-0.2270413,-0.16521542,-0.22668046,-0.15342668
-0.21417427,-0.22247112,-0.1652883,0.22729915,0.18441582
-0.16894017,0.2283841,-0.22398406,-0.16948143,-0.17698157
-0.21310991,0.21418747,-0.14782965,-0.15327433,-0.21284883
-0.14809674,-0.1500468,-0.17065829,0.1814979,0.22207373
-0.21661282,0.16048555,-0.16304974,0.21747635,-0.1921369
-0.14654204,-0.16412097,-0.16579556,0.2239232,0.23169611
-0.15639313,-0.15122807,-0.1834547,-0.15261221,-0.16353998
-0.20966218,-0.16267587,-0.1845495,0.17222896,0.22121496
-0.17597115,-0.15282184,-0.17802718,0.20101133,0.21451607
-0.19881585,-0.15987796,-0.21078627,-0.19400443,-0.18356583
0.21856882,-0.16794749,-0.14451773,-0.21167783,-0.19114941
0.18392442,0.2241052,-0.1454379,-0.17637956,-0.22380273
0.15521352,0.19584371,0.14823212,-0.20326073,-0.22119166
0.21051767,0.18152474,0.15262976,-0.15844063,-0.22731434
-0.19198857,0.23071551,0.21004522,0.14886071,-0.18283276
-0.19432381,-0.16775031,-0.14634629,-0.14955142,0.18324538
0.20827186,-0.23158307,-0.15242551,-0.16376501,0.15620962
-0.20059776,-0.20505616,-0.21381745,-0.16924101,-0.20070727
-0.16906914,-0.20125654,-0.15291618,-0.20526026,-0.19540828
-0.20157313,-0.18561028,-0.20414579,-0.2190701,0.1451698
-0.15985344,-0.18146512,-0.21641706,-0.16449544,-0.18298791
-0.2038173,-0.19059928,-0.18274887,-0.15562588,-0.22877623
-0.22238052,-0.22372463,0.15240361,0.18794444,-0.16283531
-0.1759784,-0.16872197,-0.18228082,-0.18851927,-0.22818403
-0.14773345,-0.14444388,-0.18792151,-0.17959054,-0.17939097
0.044257514,-8.5331216e-05,-0.007356877,-0.024349235,0.011563739
0.02061703,-0.037747264,0.015298043,0.011169422,0.019836986
0.020965606,-0.011708657,0.005988379,-0.031334613,0.02691953
-0.03762698,-0.039234266,-0.03316531,-0.024952194,0.0018662831
0.029347882,-0.0058922092,0.032113783,-0.0073072277,0.037920132
-0.1568052,-0.15942714,-0.16941352,-0.21779065,0.2314939
-0.23023388,-0.21902066,-0.21469666,-0.19947284,-0.16824712
-0.17841,-0.2261597,-0.14449213,-0.14569683,-0.16561218
-0.23147863,-0.16268769,-0.17491117,-0.19319825,-0.22512843
-0.1497808,-0.2010396,-0.22384472,-0.15315379,-0.17021814
0.013165355,0.028904272,0.015579483,-0.009733404,-0.0077766185
0.03697319,-0.0014658619,-0.03735519,-0.030903835,-0.033750832
0.0042746533,0.03270175,0.026752828,0.011828801,0.014904792
-0.021182831,0.041858453,0.017056445,-0.028187316,-0.029793069
-0.040064983,-0.012723361,0.03271038,0.0026256328,-0.021195285
-0.17521514,-0.2187119,-0.17433845,-0.15713567,-0.16592126
-0.20124933,-0.20287974,-0.16902597,-0.16088592,0.17670849
-0.1877691,-0.19271354,-0.19292583,-0.2273563,-0.22455868
-0.14932622,-0.20919679,-0.1545946,-0.15992296,0.18085778
-0.2093014,-0.18618207,-0.19541858,0.16093604,0.23113896
-0.19119647,-0.19454247,-0.21795988,0.19494346,0.19385585
-0.14356777,-0.20147942,-0.16251531,0.18983592,0.21140195
-0.18688522,-0.19538061,-0.17013745,0.16768326,-0.16054612
-0.22512642,-0.21972904,-0.14505997,0.17081447,0.15209481
-0.22036134,-0.14430359,-0.19392353,0.15002745,-0.19409946
-0.72137237,-0.82554114,-0.5719538,-0.809258,-0.60043746
-1.0802692,-1.0399537,-0.55099463,-0.83617014,-0.5125789
-0.5282419,-0.86111486,-1.1497751,-0.96331596,-0.9912132
-1.0963893,-0.5794189,-0.01523295,0.011123997,-0.42147896
-1.4099927,-0.93354785,-0.6630275,0.124725536,-0.9530198
-0.18333617,-0.21575114,-0.17053805,0.16320011,0.23093623
-0.22719015,-0.16272898,-0.21088812,-0.20352624,-0.22942643
-0.22911304,-0.22998762,-0.18851349,0.22885829,0.20816901
-0.15966214,-0.1776558,-0.20489998,0.17024826,-0.20091532
-0.22943835,-0.16308616,-0.20095913,-0.21296374,-0.17657389
-0.18766987,-0.16334978,-0.21695738,-0.14324106,-0.20547046
-0.17077361,-0.14695801,-0.19023599,-0.22696817,-0.230939
-0.1436795,-0.22954173,-0.20425871,-0.15716557,-0.22245282
-0.1458757,-0.18332751,-0.17376977,-0.18065172,-0.18275279
-0.16257195,-0.22642088,-0.17800273,-0.20791048,-0.14534616
-0.15064366,-0.20523758,-0.16280013,0.17996365,0.21126647
-0.20031989,-0.21384059,-0.16880201,-0.16552702,-0.14740151
-0.17349727,-0.20762612,-0.17624395,-0.18497777,0.22657005
-0.16931935,-0.14952621,-0.18434845,-0.22155997,0.15900952
-0.14728643,-0.14761761,-0.1741969,-0.21958509,-0.15499194
