-0.0113187535,0.039338313,0.13555403,0.06348525,0.08162316
0.09798805,0.13370043,0.0981839,0.06615105,-0.028144825
0.03953204,0.03636137,-0.073353596,-0.11089591,-0.13752623
-0.09226676,-0.011022038,-0.047714554,-0.040032864,-0.044014044
-0.07570159,-0.026484946,0.005543632,0.021919383,0.0053057526
0.067745,0.010430076,0.060448978,0.007405529,-0.03648419
0.0016851311,-0.008392573,-0.04758256,-0.077335455,-0.08573764
-0.020357903,0.008887048,-0.020648295,-0.09673442,-0.105592914
0.011423206,0.041986145,0.06002885,0.024534037,-0.03436942
-0.031909492,-0.028285932,0.04107546,0.026262563,-0.007844156
0.01378726,0.061980482,0.011283367,0.008137523,0.04564873
0.020335944,0.090116166,-0.023829933,-0.061270997,0.0038329002
0.007095102,0.0054897433,-0.05103095,0.0024579794,-0.057258755
-0.012896569,-0.050726358,-0.047706034,0.01508633,-0.05041785
0.0056139724,-0.04678675,0.0059457356,-0.035816073,-0.05259073
-0.03192878,0.07738037,0.03518587,0.0366866,0.045998648
0.011414609,0.022653898,-0.0106769195,-0.001052925,-0.022553267
-0.07796108,-0.02772197,-0.08747256,0.00015792785,-0.029638913
0.0071257236,-0.025472935,-0.029976688,-0.048654824,-0.076294556
-0.05342874,-0.044352073,0.020601207,-0.023689758,-0.052040324
0.0049051796,0.024358727,-0.020894716,-0.02998695,-0.03406014
0.028697101,-0.04302776,0.011860153,0.035029635,0.027540373
-0.004287726,-0.007910784,0.034775,-0.010699841,0.029331159
-0.012131623,0.02058698,-0.0035343508,-0.017824452,-0.0013158357
0.031680577,0.01184854,-0.03690582,-0.028851744,0.0014717774
0.019021546,-0.007920901,0.02202607,-0.0062369946,-0.022631548
-0.029304655,-0.033208787,-0.08282134,-0.07096636,-0.06516148
-0.021551792,-0.029376853,-0.03102142,0.05988251,0.018208085
-0.035945717,0.01763846,0.015685305,0.032167584,0.03671426
0.01957074,0.0021670577,-0.018350508,0.033019412,0.030067315
-0.0050301924,-0.031898655,0.03713842,-0.013534643,-0.029241893
-0.032028653,0.024999656,0.0069844904,-0.023636622,-0.05065366
0.024948655,0.0027875472,0.034251362,-0.0066752597,0.03423269
-0.017619967,-0.024584757,0.02761725,0.020316144,0.04020304
0.0007517118,-0.037764885,-0.028363325,-0.005418693,-0.0022414853
0.012443891,0.06136442,-0.0016530191,0.012892605,0.010691101
0.034664758,0.0017624474,0.003965158,-0.0436744,-0.08540299
0.012480279,-0.034769163,-0.0771119,-0.06942068,-0.023854408
-0.053829003,0.029669378,0.039191976,0.020893382,-0.06880503
-0.05727801,-0.03976686,0.034746986,-0.01274942,-0.024577476
0.007338605,-0.017129289,-0.0047065513,-0.03247926,0.038191695
-0.03247028,-0.025001397,-0.050256714,0.018660864,-0.025203822
-0.03236126,0.016662296,-0.00249651,0.047799062,0.021189652
0.00682532,-0.035144437,-0.028459147,0.040866442,0.027323628
0.043045364,-0.044580568,0.0009827366,0.02411207,0.03902694
0.005922305,-0.019003045,-0.019692542,0.041124683,0.07001792
-0.042090654,-0.01736887,0.08593025,0.03556278,0.011205727
0.031143354,0.042713672,0.020513743,0.036925834,-0.0025277268
-0.022048183,-0.005376383,-0.011016594,-0.021510413,0.015338279
0.03712453,0.06703862,0.04466263,0.039882064,-0.044124592
0.016917037,-0.010286339,0.026405908,0.0073507335,0.005275683
-0.010931844,-0.059494197,-0.031571075,-0.03666174,-0.060034987
-0.00027778116,-0.07601328,-0.036952537,-0.026379684,-0.054181136
-0.012433091,-0.028066434,0.073830925,0.06786231,0.032960575
0.042577825,-0.031112885,-0.035728373,0.051287256,0.037619296
0.00706491,0.024996348,0.011433212,-0.0033740725,-0.014974165
0.015699975,-0.036328487,0.044075772,-0.03945237,-0.03385719
0.03274847,-0.025921553,-0.021849629,-0.010608113,-0.03904131
-0.002112036,-0.0063960496,-0.009002899,-0.00023299172,-0.030156681
-0.0076973704,-0.0052031535,-0.044246085,-0.033195756,0.03442997
-0.0134214405,0.0097815655,0.00014176717,0.09530021,0.043280967
0.07315879,-0.04438882,-0.09183401,-0.039161816,-0.028609715
-0.06911251,-0.03025451,-0.058999784,-0.011768115,-0.052571252
0.012467045,-0.009622226,0.06685489,0.0874347,-0.045638338
-0.051122226,-0.08317832,-0.0140323145,0.039051816,0.058760986
-0.015523343,0.03538919,0.0365794,0.030082779,-0.036158748
0.017504793,0.025405204,0.03276119,-0.04042099,-0.00935708
-0.022691155,-0.016822541,0.013026988,-0.002495423,0.0194141
-0.03323356,-0.013913944,0.019152023,-0.016501062,0.0055088615
-0.029888462,0.038600963,-0.000106316686,0.016430432,0.002410846
-0.003704019,0.05147754,0.012338967,0.064173944,-0.016147029
-0.021469133,0.015112588,0.0658017,-0.030989125,0.029116211
-0.042240433,0.059559166,0.054920897,0.011432735,-0.041045014
0.015269303,-0.047415365,-0.025696276,-0.051436037,0.02600858
-0.016366366,0.006312329,0.016368954,0.025424264,0.030648056
0.019340161,-0.015779687,0.018842353,-0.007525428,-0.013721289
0.033343505,0.037690215,0.021285132,-0.007599202,-0.050248373
0.095331244,0.014023142,-0.07866993,-0.034198727,-0.08793645
-0.012783811,-0.04776938,-0.046077814,-0.04189551,-0.062357567
-0.00911774,-0.0029293196,0.019164748,0.018661007,-0.021164792
0.007652418,-0.036230836,-0.023828285,-0.00014801655,-0.058683686
-0.026819637,-0.021552494,-0.030655792,0.006815853,-0.014567164
0.014963085,-0.0608123,-0.03600742,-0.03303118,-0.04876017
-0.018900434,0.024266975,-0.037289213,-0.04681418,-0.06372667
-0.009780118,0.031439345,0.0047743274,0.0071821553,-0.075302795
0.07138477,0.025525033,0.03679766,-0.03812402,0.019091902
0.04154863,-0.0103598125,-0.026543826,-0.049257793,-0.053936075
-0.03311289,-0.016561367,-0.051478826,-0.02106394,-0.079016335
-0.049206544,-0.019886767,0.015503509,0.02708199,0.0093143135
-0.033855487,-0.03015292,0.01855723,0.020355685,0.037766423
0.060841154,0.052417334,-0.030630505,0.008792566,0.00345
-0.0020544885,-0.04279779,-0.06797144,-0.041627616,-0.06429793
-0.03641334,-0.10848208,-0.010628965,-0.04941877,-0.043677807
0.004404594,0.011315366,-4.8429338e-05,-0.00952123,-0.02285275
-0.06573674,-0.037291203,0.04078727,0.03160642,-0.011240009
0.069081396,0.04975312,0.07108038,0.006449054,0.03107341
0.06317481,-0.02734521,-0.10624675,-0.07728345,-0.07288314
-0.08555864,-0.05278018,-0.02928854,-0.0521591,-0.06027359
-0.015443994,0.012482942,0.039256744,-0.0137707805,-0.026237674
0.008372364,-0.017352449,-0.017298166,0.027521987,-0.074135624
