-0.19135034,-0.13513136,-0.13022831,-0.17595622,-0.123512186
-0.1301044,-0.18155871,-0.13003261,-0.14952224,-0.11940017
-0.1459163,-0.1602365,-0.11245024,-0.19168667,-0.13623251
-0.17740437,-0.156504,-0.15483937,-0.19663374,-0.17854752
-0.15321192,-0.14805783,-0.13237931,-0.17604803,-0.113822035
-0.11154221,-0.11902703,-0.12611273,-0.16844733,-0.15210852
-0.1540661,-0.08498196,-0.15947667,-0.18508856,-0.14504893
-0.16713841,-0.18152067,-0.17572676,-0.15060054,-0.1322705
-0.18754646,-0.15571214,-0.15446015,-0.1591263,-0.11396061
-0.11011878,-0.1302912,-0.14980866,-0.1206913,-0.15502353
-0.1621253,-0.10500714,-0.13606338,-0.090033285,-0.08958362
-0.13523655,-0.1496783,-0.15759242,-0.11887104,-0.12702538
-0.17847113,-0.18163717,-0.14983502,-0.12965122,-0.09783693
-0.11565388,-0.13893034,-0.10934626,-0.102816835,-0.15896061
-0.104231484,-0.17333388,-0.16137168,-0.123294584,-0.16627474
-0.15739013,-0.15316187,-0.14258668,-0.17528507,-0.12715559
-0.12232422,-0.14738221,-0.13662082,-0.18064144,-0.13830005
-0.17355509,-0.16892786,-0.16513741,-0.1520579,-0.11605799
-0.14274433,-0.112228945,-0.14705592,-0.1686427,-0.17183064
-0.16233434,-0.18568169,-0.13756607,-0.11509916,-0.12942623
-0.14260216,-0.12382868,-0.1793846,-0.1447821,-0.1686586
-0.21797697,-0.20136611,-0.19822134,-0.17913896,-0.19358288
-0.17339984,-0.20344685,-0.21493961,-0.19048257,-0.15424986
-0.17861556,-0.23045088,-0.21002547,-0.15910868,-0.13137612
-0.18151921,-0.18467112,-0.19188042,-0.16363446,-0.14496954
-0.1771765,-0.11993681,-0.16200566,-0.12554245,-0.18306525
-0.1760813,-0.17904772,-0.16822553,-0.10514537,-0.16916718
-0.14330637,-0.1612515,-0.14565237,-0.16852224,-0.16857435
-0.18847997,-0.15393502,-0.1902338,-0.19131966,-0.10624733
-0.14328456,-0.16870388,-0.17756541,-0.109723575,-0.15776154
0.1484296,0.21910149,0.229278,0.1958085,0.21980095
-0.035849873,0.18886392,0.2315016,0.14366803,0.12945332
0.19151855,0.19952762,0.19882432,-0.19968034,0.03734379
0.2199372,0.14345492,0.145114,-0.14945538,-0.018197145
0.1961508,0.20334709,0.19789733,-0.21038897,0.15704614
-0.17811231,-0.123130724,-0.14866851,-0.16720739,-0.18306735
-0.120464094,-0.13306756,-0.1839109,-0.14354233,-0.15731774
-0.14254841,-0.1303567,-0.1311494,-0.18411951,-0.13976415
-0.11936923,-0.15206943,-0.11093182,-0.097344734,-0.13160793
-0.098910235,-0.121676445,-0.1716886,-0.11463662,-0.15955462
-0.21044454,-0.1827608,-0.12861378,-0.0908312,-0.15335447
-0.12742406,-0.15509602,-0.1123265,-0.09894463,-0.10422984
-0.160253,-0.14534917,-0.1943201,-0.1771387,-0.22089514
-0.15172291,-0.131916,-0.14425239,-0.1128507,-0.20530142
-0.11074941,-0.11140115,-0.17913115,-0.12872706,-0.11076677
-0.15328732,-0.14883876,-0.17861617,-0.15749653,-0.14097153
-0.17555845,-0.16724549,-0.18613416,-0.13691226,-0.11008525
-0.17612214,-0.16915473,-0.13778636,-0.15352288,-0.12784065
-0.2538151,-0.13446149,-0.105093196,-0.15317889,-0.10311923
-0.19408928,-0.18065669,-0.16666159,-0.117876224,-0.1880341
-0.13869779,-0.17854379,-0.13091876,-0.18190573,-0.18669623
-0.1621839,-0.15597947,-0.11765052,-0.13916865,-0.18908843
-0.106006026,-0.14880484,-0.1369028,-0.16941097,-0.16645956
-0.17902997,-0.18308252,-0.16909732,-0.12002141,-0.15776707
-0.17502593,-0.12577973,-0.14881632,-0.16885927,-0.105582304
0.13197914,-0.04349259,-0.14785282,0.024850987,0.1563919
-0.14209653,-0.20311792,-0.1947001,-0.006437693,-0.01496953
-0.1447667,-0.21527687,0.20987412,0.025615064,-0.02465668
-0.19726546,-0.1666571,0.17023094,-0.039656036,-0.1371225
-0.1385214,-0.10420822,-0.15247686,-0.031132314,-0.1972305
-0.16430864,-0.13538757,-0.12277102,-0.153393,-0.20316628
-0.17454617,-0.17151031,-0.17730291,-0.12682545,-0.14672686
-0.18504526,-0.17658478,-0.18088382,-0.18093391,-0.13038258
-0.1763332,-0.1903555,-0.14517877,-0.15496033,-0.18443975
-0.12947164,-0.1395551,-0.1407514,-0.12507756,-0.16936693
-0.039079163,0.028907822,0.040562917,0.04153542,0.023867534
0.04110717,0.012623236,-0.03901897,0.01330235,-0.034198023
-0.042128354,0.017304447,-0.023685789,-0.03230776,0.042234056
0.014252227,0.019109389,-0.013347762,0.01672365,-0.00070393184
-0.010445104,-0.00853294,0.03318919,-0.030578323,-0.013787857
-0.124896936,-0.19146374,-0.12034881,-0.17200232,-0.1127263
-0.18864538,-0.18048911,-0.18515512,-0.18860118,-0.11438975
-0.12300157,-0.12236783,-0.12915005,-0.120715976,-0.11830289
-0.1872301,-0.15824212,-0.10496095,-0.11501974,-0.13073136
-0.14767264,-0.101166494,-0.15097626,-0.18310595,-0.16269249
-0.15419854,-0.12616557,-0.14400597,-0.1441185,-0.119405076
-0.121886455,-0.1712719,-0.16533802,-0.15292329,-0.15900941
-0.19154848,-0.15874992,-0.12017298,-0.25197744,-0.14823224
-0.14270048,-0.16585478,-0.1638088,-0.23521107,-0.18877177
-0.1861366,-0.12727955,-0.15401213,-0.2128513,-0.15683863
-0.1949855,-0.16472109,-0.20103616,-0.13605902,-0.17066965
-0.17469302,-0.14798215,-0.19643858,-0.18678336,-0.17858486
-0.17619608,-0.19447432,-0.20981531,-0.13606387,-0.13019328
-0.18829176,-0.20130664,-0.14012644,-0.18618399,-0.19538924
-0.21046866,-0.15809135,-0.16086885,-0.12854038,-0.1803229
-0.14067566,-0.08876411,-0.10734915,-0.18420656,-0.1907583
-0.10843741,-0.158654,-0.14111681,-0.14507598,-0.18493648
-0.09945056,-0.13459194,-0.13063335,-0.23890153,-0.18784979
-0.12683794,-0.12182326,-0.13989483,-0.17975652,-0.15290555
-0.09833906,-0.09989213,-0.1116129,-0.16249004,-0.17354082
-0.12706047,-0.1822567,-0.14644337,-0.12494602,-0.121436864
-0.13399771,-0.14404644,-0.11680056,-0.18025626,-0.17254387
-0.16658014,-0.12745565,-0.1844196,-0.11396981,-0.17328128
-0.16953449,-0.118956864,-0.10313563,-0.12791416,-0.15786856
-0.1283061,-0.15662259,-0.12521712,-0.13796498,-0.15327306
-0.09604066,-0.117569245,-0.100462414,-0.10020253,-0.14003114
-0.15559506,-0.16130774,-0.14694992,-0.1553672,-0.1396304
-0.095805645,-0.11625049,-0.13296416,-0.12352249,-0.16891916
-0.12565388,-0.10569477,-0.12712035,-0.14482944,-0.10286131
-0.18048322,-0.112249665,-0.15079916,-0.18413883,-0.11733657
