-0.013150808,0.01823758,0.015764037,-0.007895782,0.008806942
0.03174704,0.014233845,0.0026454406,-0.0042126654,-0.02307014
-0.020691587,0.030272666,-0.04604249,0.0043805437,0.028929187
0.018460494,-0.019151533,0.0013375869,-0.004639298,0.00026169096
-0.03178862,0.04805708,0.054361768,-0.001641922,-0.00577197
-0.03690392,-0.0055848,-0.0010172529,-0.009001809,-0.010248579
-0.0108475555,0.040718805,-0.0068095187,0.027603175,0.01768388
-0.060098544,0.051520277,-0.019907698,0.004114636,0.052782647
-0.03207424,0.07465398,0.070495196,-0.00066849834,-0.0033860807
-0.048593294,0.04530896,0.022730859,-0.042474285,-0.039350227
-0.040093437,0.026994467,0.030100781,-0.018150685,-0.013710839
-0.04632581,-0.01425909,0.017818281,-0.017555317,0.019256707
-0.009523322,0.06677202,0.002617615,-0.01610026,0.0031285589
0.011635918,0.06308519,0.010676088,-0.047857784,0.03597134
-0.08645244,-0.019492535,0.028775789,-0.043260075,-0.038525585
-0.03003001,0.035485588,-0.0001502215,0.05707399,-0.0023557905
-0.017763896,-0.020585207,0.03609565,-0.024659302,-0.0025038782
-0.018812548,-0.054581676,0.027590025,-0.038735297,0.004431126
0.028588422,-0.001013724,0.057402022,-0.003373255,-0.0399398
0.035575878,0.0033923588,-0.0073110973,-0.016398717,-0.0041949935
-0.005750116,-0.027536973,0.036124043,-0.010387661,-0.037298117
0.028135937,0.03810204,0.007325665,-0.02059242,0.04547536
-0.002282634,-0.022986362,0.010864435,-0.036679856,-0.034327343
-0.004910497,0.016557202,-0.02653384,-0.03832456,0.020688083
0.031107288,-0.0015755228,0.039705712,-0.038165383,-0.008234526
0.026816139,0.041822217,0.024685312,0.003386925,-0.008954524
-0.03919198,-0.03701509,-0.023348296,-0.027128786,-0.026447123
-0.009085927,-0.014515768,0.017965907,-0.023594309,0.019874748
0.039480876,0.06982574,0.0055109095,-0.009493713,0.029759087
-0.054021522,0.05072002,-0.0042232294,0.022043455,-0.02745797
-0.020535436,-0.00854375,0.031322587,-0.027785342,-0.021376442
0.03832191,-0.0342297,-0.05920218,-0.03410801,-0.03590471
-0.009493315,-0.10263872,-0.0619944,-0.019785637,-0.0030683137
0.031636797,-0.041263886,-0.043009527,-0.031815767,-0.018644346
0.05629672,0.040784467,-0.013686617,0.009229561,0.030945987
-0.028075254,0.0066623995,-0.007091035,0.04433153,0.006770191
-0.047724817,-0.022732561,0.021733329,0.052966878,-0.013463312
-0.0454934,-0.045920033,0.035592824,0.010780567,-0.047374986
0.029539775,-0.035732534,0.043244027,-0.014359153,-0.016967108
-0.0192869,0.04066857,0.027771095,0.03360703,0.008913875
-0.064733446,-0.0028396705,0.02932981,-0.030747104,-0.00059270114
0.027231494,-0.03747583,0.052681517,0.01571165,0.007673483
-0.03452551,0.008685596,0.036085777,0.0562386,-0.023857778
0.0030566195,0.025040513,0.031224662,-0.018510655,-0.021535803
-0.009879295,-0.03340047,-0.06225298,-0.039529327,0.045323204
0.013271337,-0.032914966,0.003961383,-0.011561352,-0.018441292
0.026605075,-0.034203947,0.0054864166,-0.03454353,-0.06780696
0.017493526,-0.00015901057,-0.05076831,-0.0058161337,0.018218003
0.052478828,0.021196151,-0.062492076,-0.049494278,-0.008347552
-0.013351138,0.0008534055,-0.03886801,-0.03684134,0.039419085
-0.004919346,0.032875635,0.05071078,0.005275867,0.013265972
0.017524954,0.020072326,0.00034589786,-0.022770017,0.053808764
0.034938384,0.010487273,-0.0037664948,0.068318345,0.01577747
0.028805796,0.0049745548,-0.021889826,0.0012063851,0.036078755
-0.028431345,0.037929848,-0.045936797,-0.004610363,0.028497616
-0.007857958,0.023116848,-0.020658156,-0.0017620604,-0.010301473
-0.03525164,-0.030075982,-0.008474343,0.018244758,-0.009277692
0.0114289215,-0.015943192,-0.01886464,0.0056278603,-0.015011003
-0.039813906,0.015121754,0.05062532,0.019772831,0.0026711659
0.04947173,0.011097048,0.06342486,-0.007687605,0.018467313
0.020131089,0.017283851,-0.01460995,-0.036499385,-0.029056648
-0.0340152,0.0018272649,-0.005831738,-0.0024123534,-0.024320414
-0.010116731,-0.0031255817,-0.015906004,0.0040177656,-0.012585038
0.021545017,0.016395101,0.029072404,0.040323924,0.040177923
-0.028883345,-0.019351132,0.004036425,0.027378825,-0.01174028
-0.02583668,-0.013824834,0.019806443,-0.013409419,-0.031784076
0.012438057,-0.03487105,-0.019247903,0.029059997,0.028494293
-0.05241715,-0.057699263,-0.021280354,0.021825096,0.0351625
0.015873661,-0.046706166,0.039830428,-0.0051518437,0.0002144317
0.06938867,0.032620218,0.029817764,0.00093541254,0.022419965
-0.033714063,0.0056817546,-0.00479204,0.02963014,-0.0068205246
0.00803635,0.039145038,-0.03148444,-0.021519404,0.00044666155
-0.025022425,-0.010614965,0.02077051,-0.027709417,0.011604494
-0.05618172,0.015985312,0.02378868,0.0048691193,-0.027034212
-0.03145777,0.033454645,-0.03773536,-0.017533472,-0.01337215
0.0007741149,-0.056298155,-0.020937584,-0.023279758,-0.011522256
-0.04789826,-2.4789118e-05,0.027768696,-0.024388297,-0.0057468326
0.022066522,-0.034131214,0.05831647,-0.009581805,-0.029119818
-0.021500055,-0.0033118462,0.054556828,-0.0056474325,0.041767467
0.0060399068,0.006709449,-0.005188231,0.0041030115,-0.028069107
0.022642704,0.032925524,0.048571635,-0.010249754,-0.044552337
0.055544384,-0.011071728,0.026038766,-0.009766345,-0.017030811
0.0056396713,0.0047262656,0.01490904,-0.005765249,-0.0299291
-0.028226638,0.022495737,0.024592655,-0.030235166,0.019457774
-0.021536306,0.02626693,-0.054884244,-0.02103429,-0.032810125
0.06724061,0.030180518,-0.002926622,0.0055693304,0.020241622
-0.040024836,-0.012762985,-0.021523409,0.049378432,0.00013614335
-0.03663723,0.0070468355,-0.07203244,-0.055909127,-0.047409102
-0.07122799,-0.074431196,-0.05381983,-0.02879031,-0.014255252
0.0014680615,-0.016856682,0.0148885315,0.051996622,0.025988635
-0.030377224,-0.023268998,-0.024818206,0.043428786,-0.037463006
0.035914652,0.020316154,0.05336733,-0.0069998875,0.034561183
0.012152492,0.01505653,-0.06204974,0.043020748,-0.022102918
0.005527258,0.0024095865,0.03921908,0.02860443,0.029984389
0.02913132,0.020280086,0.0054441052,0.03571392,0.011670272
-0.01973292,-0.04564503,0.040673483,-0.007278713,0.053138968
-0.03131498,0.013593316,-0.04602925,0.018942434,0.029206757
0.017051399,-0.031610683,-0.028485179,-0.024574228,0.025332905
-0.03295599,0.024970476,0.035133485,0.01128946,0.0370551
0.027120356,0.009579055,0.029583843,0.0017126426,-0.009142064
