0.042420827,-0.04692636,-0.052537847,-0.041354068,-0.0011923097
-0.021172827,-0.07374238,-0.014316565,0.07900081,0.06262614
-0.04115564,-0.07481839,-0.041059516,0.0409529,0.068560295
-0.064652205,-0.04030853,0.039646596,-0.032898974,0.03041583
0.03030025,-0.02091509,0.08081681,0.05393069,-0.048168235
0.037642997,0.042612102,-0.0072061857,0.033003885,0.043188818
0.007525741,0.041364778,-0.075090006,0.016313827,0.032403734
-0.044697724,0.033754796,-0.021906165,-0.050022,0.059837572
-0.01579572,0.10155527,0.08530001,0.005236077,-0.025972134
0.016583672,0.03021338,0.07057839,-0.014046848,-0.012849801
-0.056329973,-0.018166758,0.027771648,0.005893299,-0.05003004
-0.042324178,0.009301213,-0.020129377,-0.09058206,0.026872609
0.057757538,0.04681856,-0.010596147,-0.031610772,-0.025966967
0.03455462,-0.03992255,-0.062303696,-0.13578811,0.0017033529
0.05152024,-0.055922303,-0.046820346,-0.060126964,-0.037624117
-0.0034283407,0.03789336,-0.02547624,-0.034095995,-0.026076222
0.062038466,-0.09717552,-0.1060813,-0.06887997,0.029112544
-0.049761068,-0.006357935,0.05511462,0.053871892,-0.034982022
-0.07417223,-0.0030610915,0.062040742,0.03545999,0.014912146
-0.078165025,-0.04319695,0.026425127,0.0021971588,0.036007263
-0.015909463,-0.0027082143,-0.03647042,-0.011945372,0.031429175
-0.05345511,-0.020770472,-0.06777002,-0.056058787,-0.009216913
-0.059021436,0.017752565,-0.052452296,-0.0055302153,-0.037482943
-0.03722538,-0.0018471499,0.02757641,-0.0060091736,-0.015809363
-0.009337112,-0.024007544,-0.019632604,-0.018336745,-0.002962193
0.0421563,0.007478764,-0.00013092834,0.064998105,-0.032401513
-0.040017705,-0.0119871795,0.0011546835,-0.008719795,0.030070107
-0.003827064,0.043688256,-0.03910829,-0.025209403,0.038542416
0.04477233,-0.007373627,-0.059231743,-0.034448415,-0.0155699
0.047761265,-0.0026592424,-0.032665897,-0.005433954,-0.02351446
-0.01213888,-0.01808241,-0.121492326,-0.12281196,-0.07384012
0.021467848,-0.14089902,-0.0048411447,0.039718367,-0.061186932
-0.08532909,-0.06923185,-0.0403661,0.12049822,0.1070458
-0.09695062,-0.10843601,-0.058070637,0.04835149,0.06447301
-0.030277334,-0.06017049,0.022971207,0.021101778,-0.02241449
0.017270861,0.007535991,-0.016448837,-0.008455121,0.06884782
-0.00059371843,-0.011551173,0.0067819315,0.004832216,0.03506723
0.0459813,-0.029828696,-0.030556444,-0.0306539,-0.023123382
-0.010977178,-0.00789158,0.047369853,0.054738358,0.017629676
-0.07217179,0.039206106,0.030670067,0.06633458,0.031195763
0.01477861,-0.08689906,-0.026559982,0.015517471,0.013575549
-0.0726958,-0.0739671,0.040243044,0.038911518,-0.07040149
-0.05461659,0.016709996,0.09009803,0.06846266,-0.020750556
0.00043479222,0.038491342,0.02678117,-0.015473422,-0.05884981
-0.011154233,-0.00089911185,-0.03822974,-0.012445817,-0.044961307
-0.035427462,0.0066529373,-0.10280797,-0.07497858,0.0003930211
-0.04872712,-0.0717969,-0.05599069,-0.028125323,-0.062803954
-0.049463283,-0.11395147,-0.026585056,0.03071745,-0.045945037
-0.0052594934,-0.07282565,-0.04841836,-0.048882112,0.05105285
-0.02545409,-0.097544126,-0.055740017,0.0034097733,-0.026010329
-0.014585558,-0.041161325,-0.088374406,-0.042578563,0.019232513
-0.04537089,-0.09072722,0.014915854,0.07097409,0.018513145
-0.03768375,0.0121674,-0.019977404,0.033709586,0.091382556
0.018342314,-0.060903423,-0.04016683,-0.023335341,0.037837453
0.0057390574,0.025411779,-0.030043764,0.01827428,-0.012734746
-0.03116325,-0.010608578,-0.049139585,-0.0008250273,0.0077719684
0.028748976,-0.032217193,-0.081125475,-0.0865915,0.010285588
0.0036346493,-0.09044343,-0.037856605,0.05415746,-0.02165996
-0.06429732,-0.02532129,0.04578224,0.0731577,0.027273163
-0.02164429,-0.006193147,0.022653082,0.04283415,0.027215956
0.061474238,0.012549471,0.015881937,-0.04736632,-0.028163822
0.020812439,-0.039202202,-0.06608063,-0.081638455,-0.019703275
0.028699527,-0.058577318,-0.07436997,-0.008017057,0.021323778
0.025360368,-0.0694701,-0.04579815,0.0072642597,0.026215866
0.019334227,-0.00046685725,-0.043430477,0.0036634027,0.03110511
0.029775003,0.010451859,-0.017232995,-0.06876571,0.009257209
-0.06315071,-0.029118203,-0.057809487,-0.020112649,0.014081059
-0.043693952,-0.06363498,-0.05773764,0.10404068,0.079812326
-0.038866937,-0.049484342,0.02977459,0.05820666,0.07435713
-0.008947009,-0.06482163,-0.012698637,0.043128178,0.035163287
-0.046997797,-0.013735826,0.007618192,0.0027578461,-0.015993483
0.018756347,0.061656438,0.04561722,0.035104197,-0.027785486
-0.043288074,-0.0029807321,0.0152100315,-0.06658,0.010643331
0.063390665,-0.012421629,-0.06837035,-0.055543736,-0.057224043
0.029500095,-0.019790757,-0.04642138,0.008978554,0.033247024
-0.08223697,-0.06659484,0.007115407,0.02261027,0.051984277
-0.05756965,-0.016725995,0.025479963,0.019080803,-0.03349101
0.019600213,0.046436746,0.116839215,0.019682815,-0.062561356
0.017126208,0.08058755,0.066714086,-0.037460998,-0.051326808
0.065482214,0.031544585,0.00046182555,0.038124163,-0.05191757
0.027684085,0.029873937,-0.02554171,0.028482523,0.042892303
-0.02102499,-0.08089482,-0.03354926,0.065375365,0.035993475
0.00420221,-0.035767157,0.06791704,-0.0055013923,0.07394201
0.04192467,-0.033105273,-0.06407425,-0.060682274,-0.014970812
-0.042888984,0.03320623,0.028217614,0.026050659,-0.06083978
0.0348983,0.13909537,0.14424163,0.04900596,0.07582464
0.1004496,0.101240374,0.0027336632,-0.03370428,-0.013771586
0.1040321,-0.10444606,-0.18446417,-0.02282977,-0.078771375
-0.062011525,-0.09918545,0.0025829691,-0.026806155,0.0010161941
-0.042158853,-0.07929101,-0.02975534,-0.044097748,0.0046811667
0.042571392,0.018702956,0.048153132,-0.0061043603,-0.0077594267
0.095815934,-0.019552097,-0.067389056,-0.038483266,0.006537039
0.042464867,0.00635122,0.006623345,-0.0444161,-0.02684045
0.04346169,-0.014386019,0.010641111,-0.08254358,-0.019629527
0.02545722,0.0077130464,-0.08474251,0.026854917,-0.005264213
-0.0099490825,0.023862837,-0.037400305,-0.0398031,0.019835
-0.026883248,0.0044087875,-0.029153887,0.015494164,0.0709752
0.052255746,-0.023244852,-0.013190161,-0.035328764,0.01074524
-0.029915905,-0.040264077,-0.007911903,-0.013129274,0.003428534
-0.035812285,-0.0042298483,-0.009585713,0.036873184,0.0058366116
