0.022600604,0.0065486166,-0.018822383,-0.06749738,-0.060702424
-0.022144822,0.0009274456,0.039731514,-0.013955731,-0.029147651
0.018348888,0.07465013,0.10542176,0.03611092,-0.0025346375
-0.09350438,0.03817484,0.08958516,0.12550308,0.08217915
-0.18316716,-0.17852493,-0.12549163,-0.12846538,-0.08171916
0.0014820838,-0.0026934298,0.028674396,-0.03478779,0.03376014
-0.012395602,0.00016466736,0.053393416,-0.04237219,0.028669346
-0.07940779,0.054435473,0.06742948,0.09925281,0.021625474
-0.098383665,-0.024927564,-0.034047194,0.0028561011,0.07442053
-0.067069344,-0.0626019,-0.113477804,-0.10669266,-0.107149236
-0.015736641,0.043692507,0.028082302,-0.028617753,-0.030310538
-0.021181194,-0.0049308543,0.023716189,0.04920171,0.05202208
0.022858355,-0.059956502,-0.02192996,-0.025455724,0.01661646
-0.04010626,-0.06365691,-0.0054840636,-0.07357602,-0.10239094
-0.07766555,-0.023550771,-0.074888,-0.03313025,-0.04040508
-0.03395367,-0.006596418,-0.033920653,0.0066902284,0.010790052
-0.016342683,0.00871786,-0.022075126,0.044617478,-0.011236187
-0.009460467,0.042660676,-0.0042217444,-0.029542098,0.039926503
-0.025768735,0.0036767784,-0.0091597475,-0.08316988,-0.04128076
-0.0072753537,0.010250979,-0.058428325,0.006394267,-0.0020741788
-0.014861652,0.0044034193,-0.018365428,-0.034017153,0.030911772
0.03301043,0.009215471,0.031170988,-0.052367866,0.0021935715
-0.024059553,0.022075633,-0.0056656175,-0.04381109,-0.0053075887
0.033974953,-0.0060857893,-0.0021029157,-0.03630532,0.03744466
-0.019785892,-0.0023028324,-0.011238516,-0.0020253905,-0.0150018865
0.0073250216,0.035352163,0.016960008,0.049318004,0.08617275
-0.053857528,0.0093188435,0.039976973,0.04833274,0.007925549
-0.036829993,-0.04874183,0.032270864,-0.0103885345,0.01828432
-0.027131872,-0.07084119,-0.07507036,-0.064931296,0.0015828406
-0.010800124,-0.015114436,-0.008788272,-0.017235618,-0.007833519
-0.03018802,0.016642928,-0.0021870125,-0.03403059,0.023272596
0.008543236,0.011117813,0.045495555,-0.009589499,0.031187352
-0.029356832,-0.023974854,0.019407207,-0.016115243,0.02069349
-0.050977755,-0.025533693,0.03707467,-0.0044050864,0.017548887
0.034894604,-0.019973993,-0.027645933,-0.024832858,-0.031455908
-0.005922561,0.022830402,0.026627881,0.027436007,0.055070132
-0.007033255,0.005054952,-0.014092433,0.010951625,0.022149388
-0.02959465,0.08154865,0.033158258,0.04225399,0.016178858
-0.036146887,0.0011979813,-0.03598169,0.06419997,0.052505016
-0.028994408,-0.09148265,-0.074251644,-0.06576591,-0.061960246
0.039656296,-0.047021467,-0.031201493,-0.023855533,-0.013017001
0.031274315,-0.0054708724,-0.0064489897,-0.057997007,-0.045495264
0.026475763,-0.013346231,0.020962762,-0.021963736,-0.016749255
0.02771669,0.041482173,0.011608227,-0.037355203,-0.026763562
-0.011682033,0.04612692,-0.007350034,-0.014697376,-0.036097795
-0.012002531,0.028696476,-0.027085548,-0.014851425,-0.041231986
0.0045556305,-0.022707911,-0.022663128,-0.050865132,0.002886191
-0.0017273801,0.0002903634,-0.034558047,0.009190992,0.020978265
-0.016638126,0.026154805,0.08842595,0.043578926,0.019080639
0.03361022,0.053680997,0.02750491,0.091262735,0.105626196
-0.036545217,-0.0105458405,-0.034086652,-0.0099123325,0.07925116
0.024990924,-0.009936973,0.015806362,-0.0086189415,0.0057160584
-0.026305411,0.004447845,0.037749976,0.012972697,0.03334548
-0.034549292,-0.08526843,-0.07317847,-0.013168245,0.029092422
-0.044501007,-0.0067977267,-0.031164149,-0.06251367,-0.007442298
-0.0154076,-0.04262015,-0.012894852,-0.024704585,0.024159867
-0.006940155,-0.027108697,-0.018291643,-0.009892726,0.03430504
0.0041533886,-0.03527536,-0.011540372,0.041243307,-0.03822367
-0.016717562,0.03903131,-0.017855367,0.03382363,-0.029420411
0.033844214,0.029652689,-0.00803342,-0.041035008,-0.015377687
0.013839868,0.00127372,-0.024252959,-0.031312265,0.05512244
0.01159346,-0.0065313554,0.022566212,-0.042090192,0.0002582289
-0.07588395,0.007322647,0.07289273,0.08589967,0.010535292
-0.12384527,-0.08680559,-0.011706732,0.03661429,0.04788694
-0.03409143,-0.023289494,-0.122075,-0.1105154,-0.04050301
0.0057362807,-0.033220947,0.030616846,-0.03967693,0.018169498
0.037024517,0.0056051346,0.023988178,0.035486642,0.020422453
-0.013434247,0.009723919,0.036169898,0.01048619,-0.03554108
0.038913447,0.04333979,0.025951646,0.024313621,0.02513621
-0.027153866,-0.013422788,0.019329779,0.011390229,0.019004134
0.0025023452,-0.055488676,0.010572018,-0.048267115,-0.09308366
0.04985949,0.0025993686,0.035329238,-0.0010318245,-0.0016795944
0.018385885,0.015713159,-0.017814258,0.047904037,-0.013787331
0.039288756,0.029104574,-0.0072512734,-0.043587577,-0.021698639
0.00056058646,-0.06901107,-0.029979022,-0.0028710584,-0.007127997
0.054042824,0.0013567653,-0.03769764,-0.027830813,-0.027265973
-0.025765523,0.016734095,-0.056735713,-0.0032004754,-0.0011520841
0.04242286,0.05460624,-0.002112133,-0.04635632,-0.02586459
-0.0049280846,0.003987069,0.014470238,0.054568786,-0.013920569
-0.020196976,-0.01877918,-0.014199263,-0.068448454,-0.020707985
-0.028273439,0.010753912,0.004525586,-0.015178298,0.020174883
0.0066451663,0.054595806,-0.005419551,0.031554505,-0.0013639852
0.03137154,0.048206802,-0.02900794,-0.051613234,-0.00020846844
0.034546126,0.0070996475,0.015485435,-0.010283569,-0.008522819
-0.014206082,-0.011616598,-0.058802366,-0.04276449,0.0014640684
-0.031244218,0.040416844,-0.018930394,-0.008356321,0.00075098226
0.02725784,-0.016507886,-0.031644836,0.023387654,-0.017150804
-0.059276037,0.040390152,0.06979778,0.06455593,0.026014747
-0.08395813,-0.071848445,-0.04584061,-0.047346726,0.04894402
-0.02623092,-0.0058578644,-0.06620474,-0.013694223,-0.003008038
0.03718366,0.01684603,0.052997075,0.061848916,0.06399988
-0.0037147729,0.053710956,-0.03911323,0.08253948,0.04316663
-0.019233437,-0.027699657,-0.034037758,0.015719619,0.003018455
-0.03819986,-0.04031352,-0.10954309,-0.020401126,-0.04762355
-0.036502838,-0.05839397,-0.04800584,-0.09077058,-0.08685294
0.013163366,0.004962869,0.03348989,0.021344429,0.093915634
0.0031452666,0.0038578326,0.026625223,0.06060635,0.02147537
-0.0054277526,-0.010330095,0.049081597,0.05001969,0.038700856
-0.059294287,-0.085315324,-0.06686686,0.012992726,0.06496962
-0.055049457,-0.084474385,-0.051994227,-0.10570374,-0.089211024
