-0.04125556,0.022822957,-0.0381842,-0.023508213,-0.016153527
0.024344927,0.031540364,-0.015641369,-0.06657472,0.061119426
0.08086618,0.06980873,-0.028731331,-0.111840464,0.052684464
0.061873395,-0.026938181,-0.084123805,-0.019913005,0.1167263
-0.0044315993,-0.05523502,-0.072540954,-0.019101098,0.09482051
0.009872063,0.047655627,-0.023296382,-0.047672573,0.011912439
0.050345834,0.06680329,-0.06940127,-0.0563163,0.0970965
0.045729138,0.010626797,-0.10752631,-0.0590655,0.11001637
0.0075669303,-0.023330472,-0.047432136,-0.06388127,0.027298294
-0.034873925,-0.023308398,-0.03697666,-0.058785044,0.055902738
-0.07019176,-0.022676285,-0.035558615,0.00439263,-0.032554377
0.02354409,0.07328296,0.055996608,-0.06584044,0.009520455
0.028436419,0.049716502,-0.056134593,-0.10136916,0.054648403
-0.002931908,0.00977588,0.002687232,0.021640938,0.053090148
-0.05841039,-0.049500626,-0.038550925,-0.029011073,0.035482995
-0.015341164,0.019477978,-0.028839167,-0.04497213,-0.04792555
0.021906808,-0.0013378201,0.021412615,-0.011142718,0.054726306
0.030057289,-0.010643566,-0.046180155,0.04516063,0.064467475
0.012660669,-0.064015575,-0.008445593,0.08190984,0.056850187
-0.015094628,-0.034312557,-0.009556756,0.03925424,0.00974608
-0.005650616,0.03577141,0.021270944,0.0032265983,-0.04779934
-0.03397738,0.0072619673,-0.038469255,0.008346957,-0.0026031712
-0.045334164,-0.00639301,-0.009893678,0.024999661,-0.025556743
0.02525401,0.028388977,-0.012781688,-0.008129747,-0.03538742
0.027533779,0.008713632,-0.002334154,0.01175765,-0.053444978
-0.01857795,0.0059249545,-0.042967483,0.013079039,0.014116525
0.07060299,-0.003774627,-0.0051319487,-0.050513104,-0.0042463895
-0.006638196,0.017310632,0.022994855,0.0077043963,0.022380168
-0.0071199187,-0.023314256,-0.046278656,0.019949874,-0.056071922
0.017835531,-0.00809991,0.004158529,-0.00060480967,-0.07261449
-0.04186374,0.041030418,-0.0041450346,-0.0449874,0.018669495
0.0050026695,0.045261845,0.04129049,-0.01978594,-0.0017673593
-0.017442249,-0.0119402865,-0.028032929,0.033861894,0.0008064164
0.02247232,0.013906776,0.008475554,0.01861527,0.043694053
0.015848575,0.01279936,-0.03547331,-0.01024024,-0.0036109695
0.02505659,0.03148065,0.021599056,0.020032937,-0.0035922278
0.029182257,0.05696736,-0.03392039,0.01796719,0.063900396
0.01077411,0.0056168963,-0.073427975,0.034950897,0.06413721
0.02585791,-0.04306399,-0.085547365,-0.010633254,0.050994266
-0.031720083,0.01587892,-0.048901558,0.03240863,-0.0069000805
0.002751943,-0.027887505,0.0013688224,0.039059527,-0.0015063806
0.01345961,-0.011575237,-0.032993045,-0.056644686,0.013721827
-0.00074126245,0.013225951,-0.038601805,-0.052560505,-0.064485654
-0.027148465,-0.013839229,-0.014491745,0.008105675,-0.04331494
0.037027095,-0.029008593,-0.04581375,0.029982813,-0.03761424
0.0042341566,-0.01787896,-0.02905272,-0.014986175,-0.066032484
0.03375948,-0.026186189,0.056953393,-0.004855386,-0.045310065
-0.008743128,0.0023626722,0.0024539342,-0.046610128,-0.09419011
0.044536598,0.020498956,-0.011978327,-0.031489316,-0.02386619
-0.02012515,-0.020460928,-0.0072065312,-0.006500988,0.013978472
0.0065247887,0.041341953,-0.036270812,-0.033533122,0.007659171
0.02621415,0.037232865,-0.04789665,-0.053139735,-0.015533022
0.028571047,-0.032243907,-0.054234784,-0.0440591,-0.009524173
-0.022380963,-0.062001932,-0.051842686,-0.009060907,-0.055382818
-0.039284654,0.005494025,-0.03795751,-0.0077501987,-0.041881904
0.0023067137,0.0037610633,-0.0078078955,0.035619058,-0.016013648
0.020201303,0.016865743,-0.0054530683,-0.032803196,-0.037704896
0.012381508,0.013672589,0.027119929,-0.019847628,0.036143664
0.044642754,-0.0071039423,-0.017434279,-0.014063951,-0.038831722
0.025704842,0.004851475,0.020583926,0.028748006,-0.018773193
-0.01049216,0.04274797,-0.018500082,0.03256409,0.019318655
0.0029751828,-0.009906734,-0.005903294,-0.025998974,-0.0047071143
0.051353507,0.035191983,0.011243059,-0.03910799,-0.013386626
-0.09645512,0.017169073,-0.0022479452,-0.097376466,-0.046341874
-0.03055233,-0.008832844,0.0024728864,-0.0677172,-0.07457507
0.014399555,-0.027461784,0.012770706,0.019468276,-0.021359393
0.030294709,0.0011382835,-0.022492226,0.038311593,0.028572598
0.032703288,-0.030795433,-0.03408598,-0.039319556,0.028907957
0.026081443,-0.027264288,0.01753142,0.00899116,-0.019041793
0.0015339731,-0.026981108,-0.013097877,0.017679123,0.0063144746
-0.05468739,0.007726412,-0.016476013,-0.086361624,-0.0776084
-0.006740134,-0.011290584,-0.012843772,-0.019429874,-0.024040105
-0.031832494,0.026663775,0.027326567,-0.054485165,-0.041279867
0.0054095327,0.022259226,-0.0026625532,0.0024151534,0.009403474
0.012605789,-0.037537172,-0.030001,0.024698824,-0.028930293
-0.038459226,-0.056321297,0.01097584,-0.026670698,0.054435145
-0.022473793,-0.020374306,0.01189293,-0.019076936,0.023393622
-0.023334386,-0.022051195,-0.07496299,0.03454833,0.13076952
0.010573063,-0.01871199,-0.09407276,0.014916628,0.08285793
-0.0010135219,-0.027793404,-0.08182113,-0.014633596,0.09566098
-0.031094126,-0.015620366,-0.034387544,-0.0081349565,4.914214e-06
0.04529241,0.028310722,-0.04872526,0.042968065,-0.007214834
-0.02763826,-0.026052553,-0.0061637117,0.08287564,-0.022357112
-0.03579419,-0.049584918,0.014125568,0.072805084,-0.012726232
0.0134823,-0.033688374,-0.045059096,0.026814811,0.039814048
0.034479287,0.0051948796,-0.033544533,-0.0020409515,-0.013227799
0.06856682,-0.0021428699,-0.041519277,-0.019523524,0.068731576
0.045334514,-0.045198176,-0.026248956,0.022005102,-0.0025608651
-0.009421568,-0.05438062,-0.048662163,0.034939174,-0.00854535
0.0028839963,-0.0074155857,0.0071304464,-0.039070666,-0.06850885
-0.038521893,0.0032818634,0.008830978,-0.013478425,0.053046104
0.053436678,0.05353758,-0.056634575,-0.020576555,0.038163736
0.064839505,-0.005616146,-0.003327541,0.017648999,0.08433248
-0.012853222,-0.016389567,-0.029023284,0.010567945,0.029713513
0.011066548,0.059434373,0.033790242,-0.012534237,0.038785245
-0.03150686,-0.02793097,0.051180247,-0.014256118,0.0005509926
0.05326463,0.0046438575,0.014930302,-0.020558009,0.056984115
0.040763877,-0.030047152,-0.045766126,0.004342585,0.0048578894
-0.064930625,0.0006160677,-0.04987719,0.016077844,-0.04024518
-0.032680396,0.04458749,-0.029900858,0.016093431,-0.10854495
