-0.13421032,-0.13748708,-0.25118697,-0.21148527,-0.19044076
-0.14346436,-0.1543581,-0.14313525,-0.16252604,-0.15119809
-0.20708531,-0.13032727,-0.12585366,-0.18019317,-0.1909395
-0.13576625,-0.20191418,-0.12868433,-0.19638407,-0.17343892
-0.18519767,-0.115837045,-0.22346137,-0.17333695,-0.19609284
-0.1217704,-0.13028786,-0.18340093,-0.109584026,-0.160104
-0.16913068,-0.1396624,-0.11395477,-0.16640075,-0.18276095
-0.18340829,-0.1651833,-0.20128722,-0.1519226,-0.15862106
-0.23257607,-0.19649315,-0.24334556,-0.16295142,-0.21330997
-0.14003937,-0.13246748,-0.22385687,-0.17061615,-0.20648625
-0.1529783,-0.19603297,-0.2167453,-0.14498357,-0.1424445
-0.21235752,-0.17224433,-0.1736213,-0.11805086,-0.15376891
-0.2005582,-0.23815948,-0.17596926,-0.15137097,-0.13933064
-0.17176248,-0.18122303,-0.12187525,-0.12496349,-0.23566799
-0.11557093,-0.17834306,-0.11134128,-0.11859012,-0.15770906
-0.11932712,-0.17937827,-0.17572038,-0.18371771,-0.1656815
-0.23919183,-0.20428742,-0.2219349,-0.12629667,-0.11814039
-0.14223386,-0.20517454,-0.1394271,-0.14878915,-0.14872357
-0.15992391,-0.12505801,-0.12835036,-0.15583295,-0.13868135
-0.15508272,-0.13687915,-0.11765453,-0.18586928,-0.14913051
-0.15247327,-0.18995933,-0.2111162,-0.18448645,-0.14795965
-0.17254966,-0.13569793,-0.16346018,-0.21999545,-0.16551025
-0.19893669,-0.25612172,-0.25842035,-0.29266086,-0.14413343
-0.13133904,-0.13693978,-0.1428478,-0.1403515,-0.13216731
-0.14185782,-0.20192933,-0.14074565,-0.16781263,-0.19335805
-0.16650958,-0.11012503,-0.14691836,-0.12377479,-0.15149957
-0.16527846,-0.17773286,-0.1382292,-0.14207537,-0.15742716
-0.16841853,-0.13605906,-0.20909171,-0.18441598,-0.22427922
-0.15059146,-0.18453234,-0.21367078,-0.23802479,-0.19539493
-0.110597976,-0.1906079,-0.18124938,-0.11393133,-0.17608604
0.2274293,0.23146987,-0.19885385,-0.22386315,-0.16525821
0.2078525,-0.14879769,-0.18083839,0.21198061,0.14931941
0.19381906,-0.17705993,0.21568492,-0.2115788,-0.19299437
0.160999,0.15743113,0.20621073,-0.18077381,-0.16988935
0.18664682,0.18653801,-0.18935125,-0.163486,-0.21859728
-0.13384268,-0.11777536,-0.11589951,-0.1636379,-0.17037365
-0.17118166,-0.11937,-0.10564031,-0.14062785,-0.12789306
-0.24738961,-0.15982915,-0.1599558,-0.18333216,-0.15125526
-0.1738836,-0.21003677,-0.09817676,-0.24643068,-0.1878972
-0.104288675,-0.09916906,-0.2225943,-0.24690807,-0.22349703
-0.12021412,-0.14692476,-0.1696196,-0.188135,-0.1749955
-0.18298034,-0.19269525,-0.2367781,-0.10993232,-0.1640071
-0.24698888,-0.19369508,-0.2304232,-0.22791025,-0.16909249
-0.13664892,-0.1887124,-0.11497712,-0.2310191,-0.21646377
-0.16513129,-0.22908756,-0.224056,-0.21434869,-0.24517669
-0.23878306,-0.103329696,-0.13326882,-0.13377568,-0.19017175
-0.116554685,-0.11387639,-0.11164857,-0.19686618,-0.17649037
-0.10967036,-0.14992912,-0.20635973,-0.16979955,-0.17728184
-0.103179924,-0.17571129,-0.17497157,-0.19197,-0.18465562
-0.20658477,-0.19499314,-0.25045004,-0.2052688,-0.17941965
-0.1570646,-0.13639097,-0.1762371,-0.17299841,-0.12086003
-0.18349046,-0.16401282,-0.1905712,-0.12247919,-0.13699983
-0.22851706,-0.11591255,-0.167632,-0.19266872,-0.24289067
-0.15986554,-0.11369859,-0.17690921,-0.22325875,-0.17948776
-0.17902249,-0.13691607,-0.17143568,-0.20049408,-0.24479592
-0.1602825,-0.14878811,-0.14252765,-0.029417751,-0.0080277715
-0.17603122,-0.18152,-0.18363316,-0.016114207,-0.15829988
-0.1524595,-0.18239929,-0.1385701,-0.00024033057,0.010901988
-0.1625208,-0.18894115,-0.17567647,-0.17870632,-0.15679675
-0.19773564,-0.020529056,-0.21388462,-0.19315363,-0.15944448
-0.12649529,-0.20764469,-0.2395236,-0.12525997,-0.17517532
-0.1335324,-0.1630333,-0.20155893,-0.14741363,-0.1799397
-0.15017612,-0.19814233,-0.1163556,-0.17610173,-0.12570474
-0.18544556,-0.25647533,-0.19889648,-0.19002633,-0.21545091
-0.1946247,-0.16966848,-0.24843338,-0.20267896,-0.20737864
0.031077862,0.044641804,-0.020673461,0.035333514,0.031070862
0.0068744086,-0.04384665,-0.031017689,0.019486502,0.03323151
0.023900418,0.0042150877,-0.027197205,-0.039296966,-0.025556736
0.00033323743,0.005894763,0.03425099,-0.032255,0.02338997
0.03788384,-0.040421408,-0.023828654,-0.012480861,0.008580425
-0.110461876,-0.16836627,-0.12774545,-0.18016234,-0.11324742
-0.19419627,-0.26256058,-0.152861,-0.21103173,-0.20402922
-0.11414288,-0.12098688,-0.2240391,-0.23237924,-0.14313197
-0.14744596,-0.13749099,-0.13782506,-0.1356562,-0.13488507
-0.1866997,-0.1398889,-0.2192677,-0.17868577,-0.1805764
-0.21545647,-0.17864619,-0.21314259,-0.17427868,-0.22875342
-0.16396657,-0.13711755,-0.11388234,-0.1511422,-0.17804718
-0.18026884,-0.17060074,-0.14894156,-0.1796125,-0.10880809
-0.14481913,-0.18626699,-0.19100739,-0.20868386,-0.103122175
-0.15797982,-0.1487829,-0.2526226,-0.24539593,-0.20766269
-0.109035745,-0.2365561,-0.14393273,-0.18834339,-0.19834816
-0.22515629,-0.23723193,-0.1873106,-0.1698595,-0.17156601
-0.12546119,-0.12601936,-0.15222883,-0.23319285,-0.23711985
-0.18777673,-0.11895491,-0.11737232,-0.20586112,-0.20695244
-0.19600172,-0.16256347,-0.16419014,-0.19560151,-0.13954331
-0.15136153,-0.23590086,-0.25418687,-0.11063434,-0.10033543
-0.14377373,-0.17103232,-0.118861996,-0.11939843,-0.151809
-0.10198979,-0.17539348,-0.14813124,-0.16856802,-0.23463224
-0.15851218,-0.16321038,-0.22391447,-0.1673743,-0.17761686
-0.18652697,-0.17138858,-0.20589636,-0.22005215,-0.2301282
-0.19018282,-0.11574425,-0.13212018,-0.14787973,-0.16864462
-0.18556228,-0.14734536,-0.13199827,-0.16527338,-0.1252279
-0.19626276,-0.14761509,-0.13500588,-0.13693956,-0.26548526
-0.13447657,-0.18812671,-0.16918291,-0.24411799,-0.19798777
-0.19499886,-0.13678332,-0.20490792,-0.20572016,-0.21352768
-0.16668767,-0.19926824,-0.1725572,-0.12253044,-0.18500502
-0.15974468,-0.11016437,-0.14361408,-0.1419848,-0.14089467
-0.22539651,-0.1590547,-0.14265624,-0.113460764,-0.22200723
-0.15929152,-0.13986577,-0.16231191,-0.17247418,-0.17771262
-0.14380866,-0.18025647,-0.1978719,-0.1731036,-0.19374683
