-0.0072442703,-0.05089311,-0.03182879,-0.034328297,-0.052687533
0.008871812,-0.05828424,-0.07751327,-0.004682789,0.02785354
-0.029022355,-0.036364123,-0.054641318,-0.02669188,0.030579813
-0.01766811,-0.026391866,0.07186152,-0.0740199,-0.06603184
0.011633348,-0.06238177,0.0066486434,0.05279859,0.0483258
-0.03806954,-0.022735255,0.011178875,-0.064830825,-0.0533725
0.027613087,0.023037998,0.058156226,0.0030954601,0.01316599
-0.0423254,-0.0093413815,0.14250328,0.0545381,-0.009901107
0.0037848284,0.0012895442,0.15051009,0.07878224,0.0065822555
-0.003496367,0.017899232,0.047860846,0.120244846,-0.004230813
0.0055174595,0.024338884,-0.011406845,0.008185106,-0.006667199
0.047015812,0.07595724,0.05211301,-0.0072154664,0.023256656
-0.041918628,0.028134162,0.1212967,-0.030802716,-0.027873583
-0.05894826,-0.021876048,0.030969547,-0.0055353395,-0.082186736
-0.0727648,0.011083463,0.036929082,0.042781923,-0.03643316
-0.068135224,-0.003963558,-0.00502683,0.062876,0.017881397
-0.034566823,0.0020123147,-0.023762869,0.023745678,0.026377534
0.0027357382,-0.07896495,-0.09580058,0.00562289,-0.0068891514
0.043943867,0.0020747557,-0.027005129,0.055897824,0.12292784
-0.003131145,-0.05196845,-0.050811157,0.027063759,0.04227814
-0.022048704,0.00996926,0.030208606,0.041414052,0.026544498
0.019754546,0.006513862,0.05424941,0.016792817,0.0246283
-0.011629754,0.021132212,0.06212382,-0.014957845,-0.0040897476
0.025621705,-0.047214355,0.024180427,-0.0027869677,0.020159883
0.056522463,0.0120289745,-0.00546447,-0.022604315,-0.028900733
-0.018602913,0.0047066826,-0.058772653,-0.018758377,-0.009732602
0.016315825,0.067936115,0.031281788,-0.055331815,0.027582487
-0.03643901,0.066454306,-0.01034031,-0.058036454,-0.0006213394
-0.083677955,0.0447008,0.09459543,-0.07557817,-0.024612173
-0.051139213,-0.0029908542,0.13054365,0.016489126,-0.025390774
-0.0053392495,-0.05386518,-0.06549941,0.030624969,0.0077910083
-0.008586154,-0.059569478,-0.04085528,0.003789609,-0.029394165
0.021004234,-0.04705596,-0.14564887,-0.029369084,0.0058483398
0.07993148,0.031289693,-0.09048086,-0.1154374,-0.019655654
0.031846758,0.013201239,0.045720436,-0.083097816,-0.064752564
-0.016869005,0.012543526,-0.0153046455,0.033775818,0.05082081
-0.00811124,0.012373037,0.028643792,-0.032390993,-0.004605645
0.034524456,0.015789887,0.014177891,0.03786029,-0.01857203
0.03849637,-0.019806584,-0.016002368,0.1034944,0.03136337
-0.009333506,0.024718301,-0.032622136,0.053963955,0.09369213
-0.005550741,0.029104345,0.023639858,-0.007981193,-0.0920077
0.017952666,0.0182267,0.04137089,0.10445975,-0.06370312
0.023571456,-0.02191554,-0.037696924,0.04424889,-0.06431629
0.0674977,-0.0187142,-0.097920924,0.02527905,0.0201799
0.047745414,-0.0901786,-0.0799236,-0.0030975675,0.02998498
-0.011617042,0.041827545,0.013380057,0.047462832,-0.016742704
0.007659073,-0.047451306,-0.0044381465,-0.011323219,0.036758102
0.034244135,-0.025334647,-0.098793775,-0.06738748,0.014397953
0.079982765,0.012559078,-0.08201026,-0.09032265,-0.09831427
0.05584852,0.050187618,-0.06717974,-0.15536918,-0.08645126
-0.005856479,-0.027064368,-0.0028107483,-0.037443265,-0.06446838
-0.033827554,-0.009225282,-0.044807035,0.02332916,0.015920443
0.027274964,-0.06623057,0.0029372687,-0.021161417,0.0068797637
-0.03512884,0.011607443,-0.06254859,-0.10211796,-0.035425447
-0.03567281,-0.03508825,-0.062905885,0.0013564989,0.047838613
-0.026258044,-0.034692634,-0.026369723,-0.0070472723,-0.0011600059
-0.046118032,-0.07188717,0.012162164,0.034536585,-0.015281565
-0.03886288,-0.047208328,0.0063614696,0.046145145,-0.02363964
0.03746099,-0.007886208,-0.044876605,0.07205169,0.10259169
0.07627273,-0.032903045,-0.034473885,0.07198114,0.05312922
0.023404023,0.016936392,-0.02904429,0.027748356,-0.004170074
0.03294246,-0.016776495,0.026308721,0.046249613,0.019060656
-0.006342729,0.032654706,0.025081089,0.01991056,0.023305207
-0.02965815,0.046770126,0.019478945,0.005139032,0.034783255
0.020790366,0.014625998,0.007147975,0.001362687,0.020699425
-0.0420205,-0.021351775,0.015574978,-0.02236909,0.04085212
0.011905035,0.026535986,0.024085104,0.027130945,0.00023213479
0.003389104,0.000168027,-0.05417885,0.02014777,0.0139337825
0.01562907,0.084709406,-0.07403199,-0.032796964,0.06706996
0.043855418,0.06788189,-0.012703645,-0.041336127,0.024261864
0.028409624,-0.053001583,0.0058199544,0.03749445,0.041604564
0.029942635,-0.019901192,-0.03720583,0.024334235,-0.040640157
0.023152916,-0.006890607,-0.009873146,0.02672955,-0.005100864
-0.05226145,-0.012260125,-0.075707994,-0.015477156,0.017942611
-0.045849785,-0.008101257,-0.056103904,-0.03547685,-0.009330398
-0.050231382,0.0069963615,0.0775666,0.00214936,-0.065401435
-0.02638226,0.023220731,0.12104634,0.0376957,-0.059282802
0.033943385,0.013707257,0.07615503,0.026791863,-0.040109497
-0.008664114,0.0038535148,-0.009222159,0.0817418,-4.4701057e-05
-0.0077369856,-0.07634683,0.012555654,0.012526366,-0.0009448761
-0.037215795,-0.040930722,-0.06953834,-0.02768066,-0.018357642
0.00013214952,-0.040303364,0.037649438,0.004509495,-0.016391832
0.011449466,-0.03850285,-0.00020500137,-0.09332947,-0.06083209
-0.021029519,-0.05636814,-0.11478603,-0.035135396,-0.053028844
-0.039348107,0.013955141,-0.08603921,-0.083175726,0.005840697
-0.10158112,-0.03586006,0.0130661195,0.072417185,0.0948201
-0.07277535,-0.078523524,-0.073946476,0.0024625298,-0.024912588
-0.0745391,-0.09507555,-0.1064961,-0.03916379,-0.03217839
-0.048190106,-0.08855374,-0.10669192,-0.03170672,0.079564765
0.010339875,0.0044313236,-0.09612255,-0.03097188,0.026762849
-0.028909257,0.05932692,0.050112657,-0.034011792,-0.039347205
0.010383063,0.021509878,0.021492017,-0.04090028,-0.039497804
-0.09247012,0.009727324,0.05566245,-0.08181471,-0.018021084
-0.08426919,-0.02324904,0.054527692,-0.0308849,-0.054988332
-0.07903881,-0.037894953,0.01969671,-0.022814235,-0.073904105
0.022467425,-0.030293982,-0.044674013,-0.06485463,-0.03892362
0.015644876,0.014335748,-0.030646829,-0.009850973,0.03147099
-0.032215986,0.016931904,0.035358097,-0.0019143223,0.024016729
-0.023119492,-0.030051745,0.06918891,0.06711687,0.010304005
-0.013476484,-0.024617983,0.0032421586,0.13671672,0.093143724
