-0.24750254,-0.19238625,-0.20347778,-0.13950153,-0.18822913
-0.20314527,-0.16975191,-0.17644055,-0.15208353,-0.20563602
-0.21280861,-0.17630549,-0.22169608,-0.21889241,-0.14588511
-0.23368105,-0.19744912,-0.1445113,-0.18828842,-0.15819496
-0.22975686,-0.20365357,-0.15180391,-0.19284526,-0.22851335
-0.18174018,-0.26686418,-0.17073284,-0.17994824,-0.12955977
-0.21023557,-0.173736,-0.16476312,-0.15346229,-0.136077
-0.26051193,-0.13196987,-0.13880162,-0.16503732,-0.17458926
-0.18643865,-0.24358867,-0.17605713,-0.16376564,-0.14429444
-0.23776202,-0.18219966,-0.17665718,-0.2079156,-0.142265
-0.18651219,-0.25786904,-0.21158038,-0.14461541,-0.13671847
-0.12429825,-0.18125539,-0.24336553,-0.12349076,-0.18708771
-0.15204225,-0.21476354,-0.24883904,-0.114612736,-0.19893089
-0.20286305,-0.23745306,-0.13655931,-0.14122637,-0.16480097
-0.25090185,-0.13847718,-0.13930376,-0.20144483,-0.1641958
-0.20141695,-0.18348385,-0.1986149,-0.22432055,-0.16596565
-0.15892795,-0.15356724,-0.14308925,-0.15420403,-0.20953062
-0.13721186,-0.21107915,-0.14195414,-0.21734858,-0.20423546
-0.2153747,-0.17985374,-0.20206805,-0.1414766,-0.18617833
-0.20622078,-0.21823321,-0.196436,-0.20811889,-0.19318832
-0.22237532,-0.16344011,-0.1577231,-0.21833013,-0.15096949
-0.21250796,-0.22071463,-0.31317538,-0.27337134,-0.26335725
-0.23653013,-0.23680139,-0.2732642,-0.26024586,-0.27290952
-0.17503372,-0.24032347,-0.29512447,-0.25404197,-0.2114481
-0.20514034,-0.2191921,-0.22622736,-0.2335563,-0.20927897
-0.21770631,-0.1900298,-0.20603752,-0.18299139,-0.17990114
-0.19942112,-0.14682485,-0.15910682,-0.20926204,-0.14425607
-0.2543909,-0.23648798,-0.15439409,-0.13018398,-0.22067682
-0.20118277,-0.16881356,-0.18535878,-0.1862802,-0.12761451
-0.1877359,-0.14010954,-0.16061637,-0.21462174,-0.19281785
-0.22992864,-0.1702833,-0.21298534,0.20162727,0.15427615
-0.20011017,-0.22640073,-0.2140749,0.1821697,0.15717076
0.22264417,-0.17876218,0.21770376,-0.18389092,0.17403848
0.14415443,-0.19204131,0.1757493,-0.18300164,0.15807706
-0.15359284,-0.18957111,0.22478288,0.20940427,0.16321003
-0.21161932,-0.21416083,-0.16723016,-0.12978284,-0.14329644
-0.10111666,-0.13904868,-0.110801734,-0.11563667,-0.12702018
-0.24723327,-0.12028282,-0.14427334,-0.14410284,-0.17417571
-0.23744573,-0.12128118,-0.12919302,-0.12524267,-0.18428072
-0.22568142,-0.23322411,-0.1719801,-0.122438505,-0.14155553
-0.1648844,-0.14927699,-0.22414261,-0.21095802,-0.25435242
-0.13967581,-0.17948624,-0.17488447,-0.18711734,-0.18275273
-0.18340813,-0.17163888,-0.1959822,-0.12405989,-0.109223135
-0.13599527,-0.25481227,-0.18524082,-0.22846034,-0.22691564
-0.12526354,-0.15898864,-0.15702981,-0.21886845,-0.19463143
-0.22961502,-0.19538733,-0.18591529,-0.17158265,-0.1687122
-0.24704158,-0.24209926,-0.18335597,-0.2549307,-0.17081374
-0.1527298,-0.11638825,-0.10557376,-0.20135652,-0.12767953
-0.1799179,-0.14987746,-0.10850289,-0.16336209,-0.17848735
-0.15883014,-0.22835618,-0.18382898,-0.1320693,-0.14513385
-0.1600947,-0.21679972,-0.18065552,-0.13732849,-0.17722726
-0.13037965,-0.18793887,-0.17484377,-0.15799361,-0.18065605
-0.21165074,-0.13816771,-0.14982781,-0.15987776,-0.14872214
-0.19434021,-0.21245083,-0.13770725,-0.14029248,-0.21152462
-0.1954778,-0.13629141,-0.1555076,-0.15020226,-0.21322057
-0.13334383,-0.20996939,-0.15465668,0.04365018,-0.1487237
-0.1829582,-0.18125294,-0.028357375,-0.023937747,-0.1938972
-0.14808242,-0.14580299,-0.18484926,-0.15879357,-0.16607045
-0.18641903,-0.14336808,-0.20487955,-0.16471557,-0.16316707
0.17080498,-0.16525222,-0.14487806,-0.15716928,-0.17958656
-0.220782,-0.21313934,-0.18797009,-0.20622596,-0.15305081
-0.1787862,-0.1437132,-0.16600825,-0.1731885,-0.16301547
-0.14435527,-0.1914482,-0.15538853,-0.18804462,-0.16303593
-0.27616102,-0.19876604,-0.15033302,-0.14472185,-0.14646575
-0.18579547,-0.17723541,-0.25798634,-0.1737128,-0.18332183
-0.007828299,-0.01900759,0.032503437,0.029830473,-0.0390532
-0.040267207,-0.023698125,-0.004947846,-0.0050715776,0.04144297
0.00074085576,-0.0053445455,0.030989535,-0.013002278,0.032273255
-0.008155507,-0.015905544,0.0051622293,-0.032888547,0.040414874
0.012265283,0.0397413,0.044392236,0.0033323742,-0.0014195337
-0.22321296,-0.24568568,-0.19790094,-0.20480214,-0.13876209
-0.19240707,-0.21611318,-0.18822543,-0.22211094,-0.13802774
-0.23683499,-0.24231613,-0.22863182,-0.20576495,-0.14676893
-0.16357438,-0.16369708,-0.1939714,-0.21366435,-0.15011962
-0.14673282,-0.20371957,-0.20026821,-0.16574098,-0.17051893
-0.18105207,-0.18572399,-0.16812949,-0.118231654,-0.20313302
-0.21507132,-0.2164011,-0.19389623,-0.1335146,-0.11990434
-0.24128789,-0.19661918,-0.16327207,-0.12979706,-0.18152717
-0.24269383,-0.14944722,-0.13602643,-0.13020092,-0.13126986
-0.19395372,-0.20627418,-0.21487309,-0.13227825,-0.18704604
-0.22839431,-0.21894531,-0.22605276,-0.21992159,-0.1920852
-0.17085792,-0.22757153,-0.22942455,-0.15683691,-0.16898653
-0.1734644,-0.20831971,-0.16704921,-0.19333668,-0.19206423
-0.17788096,-0.21812959,-0.16415583,-0.13394588,-0.26760182
-0.18427275,-0.2081823,-0.21789406,-0.16340502,-0.15444162
-0.17696163,-0.2141119,-0.16307849,-0.16763417,-0.20303659
-0.16778679,-0.15702781,-0.1784195,-0.19349073,-0.14227468
-0.20703624,-0.14680444,-0.16799587,-0.15331419,-0.1506221
-0.21284856,-0.17346731,-0.16889933,-0.24445984,-0.17516586
-0.19580238,-0.15097484,-0.24339749,-0.2558746,-0.22684063
-0.21728,-0.22610925,-0.15996872,-0.15738305,-0.18904784
-0.22421907,-0.13937895,-0.13256611,-0.12528364,-0.14367828
-0.1476467,-0.20942089,-0.21026763,-0.19019927,-0.1158259
-0.28865543,-0.18650542,-0.11743946,-0.11460958,-0.15396409
-0.13888142,-0.16768903,-0.1399224,-0.1786928,-0.1487064
-0.16881838,-0.104814515,-0.19049525,-0.19503234,-0.13233492
-0.14705485,-0.13839635,-0.1751604,-0.16851956,-0.13162479
-0.11327898,-0.13383311,-0.14037533,-0.18178889,-0.1258472
-0.20955177,-0.2023567,-0.16130717,-0.12040474,-0.12405682
-0.18046097,-0.14153355,-0.14895293,-0.18374026,-0.18768576
