-0.021563692
0.029953856
-0.0066321455
-0.045665216
-0.014879501
-0.012966174
0.019392004
-0.042409718
0.023193719
-0.017472584
0.033996534
0.009242098
0.004383649
0.044775575
0.03119924
-0.007151099
-0.019484859
0.018759564
0.024080044
-0.03589232
-0.013683832
-0.033007517
0.024280632
-0.03413434
0.009577522
0.030040344
-0.042519793
0.020151954
-0.022320587
0.01505285
-0.028408106
-0.019471752
-0.022110367
-0.011609785
0.0029224418
-0.03848099
0.024334552
-0.047195934
-0.020267325
-0.03324612
0.015697699
0.038336866
0.027604848
-0.012464102
0.027200978
-0.027922513
-0.022039866
-0.02645533
0.014944832
-0.034500465
