0.025305577,-0.006039164,-0.02901843,0.033542506,0.0075202254
-0.027077485,-0.031831823,0.011478514,0.02633653,-0.024660084
0.048055083,-0.03879518,-0.034040608,-0.040466025,-0.03942025
-0.012624727,-0.06643522,0.00063279737,0.030142205,0.0004893091
-0.051119216,0.032356128,0.0057449145,-0.03237555,0.013345046
0.0032518932,-0.017643483,-0.07278399,-0.016798917,-0.00030012737
-0.0042435154,0.0651952,0.044711467,-0.0314803,-0.02980769
0.026834901,0.014002765,0.0059329136,-0.056893557,-0.03465152
-0.09262834,-0.06478054,-0.0637944,0.018290747,0.0032497505
-0.06647893,-0.017745938,0.009495065,-0.020442799,0.061905306
0.009300299,-0.0741185,-0.058207646,0.02967599,0.038316056
-0.05030128,-0.028764365,0.024493555,-0.03342782,0.025690462
-0.041988492,0.04194123,0.0472885,-0.06994056,0.07311997
-0.038024,0.059433136,-0.0449052,0.012683869,0.037438266
0.035730552,0.0504403,0.023226,0.02411379,0.03446734
0.00630628,0.030235142,-0.008159731,-0.0014374349,-0.06195803
-0.0020729993,0.007502874,-0.010078729,0.024001766,0.0015732994
0.03355941,0.023790345,-0.009368911,-0.03711971,-0.02143588
0.028440624,-0.07773367,-0.012841854,0.0007445594,-0.020884983
-0.05317104,-0.048134036,0.036522787,-0.049351424,0.0042739357
0.013793663,0.04377927,-0.011305091,0.01940647,0.020740148
0.05254507,-0.023175241,0.01686805,0.00083935005,0.021105124
0.0067863823,-0.015153984,-0.05348997,-0.015062231,0.035250623
0.040573414,-0.023574192,-0.002591268,0.019740911,0.0612452
0.03255204,0.02972528,-0.04050929,-0.021064093,0.02921438
-0.021491183,-0.06148861,0.024311436,0.012086251,-0.011015049
-0.015307578,-0.05297877,0.02676188,0.011640742,0.019214297
-0.019151943,0.036918737,0.040101007,0.035588,0.057612922
0.01810347,0.060047835,0.0054388135,0.030194923,0.015979707
0.046700325,0.00595923,-0.046697985,0.022321608,0.039434064
0.0029092748,-0.019181278,0.059249766,-0.014567231,-0.0701546
0.044658624,-0.0040467153,-0.08336679,0.034425262,0.024641024
0.023126818,-0.06502837,-0.0066935327,0.018909184,-0.011533099
-0.051364306,-0.071091354,0.022860475,0.013433164,-0.0046138163
-0.10602868,-0.07519732,0.02929103,-0.0054227742,-0.04348744
0.007970458,-0.0028934034,-0.013298394,-0.0012555579,-0.03385057
0.047823146,-0.014093064,0.028658535,-0.03730889,0.012354175
-0.01959965,-0.040805638,0.03291301,0.033551276,-0.04848189
-0.02237299,-0.010421436,-0.024585333,0.010670585,0.016632881
-0.024809813,-0.0011951469,-0.051240183,-0.06574392,0.011587146
0.00946502,-0.016257944,-0.033308767,-0.06256995,0.0008287328
-0.044676952,-0.029768944,-0.01951886,0.008776062,0.009912601
-0.030103186,-0.03762408,0.034650967,0.0685285,-0.029310284
-0.04310992,-0.03194998,0.12062915,0.09036125,-0.031412464
-0.024707159,0.025532044,0.1336436,0.020501897,-0.037214935
0.04017561,-0.030491455,-0.035213895,0.03369242,-0.000799748
-0.029429758,0.015779577,-0.03432251,-0.026729494,0.012249607
-0.024155617,0.024483798,-0.061436124,0.052435335,0.010614744
-0.029300546,-0.05419369,0.078909546,0.020511324,0.010268259
-0.06943084,0.038754627,0.075261705,0.07383443,0.026590168
-0.027002295,0.00786757,-0.030310355,-0.027086312,-0.017634729
-0.009985541,-0.04391617,-0.03313908,-0.029482407,0.05735576
0.000902723,0.04537647,-0.009469012,-0.012391527,0.0034888021
-0.035998903,-0.08487677,-0.025250165,-0.012408955,-0.0039937384
0.0199209,-0.016859185,0.052065477,0.01103165,-0.019476077
0.054495912,-0.0013702048,-0.029186632,-0.021412063,-0.04155734
0.038764793,0.0019343228,0.02672963,-0.021170078,-0.029026482
-0.051450003,-0.025581911,0.04509468,0.02602858,-0.006306751
-0.012381332,-0.07646037,-0.010460454,-0.0077854074,0.00074476196
-0.025056442,-0.016149042,-0.029616736,-0.053052053,0.0024283363
0.03234417,-0.030591974,0.006231952,0.00082037324,0.01547473
-0.048523583,0.011038524,0.01937417,-0.05338626,0.010571082
0.035272025,-0.01591272,0.015166963,0.031289395,-0.00469721
0.015960699,-0.023888687,-0.018930923,-0.036096465,-0.02583216
-0.0069639585,-0.028340535,-0.018039253,0.005103642,0.0057678474
-0.0019798507,0.026986016,0.013707028,-0.04271513,-0.07040904
-0.024752073,-0.038909934,-0.0019235858,0.044806648,0.0151926875
0.055807214,-0.06178841,-0.035249766,-0.00061751175,0.03284413
-0.050917283,-0.026060523,-0.0094350055,0.025550097,0.022356138
-0.021971557,-0.029113773,0.013120387,0.030149661,-0.022245819
0.012109458,-0.025843728,0.041482054,-0.026030613,0.018414285
-0.014779658,-0.010987378,-0.015579038,-0.018663615,0.02864293
-0.062511586,-0.034250185,0.026847322,0.027703002,0.00881786
0.015562977,0.09050939,0.052920114,0.016611537,-0.007613246
0.05854713,0.014327733,0.029942377,0.017394409,-0.029207392
-0.03219878,-0.06990393,-0.07447165,-0.05367791,0.00964024
-0.07076431,-0.02092372,-0.022926116,0.025554098,-0.02481165
-0.07150027,-0.004788039,0.017866794,0.019369908,-0.045990873
-0.014882649,-0.0039666817,0.09624538,0.0009097138,-0.031634346
0.062178582,0.05419437,0.05989793,-0.07934211,-0.029666854
0.005915747,-0.02539345,-0.0030290883,-0.0056874333,-0.012512012
0.0501806,-0.022174984,0.00609659,0.010706833,0.0057382523
0.062111676,-0.051332146,-0.07061094,0.04080071,-0.019801058
-0.08728739,-0.060263723,0.0068888282,-0.016668268,-0.027286131
0.040532757,0.09977298,0.09575655,-0.07516696,-0.038805
0.044027027,0.08602237,0.06547604,-0.013641827,-0.023379212
0.043516986,0.04088738,0.049161926,-0.029026894,-0.028302373
-0.015872177,-0.0021775449,0.006902424,-0.08977809,-0.11440968
0.066199444,0.009124313,-0.10571272,-0.09460897,-0.06553579
0.050100185,-0.084410004,-0.035852414,0.008086456,-0.088418
-0.01466109,0.0009077779,-0.028453246,0.017157566,0.0196457
-0.05873562,0.04125969,0.023865778,0.0009336155,-1.905954e-05
0.065060355,0.06899107,-0.04020856,0.023123197,0.028263023
0.045756515,-0.042348236,-0.020672258,0.053271364,0.008304376
0.02570407,-0.029985301,0.049113043,-0.012511417,-0.04032947
-0.044366356,-0.021129804,0.022859536,-0.01689358,-0.033479203
0.035612565,0.039354853,-0.011455033,-0.008037686,0.009731713
0.03954366,-0.008833905,0.01200054,-0.027417589,-0.0036022253
-0.043468878,-0.08545137,-0.04859926,0.01581771,0.03159118
0.013939908,-0.042592525,-0.01685543,-0.025775705,0.012335525
