-0.19793761,-0.19295464,-0.14820805,-0.20372514,-0.18964784
-0.15921864,-0.19815716,-0.22334448,-0.15323304,-0.22621192
-0.2317469,-0.21063454,-0.18173826,-0.15143538,-0.22258206
-0.2099278,-0.1472705,-0.15275072,-0.17072228,-0.22552656
-0.16309096,-0.1905058,0.1532925,0.22270098,0.15690418
-0.18037829,-0.21203429,-0.14975646,-0.18627723,-0.19849579
-0.16251257,-0.1469695,-0.19115172,-0.15732819,-0.20373158
-0.21182373,0.16347462,-0.23058262,0.2271504,-0.1765917
0.15609367,0.14888348,0.21572709,0.1897983,-0.21822444
0.18319888,0.17137691,0.19349068,0.16916972,-0.20857774
0.16143914,-0.20613159,-0.18694839,-0.16590658,-0.17814082
-0.15914293,-0.20163806,-0.20309265,-0.21453276,-0.22621949
-0.2151089,-0.19697766,-0.14555304,0.14405029,0.2211171
-0.1647121,-0.1654038,-0.16390732,0.21167928,0.2263345
-0.17109868,-0.19673271,0.20403804,-0.19084078,-0.20930141
-0.1712861,-0.1429561,-0.15412235,-0.20694862,-0.19162862
-0.17054364,-0.16285925,-0.22660612,-0.18157355,-0.19294474
-0.14475824,-0.174959,-0.20774183,-0.20191738,-0.15117995
-0.20090207,-0.17935514,-0.1485495,-0.2271929,-0.19132984
-0.22799367,-0.20125216,-0.17126146,-0.18764398,-0.16549611
-0.21809702,-0.16767414,-0.20692639,-0.15866427,-0.19927807
-0.15106422,0.19120187,-0.1723409,-0.22147302,-0.18111622
-0.15466511,-0.2217729,-0.15456761,-0.17097615,-0.20670016
-0.21683499,-0.1601898,-0.20127442,-0.16589165,-0.1822026
-0.14590277,-0.21845652,-0.19392756,-0.16808973,-0.20964122
-0.19995058,-0.19746234,-0.14380223,-0.1680154,-0.2291429
-0.17517819,-0.14987737,-0.16513221,-0.14701709,-0.19651893
-0.18322408,-0.14396532,0.22884588,0.17423284,0.19704822
0.18946996,-0.14819868,-0.20729333,-0.19316056,-0.17128515
-0.19461091,-0.20870596,-0.14956932,-0.2042526,-0.16018851
-0.19773138,0.14354415,0.1567429,0.19861169,-0.15562204
0.18136011,0.21674015,0.19583322,-0.16822782,-0.14337033
-0.157122,0.2222868,0.15922232,-0.22057615,-0.15220258
-0.14640738,-0.16486846,0.2053982,0.17729965,0.20294182
0.16607457,0.1857398,0.22949947,0.15939583,0.15005395
-0.19115071,-0.16434196,-0.22926092,-0.159202,-0.18567096
-0.18230538,-0.15996835,-0.1650576,-0.1902037,-0.23021452
-0.14898397,-0.20212525,-0.21250358,-0.17270458,-0.1576049
0.19401298,0.16219984,0.14704338,0.20713161,-0.17199719
-0.16104813,0.23222362,0.163303,0.20154303,-0.14321749
0.18618292,-0.20416579,0.15259589,-0.1869381,-0.21023792
-0.21754378,-0.23015928,-0.16916615,-0.19406572,0.20653147
0.21156278,0.14309885,-0.2038542,0.22749054,-0.19534382
-0.15751861,-0.22627388,-0.14677176,0.20651309,0.15624961
-0.17713577,0.2159531,0.21117008,-0.17889091,-0.20496501
-0.20165682,0.15517597,-0.1436885,-0.17911631,-0.17790003
-0.21348375,-0.22258723,-0.192923,-0.16457903,-0.15391627
0.18323652,-0.16888309,-0.19554308,-0.2009448,-0.14297211
-0.17677224,-0.14376548,-0.23153596,-0.18411723,-0.2029766
-0.15302536,-0.165243,-0.1801973,0.21551372,0.16110818
-0.19939286,-0.16496848,-0.21366952,-0.17691618,-0.17311795
-0.22484845,-0.21395087,-0.22075978,-0.22856258,-0.20352355
-0.17359692,-0.1710501,0.21300934,0.19326909,-0.21623974
0.1454917,0.2265427,0.19561678,0.22194277,0.1456952
-0.21196872,0.18645525,0.2246543,0.15054037,-0.21144767
-0.033927403,0.022748942,0.0034542829,-0.016984435,0.0298232
-0.033246994,-0.0044169165,-0.020448726,-0.009989387,0.0004615168
-0.0010112063,0.044302884,-0.03947476,-0.018729428,-0.003406622
-0.018714938,0.041542068,0.02301395,0.03382787,0.032843634
-0.0023899565,-0.15808749,-0.0037716173,0.21950015,-0.18079658
-0.16986027,-0.16924278,-0.20464616,-0.14943784,-0.15122387
-0.19847752,-0.20090765,-0.22735107,-0.16414294,-0.22194931
-0.22898285,-0.15086654,-0.1777485,-0.14871907,-0.22508013
0.16247185,-0.1995258,0.21531487,0.15371495,-0.22614472
-0.20083338,-0.21086738,-0.14431871,-0.16482954,-0.21779066
-0.019275935,-0.0016460512,-0.027987614,-0.033790927,0.040075727
-0.029741442,0.025829481,-0.012874249,-0.0339729,-0.020262735
-0.020491354,-0.030373994,-0.027394636,-0.0020312357,-0.023548035
0.036369886,-0.042725656,-0.007285759,0.029440388,-0.029517002
-0.010215985,-0.036466017,-0.043144055,0.02118714,0.011423998
-0.18330096,-0.15228818,0.18663023,-0.22495726,-0.23117639
-0.18109338,-0.21416444,-0.14601788,-0.19326293,-0.1491941
0.18034895,-0.20836481,-0.23196895,-0.14502126,-0.22631593
-0.1560452,-0.20503221,-0.2206782,-0.20304109,-0.1660021
-0.15353589,0.15025304,-0.22078112,0.20284788,-0.16609281
-0.21637662,-0.16904068,-0.1939324,-0.2266672,0.21268678
-0.22370645,0.18510103,-0.19733712,-0.20821942,-0.19485776
-0.2275789,0.22712207,-0.22111584,-0.16006099,-0.1861192
0.18566372,0.18436317,0.16857675,-0.19573271,-0.15548225
-0.20888574,-0.16551884,0.15158719,0.16554229,-0.15673517
-0.17130595,-0.22828236,-0.21898896,-0.1586869,-0.19072905
-0.14612056,-0.23177627,-0.17580286,-0.23183046,-0.16904885
-0.20281385,-0.19240889,-0.19318713,-0.18191499,-0.21776415
-0.21248078,-0.16817744,-0.21353932,-0.17515354,-0.19295144
-0.15942502,-0.19892342,-0.15614462,-0.18885821,-0.21251614
-0.17921625,-0.21515428,-0.1768867,-0.20913276,-0.18226622
-0.19609192,-0.19924341,-0.22623971,-0.20267141,-0.15032478
-0.16244039,-0.20634845,0.1927975,-0.17645992,-0.16017379
0.21817948,-0.21221155,0.177046,0.22436479,-0.18302195
0.16288507,0.16509926,0.16455328,-0.22970985,-0.21766071
-0.14326166,-0.19305632,-0.1578405,-0.22904564,-0.16658136
-0.17043656,-0.2295128,-0.19849694,-0.17596078,-0.22280732
-0.1704747,-0.1616325,-0.22835936,-0.20484316,-0.15629359
-0.1916484,-0.21381418,-0.17646052,-0.22472423,-0.1727331
-0.21350804,-0.17141625,-0.21142702,-0.20103382,-0.20842874
-0.16427508,-0.22868015,-0.16059485,-0.16444114,-0.2191605
-0.15747091,-0.15448998,-0.21584003,-0.18358266,-0.17647448
-0.19382548,-0.15513043,0.17629647,0.172278,0.20028166
0.2116728,0.22298151,0.14313722,0.17657167,0.16787146
0.17130892,-0.19982329,0.16248727,0.1612477,-0.21183263
