-0.028752197,-0.013697449,-0.016787754,0.045612417,-0.01473491
0.007562911,0.035901684,0.021791356,-0.006127813,0.005311234
-0.044462305,0.036714315,-0.03639417,0.025668526,0.027681168
-0.0055865715,-0.02453626,0.021758383,-0.039426543,0.008252577
0.0008622107,0.055686753,-0.0050390307,0.049320363,0.04862009
-0.045868807,0.048723776,-0.019178813,0.03473984,0.042190257
0.015759407,-0.004622323,-0.031960785,0.014650335,-0.023119254
0.005320901,0.033348523,-0.009361359,0.03995843,0.023549208
-0.0009854609,0.04324759,-0.003275365,0.0048996313,0.0008687493
0.016093254,0.01289063,0.025246937,0.07207291,-0.037893143
-0.013348673,-0.015611312,0.005260092,-0.017902618,-0.01750341
0.0077891774,0.02570455,-0.012308439,0.01814703,0.03613695
0.023991495,-0.03084683,0.05202736,0.010984095,0.023304403
0.053251415,0.02833977,-0.010824109,-0.028959615,-0.00036429736
0.047240887,0.05988964,0.0603441,-0.036214653,-0.04760635
0.021761319,0.014190368,-0.0063820737,0.05464712,0.031531677
0.017116232,0.054505877,-0.030079806,0.024492575,0.031167697
-0.05950383,0.009280929,0.033383325,-0.0234202,-0.0050267675
-0.03249302,0.021280032,-0.04023625,0.005532025,0.04438841
-0.044268347,-0.011223211,-0.003546256,0.04702407,0.015159129
-0.042165548,0.0012579232,0.016563151,-0.0032478492,-0.022060024
0.018833093,-0.029256724,0.018898593,-0.041407958,0.031142566
0.006459621,0.02308037,-0.023482053,-0.050265413,-0.026053008
0.030322548,-0.008390629,0.01869498,-0.04412929,0.010792114
-0.04264101,-0.0064342557,-0.0067974557,-0.047375787,0.026638646
0.043011133,0.005721108,0.016570164,-0.04394912,0.012712823
-0.02675405,0.029377589,0.009843928,-0.04141114,-0.015313669
0.028460635,-0.025337718,0.027026253,0.04683992,-0.036752034
0.02030649,0.01865934,-0.02742523,0.010556985,-0.049965456
0.022513611,0.061600763,-0.010004458,-0.026787432,-0.05426402
-0.03716725,-0.0010510728,-0.02237527,0.01386191,-0.0045699696
-0.03301226,-0.081710555,-0.06926712,-0.098633714,-0.0645248
0.016069615,0.0007114052,-0.055830557,0.019015588,0.008816914
-0.091343544,-0.0973309,-0.04615165,-0.054590564,0.018699074
-0.021278238,-0.07052926,-0.0033726818,0.040569317,-0.022090355
-0.035074223,0.030281587,-0.04476175,-0.029154528,0.046699885
0.00977663,-0.044318553,0.022162814,0.0018763843,-0.008504557
0.04787397,-0.040688757,0.018662317,-0.034554686,-0.031413723
0.019098477,-0.013706897,0.031105472,0.003985242,0.014710959
-0.006958934,-0.0124640735,0.033370476,-0.033291303,0.004549356
0.02201168,-0.026511617,-0.015604538,-0.0034031572,-0.016737293
-0.03902671,-0.0025980496,-0.029484302,0.01197654,-0.01103527
-0.012640282,-0.030363709,-0.08085248,-0.012991469,0.06949423
-0.0026569015,-0.012685429,0.00089837634,0.027730871,0.005174432
-0.038533,-0.012307666,0.06755496,0.036228646,0.016376624
0.009631552,-0.036673035,-0.022380875,-0.047795083,-0.022591546
0.010980383,-0.06932793,-0.086447015,-0.08406083,0.011430436
-0.057308022,-0.046219133,-0.019178364,-0.010485245,-0.022844637
-0.01409193,-0.011126255,-0.012283587,-0.004598674,0.035118558
-0.06314441,-0.07870402,-0.06079592,-0.040904395,0.0324583
0.036143735,-0.01708577,0.024810862,0.017821332,-0.016503321
0.023626646,0.026670303,0.032096203,0.015236721,0.016099958
-0.0049654366,0.03418013,0.027706526,0.019496575,-0.023830606
-0.02268184,-0.022049673,0.0072536934,0.04324259,0.06713827
0.009369974,0.038620412,0.049297284,-0.011716913,0.0328908
0.029926552,0.028273026,0.027079565,0.003802409,0.021662967
0.0394459,0.016299792,-0.02687354,0.03134314,-0.006102626
0.028969562,-0.048148338,0.013049935,-0.015620608,-0.022397917
-0.034451727,-0.062035218,-0.048755422,-0.03595835,0.009396332
-0.045059808,-0.05853888,0.028973304,0.0006576633,-0.012326518
0.043699194,0.0003858204,0.053318698,0.006778903,0.014081813
0.055651795,-0.02516309,0.030093608,0.0061937333,-0.01166612
-0.026349751,-0.038255986,-0.013275658,-0.00033525313,0.009947894
0.008720581,0.03218631,0.020212188,-0.0489489,0.0132943075
-0.022818169,0.021619815,0.005076172,-0.0041131503,0.046560705
0.035956495,-0.010370867,0.020762544,-0.03675364,0.0075059105
0.017297924,-0.009614454,-0.013183794,0.0030019297,-0.02186248
-0.01424742,-0.01034342,-0.027929278,0.018519925,0.028616024
-0.054369744,0.0013056699,0.0077271075,-0.05357563,-0.041742705
-0.0025899017,-0.039099824,0.006416371,0.028450446,0.015301767
-0.011978943,-0.002810321,-0.032547858,-0.0034194866,-0.011800182
0.018841108,-0.013452573,-0.025518164,0.03790345,0.023746837
-0.024433903,-0.041026965,-0.023954209,0.020327833,0.012043115
0.04918719,0.04214455,-0.011559823,-0.028006643,-0.006366434
0.042671047,0.013140072,-0.028181681,0.039471854,-0.039345678
-0.04683502,-0.014208154,-0.055774394,-0.00040923373,0.010908042
0.034720838,-0.056486737,-0.07524438,-0.034173843,-0.027894061
-0.0052495156,-0.017915267,0.02338504,0.0010448445,0.028990692
-0.013301334,0.018307902,0.016560618,-0.005460612,-0.028962443
0.0023283972,0.036454327,0.00047989655,0.046585936,-0.029790463
0.0050802017,0.0027688283,0.0013088473,0.04655401,0.03441544
-0.009512309,-0.002608102,-0.005774126,0.030299751,-0.044066362
0.07258493,-0.01480174,0.00068543287,0.0074831843,-0.029890178
-0.01707163,-0.041209348,-0.052692886,0.028005976,0.033191077
-0.013600985,0.06010067,0.04127014,0.012108475,-0.015384979
0.038928345,0.016113523,0.034274757,-0.043304708,0.00728531
0.06579698,0.0846654,0.0700892,0.0660681,0.015855638
0.021556316,0.006762708,-0.060075738,0.025067894,-0.008826831
-0.0024668926,-0.051903047,0.015530128,-0.0062891184,0.0027405117
0.005670575,-0.06561331,-0.07126209,0.021199748,0.0029657497
0.024077425,-0.031196719,0.034286235,-0.017601619,0.0074595404
0.03031398,-0.008349973,-0.014101788,0.010957071,-0.018035328
-0.033786748,0.002726918,0.046636455,0.025494596,-0.0046983226
0.0076639447,-0.018249845,-0.0155244805,0.02274258,0.0037434362
-0.012559762,-0.02867102,-0.041215677,0.009423143,-0.03185437
0.014029816,-0.006906168,-0.014398118,0.02014569,0.027091675
0.036281396,0.01423731,0.051883295,0.0034299628,0.014045428
-0.021904336,0.036940027,0.069919825,0.01728443,-0.0013266029
0.022823194,0.024628542,-0.032469913,-0.0140507035,-0.025929598
0.04003549,0.0211309,-0.019022243,-0.016350785,0.028346743
