-0.17775056,-0.19665112,-0.16567883,-0.2187848,-0.18694647
-0.17415646,-0.22319221,-0.17389558,-0.20481527,-0.17107485
-0.20663492,-0.19737372,-0.23043221,-0.19374415,-0.15399331
-0.17190802,-0.22131258,-0.22491762,-0.15379435,-0.20690948
-0.22323638,-0.20598727,-0.16419089,-0.18224262,-0.21053232
-0.16548577,-0.14303255,-0.17758709,-0.22115465,-0.19989254
-0.23217623,-0.14944,0.15832388,0.18620196,-0.2139271
-0.18923,-0.21927895,-0.22299464,-0.21990955,-0.16862959
-0.23238268,-0.15040424,-0.16838416,-0.16369076,-0.1458334
-0.18435226,-0.1990584,-0.22890127,-0.21424177,-0.21822704
-0.22862552,-0.20620319,-0.1885877,-0.18901512,-0.1806983
-0.21840931,-0.16111623,-0.22921431,-0.17236848,-0.20545389
-0.14941745,-0.21114032,-0.14594114,-0.2202171,-0.21724945
-0.19224782,-0.21878706,-0.1831245,-0.21963373,-0.19238184
-0.19338202,-0.20350052,-0.18040726,-0.21307442,-0.1615721
-0.20042156,-0.21316157,-0.20074761,-0.17130628,-0.21319537
-0.22940983,-0.19778356,-0.21798842,-0.14394383,-0.20336786
-0.17637034,-0.20873787,-0.18656634,-0.1975121,-0.1941911
-0.15061496,-0.16886455,-0.21034263,-0.16453545,-0.2164606
-0.1532547,-0.22716673,-0.23124894,-0.14378262,-0.16323733
-0.1860935,-0.22224782,-0.16008951,-0.20580585,-0.17513871
-0.17985941,-0.15892904,-0.19821882,-0.14296302,-0.22009628
-0.20792753,-0.14362301,-0.22713181,-0.20113291,-0.17366664
-0.1697771,-0.20193626,-0.22274902,-0.1496251,-0.22189713
-0.1450932,-0.18431641,-0.2131806,-0.18112148,-0.189037
-0.22488937,-0.14886536,-0.21377966,-0.1956489,-0.21162386
-0.17782727,-0.21764489,-0.14933054,-0.19953695,-0.14593652
-0.18747199,-0.19486524,-0.22779337,-0.15959474,-0.1879565
-0.22322413,-0.1660658,-0.18087038,-0.21212612,-0.21454401
-0.19668679,-0.16672035,-0.17323115,-0.21530043,-0.21902858
-0.14977495,-0.17891681,-0.16580026,0.14536957,-0.16653514
-0.14878827,-0.18896544,-0.14979734,0.009475198,-0.18577264
-0.17202032,-0.015657084,-0.0047424505,-0.19628707,-0.17612016
-0.182898,-0.20833543,-0.16466032,-0.21273804,-0.15945499
-0.18192944,-0.19043215,-0.19055675,-0.17786361,-0.18577617
-0.14862774,-0.1517311,-0.14318702,-0.16048895,-0.18671793
-0.20497854,0.16781153,-0.15816696,-0.19116876,-0.22777717
-0.1862402,-0.19820105,-0.2200238,-0.22158398,-0.19175203
-0.17165826,-0.1635352,-0.21969804,-0.22548847,-0.22180681
-0.18945658,-0.19131988,-0.1667779,-0.22407192,-0.14697143
-0.20102021,-0.22999428,-0.21585937,-0.17676266,0.17820524
-0.15525788,-0.18781014,-0.16042483,0.22461732,-0.20442393
-0.18380405,-0.19032955,-0.2076748,-0.2282018,-0.20937507
-0.16477917,0.17898467,0.14815061,-0.1750404,-0.17130719
-0.1793923,-0.15087545,-0.22185525,0.16995752,-0.19024813
-0.21716803,-0.17258662,-0.19889468,-0.1459908,-0.2024548
-0.21868965,-0.15332732,-0.14369601,-0.15468721,-0.22221549
-0.20974414,-0.16660477,-0.14658478,-0.15714714,-0.2258651
-0.20271325,-0.1902247,-0.16560932,-0.21860698,-0.1699895
-0.19811979,-0.17383999,-0.19477499,-0.14438519,-0.1923696
-0.2049068,-0.1949212,-0.2097351,-0.22463635,-0.15876995
-0.21476957,-0.20713033,-0.21072178,-0.1881248,-0.16253932
-0.19972211,-0.18740512,-0.20354433,-0.1526616,-0.19425735
-0.15572344,-0.19982927,-0.20033595,-0.21239205,-0.21757291
-0.16336967,-0.2298102,-0.17876099,-0.15042698,-0.2208643
0.01838348,0.010929928,0.0042450544,0.04247108,-0.030741457
0.026277883,-0.022192385,0.02661113,0.003525305,0.003253771
-0.03808002,0.0050981054,-0.03284909,-0.037160758,0.025036912
0.0003983634,-0.011491203,-0.0071124043,0.035494044,-0.00080355606
-0.02862664,0.043210145,-0.024852484,0.03236534,0.037312813
-0.17949454,-0.22816339,-0.20086351,-0.22495668,-0.22687058
-0.22071552,-0.21140896,-0.22893254,-0.21222444,-0.22300048
-0.22237611,-0.21696666,-0.23071003,-0.18686706,-0.18382679
-0.19626248,-0.14356965,-0.16600452,-0.15954064,-0.16432273
-0.21128492,-0.17629796,-0.17342213,-0.2205818,-0.1486394
-0.026564082,-0.005514147,-0.043675322,-0.034932837,0.03586485
-0.032791737,0.040248003,0.02314006,0.041350905,-0.02095255
-0.035055544,0.037207767,-0.018293737,-0.0052944003,0.041669812
-0.02026564,-0.015361367,0.025604961,0.0404076,0.002011633
0.00044863662,0.031774804,-0.018181391,0.03578189,0.026403181
-0.18165146,-0.21119943,-0.14822684,-0.19950968,-0.210136
-0.19709584,-0.18068801,-0.23196012,0.19802697,-0.19424629
-0.17406096,-0.18899955,0.16405782,-0.19820477,-0.20056185
-0.1497201,-0.22715716,0.20049068,-0.14712529,-0.17381215
-0.2113912,-0.17446955,-0.16970275,-0.16841067,-0.18396343
-0.22683406,0.19746456,-0.19705652,-0.16386743,-0.14761218
-0.20363468,0.18841296,-0.15092112,-0.19531415,-0.1809032
-0.20498477,0.1988097,0.16918743,-0.22689578,-0.22686847
-0.16801289,-0.19436571,0.19523634,-0.15767394,-0.17830214
-0.14804125,-0.17395888,0.1468945,-0.15935159,-0.22773622
-0.16616,-0.19114587,-0.23032358,-0.1961096,-0.14862555
-0.20806976,-0.20701982,-0.16348472,-0.17856333,-0.1696104
-0.21585788,-0.20288345,-0.21675871,-0.1774863,-0.17856196
-0.21006632,-0.21206668,-0.16687341,-0.18403654,-0.1785166
-0.19809127,-0.22728911,-0.15894473,-0.1457982,-0.14973351
-0.22059378,-0.2087559,0.15519363,-0.14722024,-0.15175514
-0.20778975,0.008022494,0.21968448,-0.15346527,-0.20841981
-0.20453137,-0.2218917,-0.22790752,-0.19971262,-0.2016141
-0.16087012,-0.15383993,-0.19742183,-0.16777621,-0.18738078
-0.16519204,-0.22713594,-0.19553061,-0.20255326,-0.15149722
-0.16647165,-0.17027007,-0.16535136,-0.21750563,-0.22139764
-0.21409538,-0.19526719,-0.2106475,-0.16849756,-0.14900151
-0.14338453,-0.15743265,-0.16919376,-0.18715492,-0.21155052
-0.17994626,-0.16195615,-0.18256107,-0.19258432,-0.19141741
-0.22750887,-0.18606296,-0.18059044,-0.1495045,-0.17144956
-0.14540038,-0.18859494,-0.1532115,-0.21441184,-0.17477454
-0.14501715,-0.17640842,0.16264854,-0.16904572,-0.23035492
-0.1682337,-0.21230374,-0.1561812,-0.1836006,-0.17323217
-0.207965,-0.19180277,-0.21097636,-0.14960316,-0.17003232
-0.21130389,-0.2044424,-0.16635032,-0.21496265,-0.17881136
