-1.2080239
-0.49358287
-0.20912012
-1.0730014
-0.53918725
-1.1982569
-2.3777251
-2.088712
-2.9965944
-0.15685916
-0.9677926
-0.7221045
-2.4727695
-0.30589405
-1.1218964
-1.0375131
-1.3384984
-1.3389838
-0.69717604
-0.17669284
-2.5391524
-1.2409045
-2.023943
-1.165941
-2.6119952
-1.3324978
-0.55934316
-0.41650555
-0.2145543
-0.16237739
-1.1497363
-0.15814236
-1.4504557
-1.208769
-2.9801774
-0.4549703
-1.71812
-0.45848247
-2.296961
-1.5615724
-2.575605
-0.40947804
-1.315268
-0.9675919
-1.2294143
-0.27397904
-1.3766495
-0.20972912
-0.63509196
-2.26733
-1.0185246
-1.2770112
-0.8926436
-0.2026167
-1.1471875
-1.8542305
-4.139266
-4.6223726
-0.9740512
-0.8679728
-1.6322392
-2.4133003
-1.2458909
-2.2195826
-2.5662217
-2.147636
-1.4193877
-1.8875829
-4.1217413
-1.3617882
-0.74176913
-1.4873074
-2.939768
-1.7264092
-0.38790363
-2.8002217
-0.94420165
-0.80980664
-0.17979237
-3.6776373
-1.5039526
-0.18435623
-0.9641414
-1.5232552
-1.2843739
-0.50521487
-0.6036149
-8.664029
-0.22268867
-1.1009525
-1.5333856
-0.9652613
-0.5299061
-1.080853
-2.1800065
-1.1786387
-2.2790122
-0.24919227
-3.046043
-2.2806184
-0.62489367
-1.3237065
-0.30875602
-1.1604038
-1.6115445
-0.2689389
-0.21673347
-1.3439119
-1.5079653
-0.8329951
-0.46929818
-0.5244778
-0.18363497
-0.87930465
-0.2329666
-1.4348168
-1.8044196
-0.6867155
-0.17293477
-2.7113714
-1.7245325
-1.2746128
-0.3023461
-3.3214326
-2.052027
-1.9628038
-0.093263514
-0.4240265
-1.2748098
-1.1972177
-1.365323
-3.9263148
-1.0008377
-0.22234757
-2.9965336
-1.251546
-1.200913
-0.77366143
-2.4341986
-4.2637024
-2.022444
-0.2205155
-0.38384113
-0.1853034
-1.3304596
-1.3147705
-0.6542325
-0.21603623
-0.15242203
-0.38227955
-2.1339324
-1.0544227
-0.63536876
-4.1412253
-1.820914
-1.7356621
-1.8314757
3.030302
-2.6184258
-1.4576654
-4.44931
-4.861841
-2.2208316
-0.4628931
-0.9141237
-1.1446645
-0.35693645
-2.4506457
-1.7347572
-1.615411
-3.319201
-4.1403093
-1.1439037
-0.6007793
-0.287342
-2.1018186
-4.183672
-2.4186323
-0.6235703
-1.9359155
-1.924968
-1.0668104
-1.604442
-1.096775
-0.57348114
-0.7347065
-1.9154305
-4.59913
-1.318905
-1.094868
-4.791285
-1.3256575
-1.7295523
-0.2617307
-0.17998393
-0.20095143
-1.2119427
-1.2004024
-0.46257272
1.9572515
-1.4398153
-3.116594
-2.9373066
-0.25500703
-2.895659
-0.49943513
-2.5472684
-0.3709174
-1.4183673
-1.3178979
-2.3330507
-0.71880853
-1.5048382
-3.458244
-0.3155908
-1.6543407
-0.18524982
-1.8932196
-1.1705624
-0.80509704
-2.4759498
-0.41114524
-1.8743559
-0.17164965
-0.386489
-1.0358157
-1.589737
-0.38208625
-2.3601332
-1.9163082
-0.4026883
-0.039132185
-2.9508245
-2.1243212
-0.22255252
-0.989597
-2.1173954
-0.20939122
-2.1196206
-0.4986126
2.9965122
-1.1306913
-2.8775225
-2.8685277
-0.23045664
-0.15914907
-0.1756937
-0.8898532
-1.2929269
10.223333
-0.14787562
-0.9026252
-0.1880941
-1.2209926
-1.2960773
-1.5186434
-1.7788666
-1.0973539
-1.3637301
-0.186082
-1.5002685
-0.21408871
-1.5316147
-0.29612055
-1.0075339
-1.1808271
-1.1324239
-0.53692573
-2.0790198
0.9359694
-1.5455651
-0.76558363
-2.5664194
-3.59465
-1.6899967
-0.15514192
-2.7169101
-1.1599027
-1.7951064
-1.0886958
-7.652997
-2.851711
-3.9764547
-0.9842321
-1.0054718
-0.22010939
-1.1120706
-1.5836787
-0.37809464
-0.1880006
-2.007433
-0.97380507
-5.408016
-5.2660637
-4.9261727
-0.36626574
-1.6699219
-0.5672766
-2.3762472
-2.2007546
-0.32890898
-1.4638752
-0.20215045
-1.6737165
-0.23467089
-1.6742041
-1.5399423
-1.2655748
-2.8571053
-4.086407
-1.3358018
-2.4676912
-0.19193485
-1.0087892
-1.5142342
-1.7344432
-0.17068297
-1.953616
-1.2708765
0.19315904
-0.521784
-0.24828675
-1.6106379
-1.2431179
-1.3273907
-1.0362189
-2.41925
-1.4493629
-0.695836
-1.5972009
-4.183807
-2.7123578
-3.0177448
-2.9454129
-1.4033718
-1.1046252
-0.44653603
-2.0060854
-0.9124421
-0.8525308
-2.8751075
-0.3792407
-0.2660411
-2.3184826
-1.1490136
-0.6651141
-2.2349207
-1.7693468
-1.2462517
-0.7279872
-0.9647163
-1.9830956
-0.20420757
-1.6660826
-0.5048869
-0.19610438
-2.501173
-0.5603001
-3.4378397
-1.804677
-3.4881973
-0.17031725
-0.44646266
-0.70536214
-0.19984832
-2.7027745
-0.2731543
-2.935909
-3.05415
-0.2116446
-1.369262
-1.3694509
-6.602283
-1.6290383
-0.50990117
-1.022405
-1.1835909
-1.7686845
-0.43546453
-4.3793855
-2.3269932
-1.6941813
-1.3567337
-0.9077836
-2.0060499
-0.16875793
-1.7426723
-0.083706975
-1.9049708
-1.3228884
-4.624333
-2.2780719
-0.7661195
-1.359585
-0.16639563
-1.5945517
-0.28520712
-0.22996512
-2.2472904
-0.38209486
-2.8944528
-3.7712808
-2.735026
-0.48679754
-1.1646719
-0.33718798
-3.299231
-1.186604
-2.1354861
-1.2641184
-0.20389892
-1.0586951
-1.6192112
-1.7218598
-1.4638451
-1.2170894
-1.2004265
-0.3329715
-1.2420381
-1.7370466
-4.081119
-0.72482395
-1.4707341
-1.1186706
-1.24601
-1.597323
-1.6085738
-1.4558479
-0.17524202
-1.2815197
-0.16031377
-0.15688723
-1.566872
-0.43124393
-0.65530574
-1.154804
-5.969391
-0.43035236
-0.56117433
-1.265844
-1.1827546
-0.18461174
-0.59311116
-1.150511
-1.164575
-1.3644111
-0.43470773
-1.0057577
-0.12735139
-3.0774446
-2.0261986
-1.0965003
-2.4394069
-0.42645645
-0.20663011
-5.784717
-0.9274323
-2.767572
-1.6686347
-1.5319777
-0.7865226
-4.9778814
-2.7995224
-0.5360761
-1.7137821
-1.1816329
1.6482505
-0.1988388
-0.21363564
-1.8954349
-2.4331958
-2.0631335
-0.19138569
-0.97704935
-1.455892
-0.1926641
-2.1019626
-0.088681795
-1.142258
-2.896577
5.5833893
-0.22085586
-1.3066374
-0.4814554
-1.027577
-0.6943963
-0.58154804
-1.204193
-1.3080924
-2.7139292
-1.1852515
-0.36229327
-0.18368314
-0.6916095
-0.45113114
-3.474324
-0.17979175
-0.92124504
-1.2676371
-0.25404334
