-0.06074308231472969055
0.03474652394652366638
-0.05053395777940750122
-0.01361394673585891724
0.00810647383332252502
-0.02934224717319011688
-0.05008142814040184021
-0.04569983854889869690
-0.03183425590395927429
0.01412760000675916672
0.02653150632977485657
0.00255082547664642334
0.00318157882429659367
0.04698431119322776794
-0.01531246770173311234
0.06165372952818870544
0.06311274319887161255
-0.02141631208360195160
-0.03971704095602035522
0.00410941801965236664
0.01083267293870449066
0.03069824166595935822
-0.00191363249905407429
0.03086405061185359955
0.03489905223250389099
0.08101014792919158936
-0.08221951127052307129
-0.01520564593374729156
-0.05542541667819023132
0.04112892225384712219
0.05655818432569503784
-0.00992691144347190857
0.04416948556900024414
-0.03351472318172454834
-0.03869791328907012939
0.00180147134233266115
0.05366669222712516785
-0.06794809550046920776
-0.00023288413649424911
0.00195705238729715347
-0.02305565401911735535
-0.02485771104693412781
-0.00220986781641840935
-0.04107985645532608032
-0.01559059508144855499
-0.06210970878601074219
0.03707823529839515686
0.00427455408498644829
0.02499288320541381836
0.01018349919468164444
-0.03907898813486099243
-0.06153681501746177673
0.03496894240379333496
-0.00823405105620622635
-0.00200881552882492542
0.03886455669999122620
-0.04658994823694229126
-0.03844501078128814697
-0.03605758398771286011
-0.02530521526932716370
-0.03845967352390289307
0.03310053795576095581
-0.06809154897928237915
-0.00276848603971302509
-0.00887892208993434906
-0.04785941168665885925
0.04159013181924819946
-0.09033595770597457886
0.01286802161484956741
0.03621441498398780823
0.03169958665966987610
-0.03142080083489418030
-0.06640109419822692871
0.01102357450872659683
0.00857678707689046860
-0.02775317430496215820
-0.00797478482127189636
-0.08843126147985458374
0.02657344378530979156
-0.06593230366706848145
-0.06782026588916778564
0.04085134342312812805
-0.02924999967217445374
0.02394442260265350342
0.06186622008681297302
0.04442838951945304871
0.12640999257564544678
-0.00751299876719713211
-0.04346931725740432739
0.01794412173330783844
-0.01045000832527875900
-0.01688223518431186676
-0.02414996363222599030
-0.04521464183926582336
-0.00174715195316821337
-0.03026951476931571960
-0.06518622487783432007
-0.01974024064838886261
-0.04245733842253684998
-0.00943379569798707962
-0.04325241595506668091
0.04614536464214324951
0.03272061422467231750
0.05500458180904388428
0.03218162059783935547
-0.01948886923491954803
0.02045012265443801880
-0.02094427123665809631
-0.02712376043200492859
-0.02094282954931259155
-0.00553253619000315666
0.03123802319169044495
-0.01150457840412855148
-0.00984080880880355835
0.00982585176825523376
0.01349125336855649948
0.03478490933775901794
-0.03196271881461143494
0.06708507984876632690
-0.06180996820330619812
