-0.03051596321165561676
0.02906743623316287994
0.00511114066466689110
-0.03642556816339492798
0.03198305144906044006
-0.02694473415613174438
0.07151556015014648438
-0.01759902760386466980
0.04849864542484283447
0.05628251656889915466
0.04422971978783607483
-0.02631350606679916382
-0.03346370533108711243
0.00345621653832495213
0.01816100254654884338
-0.01764527335762977600
-0.01163625065237283707
0.00358726736158132553
0.04839499294757843018
-0.05953926593065261841
-0.06616578996181488037
-0.03236001357436180115
-0.01792131923139095306
-0.05720111727714538574
0.06079658120870590210
-0.07927088439464569092
0.07473620772361755371
-0.07550733536481857300
-0.02764189057052135468
-0.01676448434591293335
-0.00835843849927186966
-0.00135740113910287619
0.04007923603057861328
-0.01179809495806694031
-0.07367290556430816650
0.09471260756254196167
-0.05405706539750099182
0.03416039422154426575
0.03213821351528167725
0.02568445540964603424
0.05751885846257209778
0.01535417325794696808
0.02393410541117191315
-0.00349756539799273014
-0.01170677412301301956
0.00691968668252229691
-0.05337794870138168335
-0.02401259727776050568
0.03293904289603233337
-0.04690784215927124023
-0.00076776422793045640
0.01267101522535085678
0.06055794283747673035
0.01697466336190700531
-0.07447926700115203857
-0.01519220694899559021
-0.04041339829564094543
-0.01328881457448005676
-0.00545334210619330406
0.01655998267233371735
0.03370743989944458008
0.01954903081059455872
-0.05547110736370086670
-0.00559573061764240265
-0.04895235970616340637
-0.03565917536616325378
0.02078957855701446533
-0.01076700538396835327
-0.01850472576916217804
-0.04019778594374656677
0.02596206776797771454
0.05126616731286048889
0.06013074889779090881
-0.02246082201600074768
-0.04335708171129226685
0.02441861480474472046
0.02657740935683250427
0.04737878590822219849
-0.04026276990771293640
-0.00874997768551111221
-0.01587394438683986664
0.03975125774741172791
-0.03934323787689208984
-0.02677397988736629486
