-0.008498484,0.003482175,-0.0016603214,0.012972865,0.040203
-0.035520867,-0.034176875,-0.039597336,-0.017497404,0.019826595
0.016791558,0.034672722,0.028742282,-0.023072328,0.015447479
-0.019915665,0.010716123,0.013098219,-0.016700445,-0.018805662
0.018783994,-0.0068348697,-0.026989661,0.034202658,0.044947166
-0.020967988,-0.02867486,-0.0028537314,0.032099485,0.022567006
0.033831984,0.026275918,-0.032526076,-0.013892304,-0.02807811
0.04415137,-0.021321759,0.03496404,-0.03441555,0.043384593
0.026791101,0.020400748,-0.04216735,-0.010312201,-0.006376365
-0.026181908,-0.010979154,-0.035226516,-0.023761133,0.042286392
0.037552018,0.020345056,0.0090756565,0.022655075,0.0071649104
-0.0044720625,-0.0087300455,-0.01962425,0.024819268,0.034243256
0.031965595,0.037652314,0.0231099,-0.05370534,0.015055072
-0.029104948,0.06087957,0.025007857,-0.031023832,-0.011724871
0.016280364,-0.01902023,-0.0043840823,0.035225026,0.021358566
0.02857972,0.0155090345,-0.016358135,0.013297864,-0.048835542
0.0405561,-0.023812626,-0.0101436265,-0.013650433,-0.028145397
-0.011554015,0.041233968,0.0019746183,0.0016369625,-0.003369202
0.033407662,-0.021145118,0.02902689,-0.0032871822,0.001379787
0.03909186,-0.040824167,-0.02814597,0.022888772,0.008663439
-0.034974784,0.011238028,-0.037768807,0.012535039,-0.0026247422
-0.04420976,-0.026884308,-0.0230482,-0.001914534,-0.008301425
0.037706494,0.03026238,0.007827865,0.009527559,-0.016868755
-0.012695066,-0.040687554,-0.011427301,-0.03330239,0.03210374
0.006128617,0.02666751,-0.00919485,-0.004023398,0.029187191
-0.024246057,-0.051677667,0.004229143,0.03795156,-0.0136554465
-0.05655732,-0.017007252,-0.019252425,-0.018533776,0.016429733
0.049809054,-0.0090715345,-0.04396649,-0.014479768,0.018552927
0.012251488,-0.0288163,0.031067431,-0.04024516,-0.025953248
-0.020726547,-0.029701084,-0.03704522,-0.016589053,0.020681614
-0.01342589,-0.018336259,0.015392295,-0.038398344,0.0152199995
-0.010618956,0.033212326,-0.009119069,0.030193822,0.042786278
0.004802334,0.033925805,-0.018715456,0.040353723,0.014863092
-0.019304503,0.019782525,0.030715391,0.018801212,0.040441226
-0.01091276,-0.040294886,0.024156788,-0.03218211,-0.0250102
-0.010385623,-0.025367359,0.03455657,-0.039979316,-0.027440736
0.01825683,0.014123982,-0.016332295,-0.0031232114,-0.021576004
0.01242426,0.024772556,-0.02400198,-0.0022601918,-0.030284531
0.0376721,0.03159864,0.0034713428,-0.023593571,0.03032506
0.009442191,0.03922024,0.0035036863,-0.038978156,-0.009266959
0.030071475,-0.03419549,0.009151785,0.050704457,-0.025509672
0.044572543,0.028286979,-0.012116207,-0.039708253,-0.036771588
-0.008769434,-0.01124567,0.04863052,0.031992506,-0.027454462
0.0025450594,-0.031895854,-0.025344322,-0.03224198,-0.035913687
0.017941533,0.042179693,-0.03092514,-0.029609604,0.0034869427
-0.0026508702,0.015877584,0.035009064,0.022608105,-0.0065825824
0.043911416,0.021634342,0.016452674,0.019528858,0.03027235
0.035262477,-0.037656344,-0.02297955,0.029226618,0.00288561
0.014131582,-0.04340891,-0.017208181,0.020731624,-0.010210898
-0.0126312785,-0.035493597,-0.04069345,-0.02316046,0.0093697775
0.014616769,-0.034151044,0.03415463,0.024234103,-0.02228832
0.059692558,0.030490674,-0.014204443,-0.023917887,-0.0061958055
0.025120243,0.026249107,-0.027158342,-0.014645448,-0.02585783
-0.0060924278,-0.008467087,0.012897341,-0.016445465,-0.04271319
-0.03494986,-0.027809178,-0.033928584,-0.006964654,0.037004776
0.027144952,-0.009314408,-0.0033088862,-0.012840038,0.018781915
0.040613327,-0.01527959,0.007993746,-0.002517545,-0.023946505
-0.022198614,-0.036624737,-0.038172122,0.04130038,0.0348683
-0.017986702,0.04679563,0.0013241859,0.0015891105,0.025187021
-0.040544216,0.03257593,-0.024368785,0.050210968,-0.003933569
-0.009514156,-0.01849493,0.028269218,-0.015105736,0.0033638112
-0.00989849,0.009138591,0.044335254,-0.019860052,-0.020964567
0.022353996,0.005766988,-0.038005784,0.014736277,-0.03414175
-0.009561505,-0.017596051,-0.042996064,0.0019117845,-0.03731541
-0.028745873,0.051279433,0.044050533,-0.008569189,0.015531151
0.010325862,-0.02563882,0.042939365,-0.028052397,0.0466005
-0.0156128295,-0.03705759,0.016043307,-0.014585986,0.026995638
-0.010126776,-0.038840737,0.018903336,-0.040239047,-0.04350664
-0.0002911815,0.0033085586,0.045858175,-0.0003581622,-0.012838406
0.0059012794,-0.0060058055,0.0121517405,0.010120468,-0.02122859
0.0027709457,0.030682916,-0.024515547,-0.04101115,-0.026646273
0.053339172,-0.0012824031,-0.0035139476,-0.037475996,0.013596186
0.00080750947,0.02668985,0.021072008,-0.012413118,0.04351281
-0.020657856,-0.028075928,-0.029023133,-0.01706929,0.031507954
0.00284248,-0.00016162643,-3.5891877e-05,0.03140962,0.021120682
0.009384978,0.027808111,0.0089317765,-0.009796014,0.026870709
-0.028253721,-0.029155096,-0.039271608,-0.034625795,-0.03308779
-0.02870502,0.0029279315,0.014932163,-0.0353879,0.010874055
-0.036563277,0.015522963,-0.0014001225,-0.037855335,-0.0157543
0.026770012,-0.028966432,-0.0038882485,0.023081865,-0.025225611
-0.0031245349,0.03278311,0.045463946,0.018936457,-0.046709154
-0.030973827,0.03751511,0.029652344,0.035238333,-0.021629116
0.02861916,0.006252002,-0.04269405,0.043625087,0.04150606
-0.034950305,0.035346292,0.0018829545,-0.023829252,0.034055416
-0.0046223854,0.037903223,-0.00060771214,0.036819145,0.024702365
-0.035505712,-0.03447007,0.0041804835,0.010899746,0.044599686
0.0043437188,-0.03233038,-0.028874839,0.011376245,0.027761847
-0.019123096,-0.009972299,-0.028410995,-0.02865041,0.007914866
0.023693223,-0.015757589,-0.025899729,0.03956908,0.03572108
-0.020155696,0.0463967,-0.027479189,0.04436349,0.019326089
-0.029452607,-0.00627714,0.0001324786,0.02905158,-0.018916361
-0.02803563,0.0095743565,-0.033284612,0.03134957,0.018070767
0.03366371,-0.016253157,0.005449428,-0.008561433,0.009748785
0.005661785,0.010462416,0.021304635,0.0096446555,-0.004367737
-0.0005794078,0.030718751,-0.048136458,-0.045375742,-0.036712747
0.031042578,-0.018634632,0.034786105,0.010264128,0.039505452
-0.024862615,-0.0018649183,0.03285886,-0.039259642,-0.044449504
-0.023177577,-0.036523677,0.004464404,0.046624757,-0.014177217
0.013592912,-0.031181205,-0.00069131615,-0.0019762458,-0.0021571573
-0.01592052,0.047457118,-0.010601673,0.00868061,-0.0004839229
