0.022579769,0.014367578,0.03513624,0.026861891,0.02750493
-0.02170311,0.005449176,0.031421043,0.011549922,0.027295316
-0.00502828,0.025598397,-0.020910544,0.013694414,-0.0030830728
-0.037157666,0.015231062,0.0066493503,-0.059244048,0.02496852
0.0068144044,0.015674792,-0.015890557,-0.0049606576,0.0053880634
-0.028546987,-0.04852661,-0.061002105,-0.0047315927,0.035687678
0.012267372,-0.019573117,-0.00018076584,0.0032777316,-0.03679785
0.009949709,-0.0130885895,0.007018949,0.026988806,0.02094666
-0.03409413,0.0220939,-0.008475822,0.06991093,0.028189775
0.0059741316,0.013369474,-0.025193993,0.019459454,0.045610204
-0.042505406,-0.0049548554,0.017936338,0.040720213,-0.04546967
-0.054248597,0.028838575,0.028279008,0.010711085,-0.13243864
-0.02256275,-0.066135906,0.022479346,0.16919592,0.08503845
-0.0042500673,-0.07362849,-0.010061405,0.099405445,0.029989395
-0.06672842,-0.053488147,0.011437501,-0.07214402,-0.057353914
0.0079464195,-0.015244305,0.053889915,0.026710115,-0.037809666
-0.036335934,-0.01856783,0.04906596,0.08065639,-0.018462611
0.04251316,0.031206887,0.03568657,0.062005322,0.039281923
0.010751139,-0.015442509,-0.029081838,-0.049258593,0.011721231
0.023497568,-0.04803801,-0.023737842,0.017490054,0.00452308
0.033140626,0.0047755823,0.0041317213,0.022202168,0.04966679
-0.0015708759,-0.027388781,0.0014399416,-0.026812522,-0.013212683
0.022026846,0.0046321154,-0.07633297,-0.046311967,-0.04618423
0.044613607,0.0150332805,-0.075051464,-0.051946897,0.0035266574
0.06723674,-0.016063314,-0.05305216,-0.04625625,0.0061144265
-0.02542008,-0.020718757,0.056771893,0.10370882,0.014130245
-0.017980779,0.12358686,0.0097548375,-0.055354647,-0.035605174
-0.10282847,0.12333518,-0.05314195,-0.11447668,-0.06608772
-0.09776895,0.008721045,-0.037334416,-0.14138952,-0.098261215
-0.07269705,-0.028846322,-0.043058313,-0.07683407,-0.020126654
-0.026338406,-0.0005293984,0.036054656,0.042532053,0.027585011
-0.018566785,-0.0045982157,-0.046369817,0.009846322,0.042974122
-0.021702807,-0.0010591146,-0.0046891323,0.044212498,-0.01717055
-0.008581664,-0.007933689,-0.004860709,-0.046795204,-0.0024990044
0.0028714528,0.016248804,0.043483373,0.06663479,0.020574907
0.024500478,-0.038648654,-0.06178576,0.024101282,0.023968752
0.025030019,-0.022305397,-0.016442249,0.0526998,0.011130597
-0.0356362,-0.015556597,-0.012487196,-0.011372974,0.06391828
-0.0198074,-0.017377013,-0.05393596,-0.015221093,0.09478242
0.040652182,-0.055640593,-0.04227681,-0.04712401,-0.021443326
0.001066761,-0.033715654,-0.05355341,-0.059925996,0.005180022
0.023875061,-0.003459396,-0.08677526,-0.033223476,-0.08010505
0.06153617,0.0012569068,-0.039874934,-0.05500282,-0.10078177
0.003464748,-0.01642331,0.07085447,0.058025718,0.0044727228
-0.013676182,0.027289161,0.05590073,0.12719668,0.13661881
0.040435594,-0.055577323,-0.039797664,-0.004897771,-0.04443653
-0.016288871,0.021043489,0.030027503,0.0019890054,-0.01980033
-0.01801738,0.040455144,-0.029431416,-0.01823612,-0.03201395
-0.03645922,0.05989751,0.01627343,0.051346023,-0.0044503226
-0.023831338,0.034207776,0.015580194,0.04417407,-0.008642348
-0.03743622,-0.05626026,-0.025606755,0.0072476584,-0.014673242
-0.0005176446,-0.0141224265,-0.055857196,-0.042103887,-0.032329112
-0.03956377,-0.026924845,0.021916276,-0.033441354,-0.0041695596
-0.0033701789,0.019971529,0.12521034,0.12411046,0.016256973
-0.04551178,-0.0004606799,0.0786873,0.09251174,0.039312553
-0.011723198,-0.013741681,-0.0494852,0.07035535,-0.015747167
-0.055419028,-0.008567345,-0.06490066,0.016297918,0.0045858044
0.020199476,-0.05856428,-0.032535437,0.01929218,0.00427782
-0.029534068,-0.03809255,-0.02689998,0.07971567,0.03462719
-0.018382356,0.009370875,-0.020390559,-0.03367271,0.015829677
-0.04697308,-0.01233305,0.009063227,0.04626416,-0.033028103
-0.090397954,-0.024223397,-0.037206348,-0.019600062,-0.084292635
0.021039871,-0.052300382,-0.05690737,0.02006906,0.003430858
-0.023718072,-0.062970504,-0.018835168,0.012633474,0.025359524
-0.03710483,-0.066943765,-0.042879514,0.0029567338,-0.0019464709
0.013199668,0.027552497,-0.0024136293,0.025437081,-0.052684546
-0.016144741,-0.050474197,0.011101301,-0.021231202,0.0006043529
0.006308346,-0.033192802,0.03545654,-0.016424159,-0.019363955
-0.009738409,-0.02653964,-0.022506803,-0.095225275,-0.01930066
-0.002358967,0.0030139855,-0.0074304505,0.015386697,-0.07013957
0.047706075,-0.04274577,-0.007544643,0.0051159244,-0.07927892
0.046801854,-0.006851811,-0.0584744,-0.04209599,-0.08111669
-0.035933916,0.009271552,-0.0071356418,0.015975261,-0.047352936
-0.027446248,0.0758466,0.09186889,0.06703588,0.009404827
-0.049710795,-0.005147918,0.049496423,0.040436663,0.015641924
-0.07985541,0.035915263,0.037573017,0.023720082,-0.047497313
-0.018770412,0.015130815,0.0038286657,0.0043976107,-0.047214456
-0.018165287,-0.038939793,-0.03220609,-0.047537744,0.011836695
-0.047989134,-0.07089396,-0.10994113,-0.05631981,-0.015156697
-0.005645801,0.017048975,-0.052777994,-0.056980617,-0.048157517
0.00076313596,0.044512864,0.009580327,-0.027057976,0.06698996
-0.028822558,-0.018144526,0.06742526,0.046754368,0.055485446
-0.040837523,0.006716854,0.09088888,0.050867323,-0.016143145
0.053346217,0.022915589,-0.05002713,-0.05699991,0.008597516
-0.007466105,0.015561588,-0.0053703394,-0.018436668,-0.017255548
0.009376008,0.00988489,0.004916594,0.020972166,0.056328602
-0.032849617,0.015456833,-0.027223578,0.019695409,0.046073686
-0.030887362,-0.0030318983,-0.017106654,-0.028140947,0.05296169
-0.0044953516,-0.049508587,-0.07773628,-0.0051588146,0.07479616
-0.016712954,-0.054060318,-0.038785275,0.008277266,0.049064826
0.052519027,-0.01963166,-0.050600007,-0.02647215,-0.045961272
-0.0064238063,0.011177752,-0.036089044,-0.008688689,-0.00019380235
-0.022599557,-0.0123875085,-0.0010231714,0.018243914,0.011324932
-0.050487995,0.018590525,0.068666086,0.0009435949,-0.02654166
-0.0049559264,0.006072528,0.05914085,0.11739382,-0.0013229749
0.026175926,0.019009765,-0.061414838,0.027141869,-0.017903876
-0.039308988,0.020173354,0.012912613,0.024520846,-0.0559073
-0.058522366,-0.04321137,-0.0742138,-0.033240102,-0.009554329
0.008385496,-0.06325634,0.012748865,0.07129978,0.018246982
0.009230668,-0.031934224,-0.05567691,0.023991244,0.06047049
