0.034541618,0.012376811,-0.006098884,-0.046658047,0.027133547
-0.015209205,-0.033804614,-0.027182888,0.016400974,-0.015404673
0.052105576,0.0016949087,0.015338705,0.020511018,0.029148608
0.050905835,0.012586212,-0.032608576,-0.015042684,0.023986023
-0.02520898,-0.0512744,-0.04806552,0.030084979,-0.0390498
0.02177386,0.020424142,-0.03802515,-0.027362825,-0.05418216
-0.04819852,-0.019313961,-0.03321811,0.001168176,0.025063325
-0.07907813,-0.06076888,-0.060186774,-0.05685676,-0.009268224
-0.010613215,-0.05837784,-0.0575715,-0.019530183,-0.035282634
-0.026523964,-0.031782568,0.04332908,-0.013838937,0.024095014
-0.0632989,0.003808885,-0.01231497,-0.03711304,-0.040585577
-0.0055954806,-0.048272863,-0.07087291,-0.102714956,-0.02647383
-0.027787162,0.005896482,0.031699773,0.054890152,0.050305903
-0.0513247,0.01571417,0.110892996,0.07031871,0.032222375
-0.116314225,-0.11211728,-0.07445586,-0.0750762,-0.07334864
-0.06320021,-0.028937913,-0.03527734,0.0056038457,0.03287641
-0.059793808,0.03402126,-0.022229051,-0.029252758,-0.033595122
-0.010161532,0.00025182054,0.058206055,-0.0021320768,-0.041504763
-0.034316566,0.03277523,0.028947264,0.05949993,0.03634042
0.00914649,0.044588525,0.013422594,0.01766642,0.007817722
-0.007279657,-0.050690837,0.020672213,-0.00032232195,0.060732976
-0.023349436,-0.053348362,0.012419309,0.059692774,-0.01913112
-0.00974755,-0.022968281,0.003168893,0.014965648,0.010317714
0.018712293,-0.046982504,-0.018169701,-0.06473395,-0.07412044
0.014029459,0.022520857,0.0077424184,-0.031163085,-0.032743454
0.042159494,0.07789564,0.10513712,-0.026083896,-0.027110849
0.14371343,0.11966758,-0.06730821,-0.062079404,0.016969508
0.15332645,0.03999182,-0.09685132,-0.05220726,-0.04328451
0.113263816,-0.041096088,-0.1027039,0.0046075354,-0.014658999
0.052617,-0.08518753,-0.039865546,0.075295255,-0.023032118
-0.018856527,0.025131019,-0.04053781,-0.049831375,0.0077180485
0.05513315,-0.058068935,-0.07217027,0.021413792,0.06787257
-0.006382776,0.0066411668,-0.029033735,0.03489186,-0.01821206
-0.025304083,-0.04256762,0.0041457517,-0.021502988,-0.041902967
-0.032724507,-0.01756788,0.014255291,-0.040847987,-0.05776123
0.00080857787,-0.043621536,-0.014246963,0.039501354,0.03471069
-0.05959461,-0.039060768,0.0092790425,-0.019280024,0.019661425
-0.07402421,-0.022750681,-0.06596715,-0.041225795,0.027762504
-0.023037473,-0.018084697,-0.08548972,0.04941531,-0.01726705
-0.07002961,-0.07795124,-0.008570327,0.03952674,-0.040046666
-0.01823248,-0.034237646,-0.005644689,-0.015884416,0.0039123897
-0.05057852,-0.08185345,-0.00561386,-0.044704027,-0.004206212
-0.14314362,-0.02836274,-0.03931644,-0.07160689,0.0038465615
-0.09463632,-0.10200425,-0.10318586,-0.0069415565,-0.04401176
0.04037662,0.05030357,0.055182792,0.055747148,-0.022057734
0.0073081753,-0.037617177,0.035947897,0.003429763,-0.052183874
-0.04319962,-0.049226668,-0.013523517,-0.004134575,-0.049469143
-0.016732192,-0.050685026,-0.0031825854,-0.04584947,-0.035421364
-0.022359882,-0.07386871,-0.01841926,0.034336887,-0.04352968
-0.027753908,0.026662461,-0.012687308,-0.035956223,-0.037983585
0.0017624511,-0.02331902,-0.04962786,-0.0013616288,0.0005469151
-0.09384158,-0.0033457237,-0.011475459,-0.0273209,-0.039126676
-0.042896062,-0.08549622,-0.028097548,-0.022969598,-0.0017303515
-0.027938906,-0.052148078,-0.014446385,-0.017972736,-0.027967703
0.045875788,-0.0011920569,0.07515433,0.034696884,0.028144505
-0.038143966,-0.037986204,-0.012504595,0.026588796,-0.007562837
-0.038479816,0.011151346,0.005355263,-0.016774982,-0.012049092
-0.036303505,-0.040663958,-0.018160494,-0.017995292,-0.03490418
-0.050143804,-0.0050481386,-0.024035942,0.082873814,0.047326583
-0.026584411,-0.040378537,-0.013175903,0.0048752474,0.04415136
-0.05644463,0.03923101,0.0030893404,-0.02786832,-0.030436823
0.06587835,-0.03222196,-0.0042533977,0.02050659,-0.009565829
0.08818076,0.032407384,0.01733464,0.050307438,0.05025192
0.029497122,0.04744091,0.031022621,0.039303906,0.06276684
0.013629469,-0.04251677,-0.00773093,-0.010468409,0.012385689
0.024761004,0.016483398,0.011586664,-0.031177709,-0.03235027
0.042038176,0.0026595825,0.0060698446,-0.048972044,-0.0462044
-0.033352923,0.0029758757,0.010090901,-0.009021893,-0.008009161
-0.05755653,-0.017136734,0.026295936,-0.021415802,0.018685345
-0.058918223,-0.023431005,0.0036343706,-0.057885237,0.0011485311
0.059209652,0.0016727059,0.02204334,0.000110107016,-0.009552259
0.023579394,-0.012182469,0.01908869,0.013357056,0.017793488
-0.08656326,-0.06685537,-0.05697994,-0.037846114,-0.053776983
-0.09903325,-0.102616526,-0.021206288,0.012999249,-0.004839672
0.0077732815,0.03164109,-0.012520837,-0.0016403634,-0.021589646
0.031071091,-0.029070556,-0.028239915,-0.05000382,-0.004796779
0.03755258,0.017094942,0.009517344,0.03336149,0.04577007
0.04325391,0.004245715,-0.031706136,0.058244467,0.02064494
-0.030972471,-0.030641241,-0.017895816,-0.003649775,-0.011327933
-0.0033405467,-0.06917911,-0.032062173,0.013653374,-0.03639067
-0.042838775,-0.037580285,-0.008420729,0.02006185,-0.009414137
-0.054415155,-0.016000785,-0.036623597,0.042186037,0.011752139
-0.049934544,0.00032314775,-0.006235629,-0.0059520775,-0.049727403
0.027137745,0.04026958,0.020298868,-0.043949433,0.034807663
0.006751756,-0.021018954,-0.042272914,-0.016116608,-0.047151934
0.002970782,-0.02836588,-0.037768397,0.017538251,0.008260575
-0.03690857,-0.044442657,0.043214668,0.026692733,-0.031691745
-0.08941462,-0.050793935,-0.02486258,-0.0175315,-0.043781303
-0.054965213,-0.07698154,0.004209568,-0.020074064,-0.036244567
-0.06597134,0.0064904247,-0.014602561,0.0029308228,0.043143947
0.009418234,-0.00827232,-0.040777273,-0.03752481,-0.009948225
-0.060074378,0.011942057,-0.0061277435,-0.0055605527,-0.014708782
0.0012236503,-0.038913805,-0.020540582,0.010933956,-0.008474654
-0.034901645,-0.020850861,-0.03899984,0.012856796,0.012664261
-0.061210558,-0.020792538,0.024053931,-0.024713336,0.013188281
-0.01855406,-0.07349078,-0.018082201,0.02272807,0.03518581
-0.01933611,-0.04458831,0.015239977,-0.022137357,-0.030886553
-0.07262308,-0.024215361,-0.051782686,-0.048411217,-0.03499858
-0.10025841,-0.02612538,-0.037880972,-0.024394128,-0.0058938167
-0.005871868,0.0028782557,0.020420928,0.040893342,0.0124656465
