0.03787399,0.039998934,-0.019455459,-0.002630118,-0.010063292
-0.024301227,0.02589464,-0.05014536,0.042962305,-0.031538587
0.011022851,-0.018371819,-0.023980433,-0.013185021,-0.059966825
0.024356164,0.017448628,0.01757498,-0.008609623,0.03440092
-0.05597706,-0.025025418,-0.019184364,-0.016775005,-0.05008473
-0.03361736,0.007016847,0.02431533,0.016955389,-0.01931359
0.029090961,0.033035148,0.01693168,0.082124665,-0.027826043
-0.013518123,0.034966394,0.02396383,-0.016283425,0.016171457
0.035731025,0.045300923,-0.007293064,-0.024350353,-0.024015691
0.02681238,-0.039194215,-0.05249116,-0.007944893,0.026777808
0.05047213,0.07525469,0.0694971,0.036201525,0.055752035
0.021971695,-0.018856868,-0.09727404,-0.12703852,-0.15453708
-0.04750662,-0.057720408,-0.042068824,-0.124619715,-0.12213358
-0.110908896,-0.05914212,-0.1375203,-0.14799608,-0.08787885
-0.032223925,-0.062695265,-0.10239634,-0.14777778,0.003131961
0.03880526,0.03335451,0.04648281,0.0075112907,-0.015564944
-0.009960278,-0.03174375,-0.004945607,0.0035145706,0.049411803
-0.0102735115,0.027628249,-0.012283655,0.036179807,0.04104597
0.005641986,-0.01244797,-0.0129950745,-0.034019046,0.017135844
-0.028955452,0.0064725373,0.0073922314,0.00783447,0.062137205
-0.03624658,0.013357977,-0.063630216,-0.104639195,-0.007862851
-0.04111308,0.014068353,-0.024863342,-0.08364242,-0.011052742
0.026858514,0.0075752325,0.04254315,-0.04746409,-0.02632671
0.027710592,0.0118851075,-0.04434524,-0.022882098,0.068624824
0.019774465,-0.052487068,0.012882438,0.050633457,0.018309444
0.040614817,-0.03226926,-0.010525561,0.006848583,0.019014658
0.060805332,-0.002991823,-0.093119845,0.19623078,0.1617707
-0.029443478,-0.016944097,-0.010710989,0.22358985,0.0459313
-0.04497994,0.07125069,0.05442601,0.14900297,0.013046264
-0.034965392,0.09356054,-0.020231534,0.08985195,0.028576663
-0.04350159,-0.018956607,-0.00071459834,-0.021161865,-0.06402969
0.025902506,0.018213704,-0.011401471,0.049225245,-0.069697835
-0.045917735,0.011520468,-0.0041257553,-0.06877986,-0.023983676
-0.049497057,0.047509737,0.020498171,-0.0028405525,0.02404142
0.029154593,-0.032210108,-0.00363059,-0.0007813687,-0.027570471
-0.02781387,0.033456814,-0.032362383,0.012281914,0.015149488
-0.0031957845,-0.04054413,-0.015153309,-0.003929965,-0.015260049
-0.020751614,-0.035576396,0.04389186,0.0003192116,-0.027366485
-0.01232758,-0.005143252,0.024382707,0.012972671,-0.024475873
0.0021732124,-0.014233166,0.026656156,0.03726885,-0.05234602
-0.047018487,-0.048413113,0.004414643,0.052073263,-0.044237085
-0.00447277,0.018405119,0.10605011,0.08109149,-0.040804043
-0.00066460116,0.07109191,0.023905149,-0.03851277,-0.093149364
0.10560247,0.040453695,-0.002188128,-0.06620861,0.013483021
0.066265084,0.01165869,-0.046140414,-0.011168581,-0.08340931
0.0011311803,0.0039985627,-0.025411298,-0.02317428,0.015869608
-0.018932363,0.046669874,-0.0067748916,-0.008257955,0.029844932
-0.024605885,-0.020688342,-0.023275018,0.03503331,0.006100737
0.0067097284,0.007119083,-0.004183612,0.0324107,0.024425838
-0.00984031,-0.006573458,-0.018404936,0.010038897,0.054661877
-0.006330249,-0.01407442,0.053344518,-0.008263766,0.00940374
-0.009618809,0.09510938,0.06448022,-0.031020492,-0.018833322
0.046750486,0.02334132,-0.024477001,-0.05645977,0.012158925
0.008180776,-0.0140379,-0.064009264,-0.025110073,0.012795195
-0.036856603,-0.01263398,-0.041228835,-0.016596952,0.03721259
0.015070682,-0.020608822,0.022581417,0.11398058,0.058588773
-0.01067517,0.016989866,-0.022359343,-0.0003956935,-0.03598857
0.0010989619,-0.0007969933,-0.07593071,-0.039386496,-0.092474595
0.017178034,-0.03327724,-0.04041328,-0.0060665733,-0.04767469
-0.058294434,-0.00015763381,0.024060145,-0.010383683,-0.046498533
-0.032351606,-0.011669434,0.019093713,0.07237979,-0.024481274
0.039530657,-0.008781753,-0.053983483,0.0044380417,-0.018077653
0.01872277,0.036299024,-0.043031644,-0.0074670413,-0.07360823
-0.049269162,0.019607427,0.014027908,-0.034348458,-0.082993954
-0.037433404,0.0064260964,-0.04231699,-0.06035417,-0.04753893
-0.05963424,-0.03399881,-0.08570186,-0.07380106,-0.08172517
-0.03032586,-0.04090305,-0.0061785514,-0.09368154,-0.06613464
0.012515962,-0.011768446,-0.016562881,-0.08755366,-0.074843474
-0.06350839,-0.0037292275,-0.015606909,-0.074224345,-0.053424556
-0.021765089,0.0071184537,0.006775214,0.013178242,-0.055154115
-0.02642694,-0.03769823,0.015804136,0.008070745,-0.1112759
-0.053054363,-0.04476213,0.055399124,0.028358335,-0.05177006
-0.032338023,0.010762336,0.010106876,0.026105149,-0.047108606
0.04805632,-0.035625957,-0.056707945,0.05211586,-0.04942387
0.04382274,-0.041569438,-0.028734766,0.050285205,-0.021388128
-0.054558914,-0.006311159,0.007943496,-0.022403901,0.016119082
-0.0126875825,0.010841396,-0.043918043,-0.11527274,-0.099066705
0.022347951,0.033043645,-0.008224027,-0.0073155835,-0.06393225
0.007675773,-0.0055375937,0.008238645,-0.083576836,-0.074552394
0.034582775,0.0055471426,-0.051937465,-0.008744792,-0.03239027
0.04194947,-0.045945585,-0.04897692,-0.028247874,-0.007329092
0.037538607,-0.045187064,0.009823641,-0.08274979,0.039688807
-0.03450055,-0.034648925,-0.0016555038,-0.013858366,0.081860416
-0.019817743,-0.044089075,-0.046523962,-0.0009128401,0.071416624
0.0019726143,0.028241426,-0.006373586,0.0590818,0.005500439
-0.028925143,0.0301261,-0.06266501,0.027827831,-0.03936721
-0.06326942,-0.06452052,0.051832158,0.053427715,-0.070150696
0.040478483,0.0015697707,0.034434155,-0.03468185,-0.016212327
0.018054498,0.09784208,0.04400386,-0.010065064,-0.0050436137
0.056186028,0.028653828,0.024974372,-0.025118748,-0.046355978
-0.061511993,-0.04464956,0.020608293,0.06648543,0.02554347
-0.050235093,0.012535437,0.06535638,0.11596777,-0.021281624
-0.065199465,-0.035426274,-0.046181086,0.056105033,-0.032897376
-0.036645833,0.029980997,-0.049391907,-0.0072701294,-0.04140787
-0.030073129,-0.03778394,-0.051036436,0.0131382765,0.040936116
-0.0014890297,-0.044023793,0.051312953,0.07230487,0.04514855
-0.04671982,0.048096232,0.041958306,0.01022601,-0.013009222
0.061799128,0.091375,-0.009899387,0.014389273,-0.006551321
0.021511817,-0.018778339,0.02572046,-0.016436711,-0.053123634
0.0062964675,-0.022509431,-0.039878983,0.0034459715,-0.050897203
