-0.0132120345,0.025549395,-0.023849538,-0.042972498,0.030327598
-0.005308919,-0.019518383,0.025849614,0.0020728463,0.057190705
-0.020793246,-0.029221838,-0.0040600463,-0.0183041,0.014868561
0.03309782,0.029772116,0.022683637,0.04124657,-0.021753175
-0.038497064,-0.048982017,0.0011622135,-0.027922016,0.028647365
-0.0279176,0.054032,-0.020154687,-0.02672767,-0.0011011466
-0.04961576,-0.047270905,-0.013979259,-0.07795076,-0.016226815
-0.03890026,-0.02124122,0.03876864,-0.03337347,0.006132271
0.021374216,-0.013802994,-0.007635978,0.021970661,0.06594902
0.017727487,-0.019795509,0.02475609,-0.007889179,0.022036137
-0.102443196,-0.1331468,-0.04070119,0.06987759,0.120852225
-0.06377702,-0.03650701,-0.09565219,-0.048615057,0.051910523
-0.046855785,0.02042822,-0.1170199,-0.093639545,0.055922054
0.0534432,-0.014256431,-0.019396476,-0.062012058,-0.099900134
0.03221447,0.04446212,0.084237136,0.038848903,-0.06852004
-0.006269424,-0.038138874,0.0224902,-0.006425288,-0.021823766
-0.011528364,-0.048218273,-0.05853716,-0.05192935,0.011829556
0.036505483,-0.058710154,0.016047055,-0.050387528,0.025015099
0.010554031,0.014810992,-0.002730489,-0.012517592,-0.059807662
-0.011255652,-0.028026132,-0.03975425,-0.07708744,-0.07988214
0.014767688,0.033629864,0.041992776,-0.025921728,-0.042099625
0.023980798,-0.0328386,-0.039322432,-0.06045507,-0.058243908
0.015199098,0.008628346,0.023528557,-0.020694854,-0.017490411
-0.0056214994,0.016034307,-0.013965128,0.027593184,-0.0126966415
0.017683754,-0.009364132,0.048132937,-0.0061827083,-0.047222476
-0.0036648805,0.08149255,0.11318678,0.035477992,-0.019704532
-0.08677473,0.03694012,0.13445982,0.09986704,-0.084553696
-0.04937281,-0.003640634,0.08103788,0.070021525,0.0060422705
-0.042665243,-0.067091554,-0.13976452,0.07818807,0.030245556
-0.09331295,-0.09800945,-0.054848935,-0.057488002,-0.025984993
-0.01961057,0.011054549,-0.027926063,-0.0106764715,-0.033892434
0.009136928,-0.01664522,-0.021439241,-0.06866854,-0.06575963
0.0057494636,-0.013148973,-0.039838757,-0.080238454,-0.046153195
0.037646122,0.0058353245,0.069382675,0.038426463,0.03859229
0.010906476,0.037014607,0.091056734,0.07438503,0.00825621
0.03022068,0.006331774,0.020381682,-0.06037858,-0.051923044
-0.027645346,0.009941536,-0.05417201,0.006095504,-0.051591802
-0.01730716,0.00042422468,0.014789143,0.035864886,-0.03696426
-0.0015152388,0.050847504,-0.006278599,0.052097052,-0.028067345
-0.0016336739,0.064512536,0.011937073,0.010879827,0.022218168
-0.020628521,0.02558041,-0.02304723,-0.11532793,-0.027581211
0.01938944,-0.010195677,-0.08892429,-0.0803116,-0.08993435
-0.04857162,-0.020544207,-0.06571295,0.018396672,-0.08153321
-0.00986666,0.023418322,0.024805553,0.025426455,0.0889841
0.02319997,0.06245574,0.07823577,0.04487285,0.012745588
-0.024846405,0.0034350196,-0.037497737,-0.02245407,-0.04841251
-0.032307032,-0.03632064,0.010599054,0.0439333,-0.018628083
0.008320978,-0.028140845,-0.008282829,0.04814858,-0.039340526
-0.047397275,-0.035235494,-0.031224422,0.0035744302,-0.048660625
0.015134735,-0.01734959,-0.055998288,0.041647986,0.04326912
0.010849529,-0.005765568,-0.0641177,-0.048481833,-0.07069144
-0.068817504,-0.005947734,0.013764887,-0.06676196,-0.0007795898
-0.05801335,-0.047257543,0.0026754397,0.059679575,-0.04329762
0.01018839,0.019765332,0.005257768,0.07521837,0.06447308
0.036705688,0.054958794,-0.0058070426,-0.055215266,0.031605057
0.009181808,-0.00022486222,-0.003669469,0.020335888,-0.008998447
-0.056465752,-0.008791008,-0.07234833,-0.029896338,0.006176795
-0.029256027,-0.06321012,-0.00086244993,0.009814336,0.021813883
0.012033446,0.018201815,0.05818399,-0.024250474,0.015868291
0.007246692,-0.003033084,-0.00906424,0.03415357,0.058866773
-0.026133882,-0.017732646,-0.017845735,0.039548177,0.06428605
-0.03301126,-0.041163556,0.035249945,-0.015021519,0.003746695
-0.016695546,0.01920436,-0.073681355,-0.04790012,0.013949396
0.044420145,-0.029059887,0.01637837,-0.049350098,0.00032713817
-0.027222523,0.027696993,0.07700312,0.030690653,0.01944566
0.00511666,-0.017786533,-0.09091984,-0.04020723,0.050099894
0.0128459865,0.025678447,-0.022907829,-0.035999514,0.024412591
0.03898923,0.026786765,-0.02007029,-0.091347374,-0.086512424
-0.02391059,0.017217295,-0.030012073,-0.055300187,-0.07579462
0.032448545,0.009350867,-0.022421207,0.007101798,-0.010857824
0.06858997,0.014325074,0.006841175,-0.033556808,-0.049234107
-0.013575307,0.05627274,-0.033164877,-0.07308576,-0.094224915
0.0066571897,-0.015286009,0.063645616,-0.013771514,-0.06344289
0.037800573,0.056795616,0.012989682,0.08464819,0.0782953
-0.008026595,0.040892415,-0.03808336,-0.036165304,0.0356284
0.0156098325,-0.051719286,-0.009327551,-0.04650495,-0.014782254
-0.02004949,0.016193513,-0.060886033,-0.0684469,-0.02923875
0.024669392,0.03839046,-0.0314874,-0.030436404,-0.046288613
0.0055637998,0.0017777571,-0.032868855,-0.00447529,-0.060886815
0.00903241,-0.0029703344,0.0696824,0.06511678,-0.03686347
0.032092016,-0.034615215,-0.02023415,0.015477257,0.0033666461
0.037888955,-0.023388293,0.011204933,-0.004119444,0.011585935
0.012810634,0.0079650385,-0.003342584,-0.014156547,0.062423345
-0.002801597,0.005689633,0.036253717,-0.009724714,-0.038494002
-0.02737254,-0.030202731,-0.0025433772,-0.06462735,-0.002392133
-0.030841874,0.040575635,0.009299283,-0.047186397,0.024360107
0.013354958,-0.043806322,-0.008381102,-0.067520715,0.0015793722
-0.0047393255,0.014291715,-0.03512092,-0.03570753,-0.03864655
-0.060688198,0.030074352,0.061349083,-0.020197593,-0.022000069
-0.025994377,0.039575946,0.015521844,-0.07078919,0.025622841
0.01814852,0.076190874,-0.050023295,-0.032901008,-0.04527371
0.005740876,0.02590797,-0.038318273,-0.057473797,0.012656578
-0.060593195,0.024925254,0.0042128363,0.0067368136,0.007868277
0.037887488,-0.050805025,-0.034781285,0.12614918,0.097327836
-0.045684878,-0.009198262,-0.05209499,-0.023886545,0.052791413
0.020759815,0.02037252,0.01323434,-0.038082413,-0.08094869
0.012081128,0.019378925,-0.005287266,0.016345277,-0.021543313
-0.03279782,-0.05973793,0.031866748,-0.05295466,0.021416387
-0.033926655,0.048431676,0.017041963,0.0064043077,-0.013782505
0.011024765,0.020809136,0.0067573353,-0.034336846,-0.04003222
