0.011479768,-0.004919589,0.034202904,0.006229737,0.019170089
-0.0070402166,0.01231732,-0.01983543,-0.014177207,-0.0010886757
0.039191578,-0.0021376621,-0.027797913,0.025180062,-0.013306496
0.040006343,0.034397367,-0.028921893,-0.02975242,-0.042495746
0.01100104,-0.03750279,0.00240948,0.035420906,0.022161264
0.02943262,-0.010200895,0.019758224,0.022673301,0.039291624
0.0034658255,-0.027951563,-0.045288306,-0.044061143,0.026008973
-0.018998858,-0.011613813,-0.030708505,-0.035652872,-0.036802065
0.02566724,0.018715965,-0.034018453,-0.01580934,0.009539212
0.023356022,0.03193422,-0.020007608,0.04688531,-0.023665663
-0.013011985,-0.01236061,-0.009085928,-0.018298823,-0.023886215
0.037864387,0.014224381,0.0003518154,0.03334814,-0.020402206
-0.020414542,-0.0049173175,-0.03422608,-0.03319022,-0.025537433
-0.01485657,0.01417535,-0.045344103,0.026425445,0.026079359
-0.027186103,-0.03706716,0.026470434,-0.05417806,0.012755031
0.015921457,0.0074730036,0.010034464,0.004876388,-0.035926122
0.033385243,-0.043180507,-0.033676676,-0.014548392,0.045311574
0.0015083661,-0.0009712838,-0.035125066,0.040494435,0.008712158
0.018495271,0.042113848,0.028675852,-0.028400324,-0.030033346
-0.024929188,0.00735813,0.031186482,0.0022267925,0.02180675
-0.036347218,-0.030271247,0.0072546676,-0.033385426,-0.020209095
0.024233878,-0.035895213,-0.02866645,-0.038973887,0.029108036
-0.03842662,-0.023210423,0.004759552,-0.009200269,0.03137061
-0.026905539,-0.033371456,0.013005403,-0.0056460206,-0.019999899
-0.012251288,0.007860615,0.014525228,0.013333209,-0.022416832
-0.016364465,0.0067968504,0.05903863,0.04856321,0.025576588
-0.036853053,0.0037888077,-0.02215848,0.034207236,-0.013282387
-0.016645608,0.014891402,0.04361645,-0.029845992,-0.02110705
0.027004113,0.036058947,-0.033933356,-0.040056616,0.008950192
0.051352248,0.0033442609,0.015319894,0.045360755,0.030715104
-0.028722089,0.002108333,0.03403444,0.0056786886,0.029824557
-0.014143806,0.0012284676,-0.01765896,0.011051823,0.004261949
0.0024441604,-0.018307492,-0.010937891,0.043754175,0.014410346
0.032561466,0.01044983,0.029204486,0.032948717,-0.006917411
-0.002041001,-0.044913292,-0.0027539132,0.014166654,-0.0006816147
-0.04275309,-0.012594336,-0.028351123,-0.016808808,-0.02933805
0.042400353,0.007248415,0.013725399,-0.0103405565,-0.036040902
-0.026639147,-0.00684586,0.035578366,-0.0427697,-0.037106384
0.004361311,-0.026403788,-0.017286249,0.013968223,-0.011349904
-0.025305822,0.034145236,-0.0226452,-0.033167303,0.011829215
-0.004169183,-0.016120996,-0.025006328,-0.044774886,-0.030190684
0.013026656,-0.024876004,-0.046556253,0.0023298028,-0.035360456
0.037729956,-0.034802124,-0.003932725,0.02800148,0.005245069
-0.03904155,-0.030491946,-0.022988912,0.016722603,0.043899056
0.0045373505,-0.022774197,-0.020585332,0.0009306632,0.011179105
-0.041511014,0.0055016037,-0.012362744,0.021755744,-0.011236165
-0.01696279,-0.028124891,-0.01773045,0.027370367,-0.027031513
0.0026198006,0.024124408,-0.042690214,-0.008514555,-0.024571802
-0.04028216,-0.028897863,0.005578284,0.014199872,-0.031886395
0.035138894,0.039491765,-0.032525536,0.000319319,-0.00014119879
-0.0036809118,-0.03718695,0.023748953,0.004095846,-0.017970316
-0.018152306,-0.0477575,-0.033236794,-0.020194618,0.0177173
-0.0004448759,-0.043605443,-0.03768613,-0.0027324262,0.04346739
-0.03695892,0.014521025,-0.016832052,0.0010051074,-0.015316087
-0.0068780817,-0.009146725,-0.029967615,-0.020221995,0.0050225416
0.02874226,-0.014473697,0.026119264,-0.020230329,-0.02697718
-0.041996066,-0.021480639,-0.0061805476,0.007359564,-0.03742426
0.018964943,0.016131839,-0.03768921,0.010446278,-0.03487385
-0.029663473,-0.016382834,-0.038770117,0.04369167,0.02708406
-0.0009876075,0.0077823494,-0.047662262,0.00082230166,0.011425368
0.013290056,0.040240213,0.020852499,-0.014021833,-0.004118
0.019023005,0.043612912,-0.01510223,-0.0142834205,0.0063656936
0.0016292892,-0.015775228,-0.0036841077,-0.0070807487,0.012311928
0.022338714,-0.011296269,-0.001094044,0.011243671,-0.03657624
-0.018330222,-0.03434279,-0.0012749436,-0.0028513903,0.02091393
-0.026052382,-0.027111895,-0.04942004,-0.050763387,-0.022347452
0.0098144505,0.0359712,-0.030264104,-0.040932026,-0.038318474
0.026813872,-0.02008841,-0.016606165,-0.04454075,-0.019337883
-0.034855258,-0.03948204,0.0058666696,0.0034480933,0.0072300117
-0.042637,-0.0013677778,-0.026881753,0.015246748,-0.014986412
-0.04715585,-0.021327794,-0.027633477,-0.020682247,0.013067996
0.040790513,-0.031864725,-0.033660837,0.032710187,0.008298795
0.020213382,0.007707192,-0.024123529,-0.05350615,0.022542953
0.037357494,-0.020392803,-0.037794698,-0.044493183,0.030089254
0.03864288,-0.020309787,0.021404378,-0.028097413,-0.0135663245
-0.013623224,-0.030420529,0.02357236,0.02786193,-0.025773175
-0.03461918,-0.028785184,0.0033081132,-0.022672664,-0.024762444
0.005359974,0.017306507,0.009494793,-0.013723824,0.011695081
-0.033486534,-0.023541173,-0.045007203,-0.04040579,-0.037180677
0.0127642285,0.011120181,-0.011855844,-0.0004899259,-0.006967426
-0.022152256,-0.0042650285,0.0013452786,0.035286725,0.04143753
-0.040109295,0.036286846,0.009488503,-0.018499985,0.05008343
-0.010435027,0.0048140856,-0.0058728433,0.00010986495,0.026667826
-0.032441497,-0.030953627,5.9829934e-05,0.001662578,-0.031614024
0.039396316,0.001595971,-0.01334421,0.020166174,0.0029178194
-0.012977261,0.017543785,0.02996026,-0.016103005,0.0177472
0.0024168792,-0.029077807,-0.026455706,-0.038097367,0.006020562
0.0012970023,-0.007770353,0.0063878465,0.010186913,-0.016722947
0.008382553,-0.014447398,-0.02064155,0.0003396818,-0.026624689
0.041618396,-0.041709922,0.0077398764,0.013568559,0.013054742
0.009638798,-0.02019149,0.01009402,0.03489066,0.006777928
0.021545697,0.013660003,0.0156682,-0.014808106,-0.04277734
0.035003904,-0.039940197,-0.014463119,-0.009567238,-0.028116625
-0.010327687,0.003371665,0.0001365239,0.0022429288,-0.01658797
0.004887147,-0.008554652,0.0076594013,-0.021535123,-0.04137571
0.012841469,-0.037987713,0.031895854,-0.0394984,0.009578725
-0.013436765,0.016023858,0.03160386,-0.028101375,0.016933741
-0.036815844,0.02439976,-0.01710211,-0.0060016834,0.044965018
0.028336952,0.033115905,-0.03360235,0.031730518,-0.021433046
-0.026409948,0.034457482,-0.03526059,0.0364614,-0.026650524
