-0.026179355,-0.09276347,0.01237244,-0.02067518,-0.038905583
-0.042587023,-0.089440614,-0.18270814,-0.08642562,-0.051784325
-0.098663904,-0.13102178,-0.021167235,0.031143213,0.11470558
-0.074657954,0.009871879,0.021404197,0.0014881634,-0.020359026
0.014844071,0.048790645,0.018751873,-0.11610284,-0.015265333
-0.020607322,-0.075472735,-0.07892351,-0.081020586,-0.060932286
-0.11524996,-0.091221705,-0.058116917,0.004672518,0.04126642
-0.06384054,0.0563066,0.019573381,0.08065173,0.06371085
-0.022774125,-0.0016377836,-0.058103837,-0.044064667,-0.055779595
0.030261654,0.031574707,0.054073986,-0.034451593,-0.036748797
-0.000797245,-0.039721224,-0.056187052,-0.06742066,-0.02372591
-0.054200836,-0.029295184,-0.034513716,-0.0065654116,0.0027726265
-0.011459964,-0.032057893,0.06543435,0.09789162,0.0023088427
0.033635724,0.0902834,0.051310457,-0.017560136,-0.031859916
0.042898208,-0.0071528214,-0.010296893,-0.038597185,0.012419743
0.01587032,0.002568994,-0.02590475,-0.005051973,-0.047622986
-0.024754072,-0.09907072,-0.050527047,0.029901255,-0.03678573
-0.030909756,-0.0310209,0.09364715,0.0827329,-0.0055540684
0.012174858,0.013912209,0.031228675,-0.069909975,-0.073951095
0.06303327,0.055506576,-0.021575196,-0.061350267,-0.019831033
0.019106261,0.0077513447,-0.026222883,0.031224346,0.022430439
0.00945136,0.06358531,-0.039552517,-0.049527388,-0.012509118
0.047968097,0.019412104,-0.04863527,0.016222145,0.014100105
-0.0050029363,0.012643572,-0.0076001277,-0.013119635,-0.017145336
-0.023813857,-0.03511467,-0.008420551,-0.023619499,0.021394657
0.007293763,-0.07274756,-0.09415728,-0.023956893,-0.048059158
-0.026633963,-0.0628634,0.025006067,0.10196238,0.05839222
0.013113123,0.0365151,0.04120987,0.023027226,-0.008084608
0.014636411,0.02471192,-0.0142681785,0.017790705,0.031469937
0.0011354482,-0.04712763,0.01135518,-0.046445806,-0.032468088
0.0110901585,-0.032295447,-0.048158906,-0.046832606,0.002399253
-0.032811586,0.03301886,-0.01387925,-0.033278726,-0.043729026
-0.019928277,0.034749787,-0.030176511,-0.051476315,0.019575406
0.01256846,-0.032050222,-0.01366324,0.043003157,-0.017487986
0.023829445,-0.023244826,-0.033167437,-0.0308239,0.04645943
-0.015880851,-0.041025475,-0.038564097,-0.0015027825,0.027477918
-0.011375137,-0.008271676,-0.0053189765,0.018147841,0.008034864
-0.059429377,0.020424016,-0.00828981,0.020526258,0.01982371
0.014194916,0.004155097,-0.00831565,0.003795502,-0.03475999
-0.020274997,0.04653446,0.049461264,-0.039792396,-0.042303443
0.019498713,-0.020188691,-0.026627615,0.027575793,-0.008726861
0.015888195,-0.02276347,-0.044197153,0.0021806858,0.030730745
-0.054002658,-0.062261444,-0.023319269,0.03956211,-0.027081149
0.026221946,0.019902483,-0.017302068,0.01321803,0.0035676493
0.043594588,-0.00755865,0.013189931,0.008648621,0.025273627
-0.028907431,-0.000678206,0.01650672,0.05765014,0.04957128
-0.04069322,0.029798163,0.039624523,0.031224295,0.04133322
0.008000706,0.012565424,0.00070625887,0.07689289,0.042695586
-0.006597384,-0.022966038,0.058165714,0.07825806,0.0014869834
-0.08036565,-0.07962558,-0.0379728,-0.010617259,0.026158558
0.015078637,-0.081271164,-0.0543821,-0.027105592,-0.067046985
-0.049775433,-0.0003282133,-0.0029436678,0.03617789,0.03175598
-0.01388052,-0.03570309,0.071986645,0.03707955,0.019763578
-0.006265989,0.031116387,0.054698836,-0.015400881,-0.04285304
-0.019260818,-0.0029880777,-0.024411043,-0.009973289,-0.008385734
0.006572431,0.026332304,-0.026861906,-0.010795569,0.021127757
-0.03066186,-0.0011148081,0.036173202,0.031279866,-0.03587248
-0.021002464,0.0071887397,0.028173188,-0.018026203,-0.040615227
-0.0016711295,0.028026706,-0.022993809,-0.04114192,0.0030950564
0.037185,-0.03630494,0.0095622055,0.028115671,0.0013183991
-0.07380082,-0.07017686,-0.13243571,-0.081039496,-0.05513605
-0.059773266,-0.09399598,-0.0870677,0.060767796,0.09352636
-0.033768203,0.06388605,0.09126633,0.03704909,0.05057947
-0.026298571,-0.05637188,-0.06482964,-0.04476302,0.04861694
-0.04889196,-0.07969689,0.042441428,0.058601405,0.012727203
-0.03537379,-0.032120775,-0.02616147,0.011915902,-0.013924102
-0.029779993,0.03696851,0.006828597,-0.032684702,-0.016736966
0.027537372,0.016231239,-0.028507132,-0.022717066,-0.017520694
0.017082982,-0.03586828,0.04180533,0.004368874,0.017772404
0.013187101,0.034798786,-0.014633299,-0.016899196,-0.029177213
0.027343694,-0.0014693836,-0.011438516,0.010480891,-0.007488553
-0.028417403,-0.045667604,-0.00689405,-0.028198838,-0.02891786
0.021655604,-0.0049392465,-0.040573727,-0.01589242,-0.059909455
-0.030411737,-0.036091004,0.050021265,0.059515387,0.042492293
-0.031198252,0.057795145,-0.004159272,0.002039904,0.039424323
-0.030761218,-0.04171343,0.02404751,0.0007435861,0.009454601
-0.05149331,-0.037345752,-0.075419515,-0.047984194,-0.10324475
-0.04269042,0.010900071,-0.04422783,-0.07368637,0.068193786
0.014223464,0.028786857,-0.011646317,0.047819972,0.07848022
0.013342072,0.01080827,-0.006301982,-0.01043204,-0.030024137
0.023763752,0.0038228417,0.0023184004,-0.04396409,0.005302249
-0.0074218474,-0.004137157,0.043156385,0.041957054,0.009559432
-0.025971228,-0.019868104,0.03171257,-0.05658779,-0.069804356
0.053634506,-0.004748201,-0.0717608,-0.09274972,0.034700245
0.007005443,-0.043074407,-0.0051587746,0.011393179,0.011560671
0.010391184,-0.08323637,-0.10095636,-0.019892145,-0.04055614
-0.018020717,-0.0019453916,0.010643647,0.016460171,0.08102225
-0.029984772,0.01990285,0.10152217,0.0005334642,-0.029683733
0.016112931,-0.019354155,-0.045370743,-0.04954053,0.0102777425
0.03837825,-0.013986466,0.0105007095,0.047408313,0.0047602216
0.00011736817,-0.0343151,-0.0827838,-0.11159375,-0.07561333
-0.08439708,-0.056761857,0.09844255,0.15790604,0.099311225
0.001035505,0.10783117,0.11869009,0.05017732,-0.08442545
0.05755679,0.05973264,-0.056661915,-0.08565748,-0.013187145
0.01514616,-0.032595824,-0.05138432,-0.08054769,-0.028936172
-0.06820022,-0.022713246,-0.09432863,-0.07086245,-0.069947466
-0.039720662,-0.09607816,-0.02730864,0.1129638,0.09730348
-0.06892875,0.07564839,0.15420297,0.1556489,0.001502973
0.06541202,0.061131783,0.020309392,-0.10009841,0.0026758397
0.016832538,-0.020021733,-0.052142605,0.048303913,-0.0072317924
