-0.01857236,-0.011156657,0.021980405,-0.011031606,-0.018649718
-0.003709499,-0.023216141,-0.048852008,0.010364512,-0.023487264
0.014368378,-0.028496077,-0.02179008,0.010024104,0.010019858
0.008921465,-0.0025585894,-0.03254418,0.020529328,-0.040825702
0.016559701,0.0050691483,0.0556485,0.03179324,-0.008017482
0.02677485,-0.044644475,0.046128698,-0.007364946,0.0018468507
-0.03102044,0.02514873,-0.024748646,-0.03441651,-0.020358732
0.025045233,-0.039297696,-0.03604354,-0.007070309,0.041308124
0.021824086,-0.029466335,-0.0123095,0.051458105,0.06245374
0.012443313,-0.03962986,-0.07262018,-0.037947353,0.039386634
0.020004833,0.035895467,0.07089976,0.049237546,0.021927936
0.04199371,0.019722953,-0.03959818,-0.01748303,0.06356249
-0.10222966,0.00061334576,0.029934559,0.05043432,0.063947156
-0.059564445,-0.046927266,-0.095531955,-0.07689153,-0.02979853
-0.035559416,-0.07096125,-0.06551827,-0.003199014,-0.07781847
0.023828136,0.0033857126,0.031588297,-0.012573121,-0.016753482
-0.0022383872,0.015105645,-0.039270923,-0.010031684,0.002797132
0.03331418,-0.051702857,-0.052741464,-0.027084745,-0.007517756
-0.0653309,-0.05411698,-0.060743663,-0.010186997,0.041727208
-0.030894972,-0.06776308,0.038187534,0.0013422081,-0.010126163
-0.03322301,-0.030441694,-0.024497546,-0.057153873,-0.043447107
0.040487185,-0.009647167,-0.01773928,-0.07796034,-0.0332879
0.05645434,-0.016060263,-0.051821858,-0.08926307,-0.041315973
0.018451756,0.009461797,-0.08513455,-0.06846479,0.030464204
0.027899394,-0.040394526,-0.057272844,0.0048300484,-0.036452215
0.014598975,-0.048558276,-0.11129758,0.030968273,0.022050558
-0.09701269,-0.12389159,0.008552991,0.030558156,0.035476122
-0.086152494,-0.0061363876,0.1551945,0.04063673,-0.08204599
-0.008468637,0.10495101,0.08705938,-0.047317903,-0.010264365
0.12268532,0.07961925,-0.00998459,-0.07800449,-0.03207929
0.01268604,0.043109294,-0.028601188,0.020518547,-0.013472412
-0.003417016,0.019268118,0.02768057,0.06575183,0.03335227
0.028161285,0.08882783,0.11654772,0.019409377,0.017516932
0.021981437,-0.013371696,-0.018347936,-0.05437163,-0.03359305
-0.023049772,0.007915972,-0.04432489,-0.018724859,0.003477768
-0.011596139,-0.0141529655,0.04427067,-0.027649045,-0.014914811
-0.024412375,0.045192774,-0.02156077,-0.01595232,0.042641785
0.042855196,0.025389617,-0.0018622439,0.03272382,0.09382787
-0.026157254,0.01524573,-0.029193135,0.123991914,0.09867674
-0.050727878,-0.043893732,0.05913367,-0.008607077,0.02396495
0.03146866,-0.0038856447,-0.02178875,-0.0002664734,-0.07113976
0.041875217,0.07413738,0.008626374,-0.07405368,-0.11868134
0.09450724,0.03565386,-0.029804813,-0.027688593,-0.01613405
0.021884963,-0.03419617,-0.13571016,-0.033229373,0.05652944
-0.05861802,-0.067394614,-0.12662752,-0.026666543,0.06508086
-0.028277408,0.021416286,0.052640215,-0.03025105,0.00705825
-0.032840535,-0.015421145,-0.042626653,0.022070238,0.02823895
0.008163833,-0.026848493,-0.05452237,-0.026736803,-0.021799635
0.017635455,-0.0660264,0.0044133933,-0.0062887715,-0.037324987
-0.008913934,0.027517667,0.000964435,-0.0005117432,-0.0019463152
-0.01494375,0.023248944,-0.0082263285,0.004473032,-0.030835425
0.04622853,0.07681771,-0.04111701,-0.08451176,0.010677992
0.046251953,-0.009303921,0.008451723,-0.020819332,0.020707669
-0.04679408,-0.085125856,-0.004941746,0.028246468,-0.0042185374
-0.080760844,-0.04479403,-0.007151596,0.0491344,0.07416267
-0.008812534,0.031182835,-0.005274203,-0.025044797,-0.020820007
0.0019186301,0.019417847,0.033428002,-0.038982447,-0.027002636
-0.028818183,-0.045158528,-0.066332355,0.06598891,0.025999302
0.0017937117,-0.06404617,0.015748162,0.063526094,0.03871713
-0.031014165,0.03812476,0.0047120275,0.0114893615,-0.0340908
0.063349426,0.0038336306,-0.00964835,0.04755067,-0.013755989
0.024192616,-0.01032343,-0.061216682,-0.024471704,0.013761867
-0.07079445,0.040537965,-0.000753119,0.020098316,0.050702117
0.016882401,0.10591052,0.040049978,-0.02291453,-0.03755052
0.029078368,0.03993736,-0.006320144,-0.011377786,-0.004259001
-0.014139596,0.02075235,0.053317893,-0.047458507,-0.06501469
-0.0488563,-0.040288452,0.0015681362,-0.090270154,-0.022195296
-0.06722595,-0.036137726,-0.07268464,-0.054425307,-0.06011749
0.01643454,-0.05325622,0.0041883662,-0.050098717,-0.060694046
0.020264637,-0.08338262,-0.080158755,-0.012892747,-0.033053137
-0.011832731,-0.016179983,0.031444307,-0.00650481,-0.055522986
0.048455056,0.07405401,0.07454486,0.006857976,-0.07392551
0.061063103,0.03501637,-0.073784366,-0.036611266,-0.04058461
-0.012156015,-0.0626439,-0.08590264,-0.04385357,-0.046313476
-0.019492235,-0.03863002,-0.036194105,-0.035065264,-0.0058864057
0.02231081,0.041342545,-0.01639112,-0.015841411,8.499696e-05
0.027691687,-0.05719349,-0.017804747,-0.0076869335,-0.009124453
-0.007265742,-0.010468949,0.060401417,0.004787737,0.008878342
0.06717181,0.020833291,0.05282673,-0.09336239,-0.05883972
0.030423924,0.013992737,-0.047531508,-0.039550852,-0.056428444
0.0131831635,0.029226828,0.04088218,-0.047167048,-0.019774422
0.0022849995,-0.006008656,-0.013532355,-0.03311688,0.02692742
-0.0187064,-0.012181109,-0.04449928,-0.06274597,-0.003678121
-0.023501022,-0.04094185,-0.04920395,0.009893232,-0.013530218
-0.0011706122,-0.052585807,0.021636024,0.043093435,-0.03556854
-0.004566559,0.029076,0.0051502273,0.020959744,-0.029369405
0.021440342,0.026747758,0.02624463,-0.017149346,-0.02239968
-0.017793072,0.049640305,0.0326753,0.022657115,0.046773046
-0.0017023659,-0.009683451,-0.015141034,0.06433711,0.061323963
0.009706316,-0.03026243,0.0151351895,0.011183895,0.046210956
-0.043226928,-0.006044025,-0.02116364,0.03258096,0.036256835
-0.002279222,-0.003100529,0.07046939,-0.030291222,0.033782627
-0.02350704,-0.018281046,-0.028368616,0.010687208,-0.02686652
-0.047654126,-0.055781938,-0.040419854,-0.026036464,-0.009901309
0.019171689,-0.04255027,-0.05212179,0.016157188,0.06510071
-0.019697484,0.0069758506,-0.014053811,0.019133674,-0.03863268
0.032956634,0.059746113,0.052408714,-0.03411701,0.041583657
-0.00091906433,0.049109142,0.029954188,0.040470067,0.03865301
0.004372446,-0.04132931,-0.008449895,0.07437318,-0.03461621
-0.040283184,-0.03938391,-0.056033537,-0.020524569,0.0409686
