0.053156085,-0.0038766596,-0.035928193,0.018904509,3.0515623e-05
-0.010020567,0.0022955583,0.024513928,-0.019475464,-0.008051799
0.034985546,0.0052263197,0.013014269,0.022572968,0.055559028
-0.0024087238,-0.03473112,-0.03812097,-0.030333089,0.03783053
-0.051413633,0.003787231,-0.012505239,-0.04139542,0.0031625305
-0.0022116904,-0.023175076,-0.03321536,-0.04946995,-0.06206705
0.025302725,0.008759343,0.025676006,0.020077342,-0.037103742
0.028197682,0.037545368,0.0017084468,-0.033404116,-0.037945297
0.041277174,0.045094755,-0.007034392,0.015666826,-0.022464631
0.0600356,0.010584869,-0.00323168,0.048961136,0.043956734
0.040461335,0.00718087,-0.070571825,-0.0319556,0.054815087
0.044272304,0.0010811603,-0.102874726,-0.050467666,-0.033949837
-0.066532515,0.033011638,-0.056578044,-0.012658011,-0.002590072
0.06717201,0.09814455,0.039006606,-0.015449788,0.0052067307
-0.054932237,-0.052889977,-0.04578743,-0.044577662,-0.115246266
-0.033673845,0.036917865,0.00086275174,-0.014607907,0.059042647
0.013568189,0.07390632,0.025856124,0.0042335466,0.056204397
0.02233976,0.039979454,-0.005079259,0.0178062,0.04844784
-0.015242692,0.015738832,-0.045029856,0.029302908,0.0021916302
-0.011170912,0.002308677,-0.04784355,-0.02492237,-0.0036137027
-0.03241661,0.0073140315,-0.012154165,-0.021624792,-0.0029049616
0.01515545,-0.018757379,-0.039268263,-0.03531016,0.028265141
-0.0036961993,0.001907505,0.02119359,0.058043256,-0.013219119
-0.06238911,-0.074310474,-0.06820783,0.012080467,-0.044655144
0.00085449626,-0.0215819,-0.044745084,-0.01657013,0.025919804
0.027838329,0.019919848,0.032419007,0.00023200776,0.026445651
0.0629843,-0.07399085,0.03679251,0.02689334,-0.014397613
0.026774423,-0.07171914,-0.016584307,0.031037696,-0.0034205224
0.017169777,-0.09903253,-0.034620695,0.009761192,-0.068743855
-0.07709329,-0.08789465,-0.054013584,-0.03523827,-0.086741425
0.06632975,0.02849678,-0.03082188,0.009524578,-0.023232346
-0.07367352,-0.06350289,-0.05932366,0.029962555,0.004525295
-0.017189758,-0.053679448,-0.011037454,0.0025500848,0.066818185
0.012457332,-0.038689595,-0.042285237,-0.01459093,0.03230873
0.06554579,0.07151327,0.07390503,-0.0012956633,0.014009392
0.039261404,0.03755834,-0.054626547,0.009038338,0.0008483925
0.05000984,-0.008471292,0.006510439,0.051343642,-0.023469565
0.03912773,-0.0235988,-0.017220149,0.085567996,0.0040037846
-0.0069063227,0.03398194,0.05878716,0.07159215,0.021464538
-0.030515492,0.010396564,-0.00047605266,0.043984853,-0.0070445286
-0.014483749,-0.050351653,-0.035425268,-0.07218743,-0.02110061
-0.027999647,-0.03365917,-0.095332965,-0.06118225,-0.05997304
-0.032211084,-0.047176573,-0.099935874,-0.07721677,-0.036629014
-0.00033710035,0.05066737,0.022204576,-0.04629333,0.00065401604
0.10319677,0.16582105,0.07492567,0.10520026,0.06563659
-0.0044168537,0.04006175,0.028129958,-0.0059990915,-0.046595693
-0.023424339,0.029644016,-0.021707116,-0.009045666,-0.02533565
0.020791635,-0.027440405,0.0029412543,0.0454249,0.018032264
0.029791351,0.013175143,0.030341879,0.03969554,-0.026174389
0.043786027,0.042846512,0.020306194,-0.007059349,0.04308552
0.01807638,0.0012003338,-0.07285452,-0.036672514,0.01087027
-0.04597696,-0.027797768,-0.077428974,0.0018423045,0.0071218433
0.0062406817,-0.037821643,-0.056366958,-0.0068323477,0.00850111
0.018748792,0.055270754,0.04138007,0.005132812,0.025820158
0.06062697,-0.0022163433,0.008058597,0.08691734,0.027104093
-0.029536515,-0.026175838,0.013892006,-0.03862675,-0.051480368
-0.008388975,0.027090743,0.008983637,0.00027831557,-0.0219571
0.022969808,0.002143046,-0.035840135,-0.022675548,0.06384395
-0.004143924,0.08039697,0.052324854,-0.018213356,0.031315055
0.0042805974,-0.0039793565,0.018191632,0.018049698,-0.051296838
-0.0045106327,0.012202202,0.02420836,-0.0050607007,0.024602406
0.06742968,-0.0012017939,-0.012524676,-0.035718296,-0.04857973
-0.0070287366,-0.06236206,0.023380328,-0.04519901,0.048550393
-0.032090627,-0.030307755,-0.012360445,0.027576618,0.003019807
-0.07205144,-0.00653974,-0.06408432,0.0035382675,-0.102465995
-0.0009714697,0.035478298,-0.01278163,0.048744258,0.008359748
-0.01838659,0.008216972,-0.009313879,-0.033983942,0.0054650465
-0.032156143,0.008065498,0.02696344,-0.015547652,-0.035093192
-0.013331867,0.045834247,-0.025162667,-0.02387997,0.013088608
0.020081228,0.032094352,-0.020832382,-0.058951344,-0.0064008553
-0.015665773,-0.016950266,-0.03983707,-0.030219916,-0.040919736
-0.030700801,-0.08542087,-0.06986063,0.019276267,-0.058657777
-0.0222285,-0.016683279,0.021730443,-0.027837519,-0.04296803
0.062919386,0.034517948,0.039208576,0.061927266,-0.045791026
0.10431434,0.020758515,0.0023348501,0.031994898,0.079832174
0.04722652,-0.016031496,0.037533212,-0.04880628,-0.037512165
0.040296048,-0.036450416,-0.05940476,-0.060568023,-0.04545956
-0.007311042,-0.041385412,-0.06368116,0.004908518,0.022434894
-0.02572406,-0.047745,-0.036050245,0.00016949773,-0.038826704
0.02193376,-0.025846066,-0.018299578,-0.037586313,-0.07134416
0.025828104,0.029266601,0.0043201814,0.036191486,0.07091477
-0.016267477,0.03726258,-0.011632732,0.019678704,0.03339946
-0.01290133,-0.01748387,-0.007935416,0.050247498,-0.010718463
-0.0044838586,0.018864656,-0.04258626,0.037815716,0.032378394
-0.048787154,-0.025537742,-0.010276288,-0.0021556227,-0.031812247
0.02822741,0.050242007,-0.0127789825,-0.00014353804,0.036247917
-0.030909885,0.056084216,0.04614063,0.023913246,-0.012926984
0.003914899,-0.038831998,-0.038592402,-0.0052122683,0.0008117906
0.02982786,0.011942006,0.023747418,0.01297362,0.003360947
0.03805557,0.03159847,0.01288922,-0.009944139,-0.00672065
-0.005202737,0.014275963,0.04979773,-0.03957659,-0.056353804
-0.009657572,0.013113733,0.028323699,0.039070006,0.021429
0.059318077,-0.011976284,-0.07240745,-0.060567323,0.00396045
0.090218976,-0.017054565,0.02944524,-0.037766196,-0.030422863
0.023794856,0.06409458,0.027956534,0.052198097,0.040037476
0.023793742,-0.028911876,-0.02325402,-0.07609682,-0.009728285
0.012946099,-0.025173606,0.0072915587,0.005791474,-0.021751823
-0.0043238876,0.0019742956,0.01176138,0.002300172,0.015909804
-0.031140806,-0.032029975,-9.338096e-05,0.05945611,0.005980795
0.021690462,0.049622536,-0.03206571,-0.0023396004,-0.01598845
