0.007799324,0.024457272,0.023178397,-0.014646759,-0.024535848
-0.0036771384,-0.01143923,0.028770853,-0.03191692,-0.018315597
0.034456678,-0.013785981,-0.040468253,-0.036645226,0.010527563
-0.057948507,-0.037313983,0.0026667498,-0.02980423,-0.0042981026
0.009668677,0.03774114,0.011190435,0.042646777,-0.0047800625
-0.054789778,0.006905977,-0.0023761073,0.062314395,0.060603317
-0.028714508,-0.022961969,0.021458492,0.006796583,0.012855534
0.055096984,0.046208527,0.03929534,0.0024981033,0.065961935
0.045963623,0.015434746,-0.038695745,0.029693006,-0.001958165
0.0013498389,-0.022911293,0.044868134,0.020305462,0.0130855255
-0.05420707,-0.0271518,-0.06872353,-0.038265735,0.005512614
-0.021940537,-0.058158036,-0.07610666,-0.020377558,0.033186875
-0.08253632,-0.045442417,-0.04932499,-0.073834285,-0.014771994
-0.024498785,0.034023542,0.061548017,-0.0002990653,0.019323492
0.065735005,0.06484459,0.07184851,0.0388033,0.05309187
0.0010450596,-0.010403022,-0.018652786,0.016644249,0.022091173
0.043606654,-0.042129297,-0.05566849,-0.035722762,-0.009062237
-0.03881459,0.018676711,-0.008080572,-0.018637508,0.0079987105
-0.006792723,0.030378716,-0.033725474,-0.036106925,-0.002761021
-0.045769606,-0.028705724,0.026276993,-0.049504753,0.02341795
0.0032306344,-0.016946182,0.021456232,0.02219478,0.06046279
-0.060117085,0.000998226,0.0036194879,0.029339582,0.0005621354
-0.05245756,0.086824186,0.049670566,0.019114159,-0.023113232
0.0020891293,0.026404427,-0.001958628,-0.066544235,-0.030905489
-0.03360175,-0.03744159,-0.030191787,-0.06330554,-0.00524536
0.031355325,0.025517637,0.025225887,0.068902984,0.01177962
0.07133862,-0.042144455,-0.046486095,-0.043880306,-0.08806171
0.0592899,-0.11917232,-0.08316789,-0.0299341,-0.13451344
0.08205166,-0.0392422,-0.104090996,-0.0511364,-0.08960216
0.06144202,0.018690191,-0.09728565,-0.07654153,-0.09822525
0.002147956,-0.0019985451,-0.03779772,0.047056913,0.043330636
-0.035792064,-0.06421267,-0.0076832203,0.023738952,-0.016234484
-0.060344152,0.048877895,0.075426966,0.041860852,0.050784837
-0.0027439708,0.07859353,0.03711414,-0.030312296,-0.001546103
-0.0015912511,0.0329902,-0.039118756,0.032461554,-0.04595379
-0.013025147,-0.053484604,0.0065456307,-0.0010413503,-0.02307098
-0.06958054,0.009854431,0.09740505,0.021954073,0.027870733
-0.015032542,0.042133965,0.020871641,0.0013711794,-0.02225171
0.030884499,-0.042458925,-0.008883297,0.026059331,-0.024094073
-0.03907594,0.04103101,0.008276145,-0.041030444,-0.04744426
-0.05888462,-0.02751447,-0.03961219,0.009544605,0.005924692
-0.094291314,-0.004716022,0.07707357,-0.010023156,0.016351176
0.037000302,0.027232353,0.093978055,0.07267932,0.015742447
0.04979884,-0.0040007946,-0.041081205,-0.021888986,-0.02730116
-0.012025043,-0.04514267,0.023328468,-0.023282068,0.01516016
-0.014103442,0.035730843,0.019237451,-0.027735282,-0.0059658433
-0.014231297,0.019877136,0.026295789,0.019906899,0.01975694
-0.019239696,-0.036169797,0.0063551953,-0.01020076,-0.039992206
0.047524,-0.02970613,0.022904644,-0.010948916,0.006276348
-0.006602218,0.0158945,-0.04651159,-0.025957335,-0.024762426
-0.06663926,-0.019198518,0.008502949,-0.0037427153,0.060663108
0.031019261,0.02090958,0.041860934,0.05855189,-0.00090212334
0.054604284,0.05893736,0.0144983325,-0.0015543993,0.009127535
0.034982905,-0.007514814,0.0050233738,-0.0070217783,-0.06155344
-0.019182133,0.012919433,0.009336289,0.007502357,0.0014070969
-0.054777272,-0.016686244,0.051833924,0.0051229037,-0.024029512
-0.038910728,0.064804494,0.05253431,0.011940644,-0.010486421
-0.021457763,-0.027416155,-0.06440439,-0.017991051,-0.041980367
-0.06439208,-0.019272977,-0.023609791,-0.00034556107,-0.010555755
-0.038787663,0.025266564,0.02223716,-0.005369797,-0.029814769
-0.025926186,0.015508959,-0.03319165,-0.03307908,-0.05041414
0.030210175,0.014614519,0.020678123,-0.028088825,-0.051154003
-0.06844889,-0.0001802302,-0.028829508,-0.07580986,-0.051240202
0.00012694826,-0.0149683645,-0.0034619328,-0.03682354,-0.016028238
0.06506081,-0.009880719,-0.047186997,0.018566009,0.030332403
-0.042465698,-0.028477367,-0.017327938,-0.07504647,-0.010781148
0.001826712,0.018301547,-0.0009509169,-0.055310223,-0.042335372
-0.10255578,-0.035756238,-0.019557573,-0.01870688,0.028037746
-0.055351242,-0.009501624,0.07710191,0.00038049545,-0.026074372
0.0263277,-0.007806008,-0.04048654,-0.028085243,0.004457081
-0.048801646,-0.06662879,-0.018201739,0.041759957,-0.023362372
-0.07778939,-0.004267509,-0.0077921343,0.008857048,-0.01360463
0.02239665,0.021860845,0.026689798,0.048955813,0.07335076
0.09145218,-0.01224642,0.04517171,0.042147182,-0.034011103
-0.0025104724,-0.021299856,0.028686114,0.039474532,0.020450585
-0.051948532,-0.033173922,0.0073091877,-0.05106402,-0.06570493
-0.008521386,-0.0058008563,-0.054513913,-0.021541081,-0.033202965
-0.029857105,-0.048932817,0.035129607,-0.004615458,-0.0055930763
0.024543615,-0.028871788,0.039091747,0.0056036836,0.04329696
0.056324404,0.0051292647,0.032422654,0.007958512,0.021701181
-0.0062723067,-0.012196438,-0.021631327,0.038029935,0.012485382
-0.0075377156,-0.021758126,0.053134885,0.009131887,0.047501426
-0.016403222,0.03730207,-0.011875464,-0.004775028,0.04131808
0.020029105,0.04289224,-0.054183915,0.0050091567,-0.003746695
-0.078141846,-0.017222356,-0.014288657,-0.038429517,0.004720364
0.026458507,0.0016479733,0.014710458,0.04774064,0.053164076
-0.03493257,-0.027451102,0.023721358,0.0111570945,-0.039685182
-0.044342443,-0.0024539246,-0.043413095,-0.027077235,0.003039918
0.030157102,-0.06449157,-0.013300251,-0.054511048,-0.076685704
0.0070005367,-0.048975885,-0.011840384,0.030942647,-0.044213768
-0.043397482,0.00012299565,-0.047333486,0.052624032,0.009534158
-0.026941558,-0.009962262,0.041940507,-0.02593369,0.02897175
-0.026246356,-0.04936392,0.018025018,0.018837571,-0.032093234
0.021789553,0.032463677,0.028471148,-0.007582787,-0.030271085
0.039439347,0.026141696,-0.014910033,0.033296697,0.019320665
0.011175466,-0.039332155,0.032179233,-0.0052996553,-0.026454028
-0.0020567714,0.020970317,0.02506349,0.046247486,0.032202546
0.08614708,-0.0027768803,0.013115506,-0.016703365,-0.022876583
-0.035747766,-0.052259564,-0.055294327,-0.009269918,-0.02187555
0.016725654,-0.021720592,-0.0126877725,-0.045550186,-0.0158465
