-0.08568966,-0.13261957,-0.030586332,-0.07639749,-0.02121398
-0.04513685,-0.03412122,-0.063861616,-0.14069815,-0.09592101
0.0155209,0.011366531,0.06707043,0.063769855,0.02858432
-0.004275297,0.035983667,0.029747665,0.10455942,0.08041535
0.00034958118,0.044024777,0.06952583,0.0039594704,0.014158489
-0.026711503,-0.06418528,-0.054370236,-0.04786435,-0.018119616
0.046120554,0.07326523,0.060846202,-0.027456932,-0.05464847
0.042166006,0.06851534,0.11079798,0.13800614,0.10767738
0.053464763,0.06941504,-0.021673426,-0.0025382305,0.047150724
0.028341545,0.046963878,-0.012721637,-0.09742092,-0.10135154
0.008131405,0.02991484,-0.0042243735,-0.05202874,-0.0006576536
0.027702594,-0.03672981,-0.04478777,-0.005212106,-0.066593334
0.03607181,-0.0432742,-0.055504583,-0.058470048,-0.053925026
0.023133859,-0.029468363,-0.03237837,0.038993753,0.01975362
-0.011663672,-0.03927979,-0.024525242,-0.0067409165,0.0031264506
-0.045809343,0.020443985,0.041574016,0.0021071935,-0.059321716
0.0026394762,-0.0340187,-0.015469932,-0.04529945,0.004158134
-0.012142606,-0.012214497,-0.029452438,-0.08929152,0.020654788
0.02940186,0.013367852,-0.009730054,-0.023493368,0.029188275
-0.056320563,-0.028018136,0.0034543558,-0.0065486305,-0.03504357
-0.038909085,-0.029995503,0.007763273,-0.02639913,-0.010032735
-0.028788477,0.0072544813,0.0067522004,-0.04057487,0.014240466
-0.0152062345,-0.03262126,0.028338553,-0.028900579,-0.04090126
-0.0017173217,-0.036775656,-0.031657655,-0.04948053,-0.019463398
0.026744703,-0.05354127,-0.041214254,-0.014943016,-0.03529127
0.036212415,0.012872126,0.027263021,-0.08992694,-0.03558426
0.03905645,0.035904754,0.012608921,0.059017465,-0.007980228
0.041499313,-0.0041633644,-0.0035021002,0.03143938,0.032303378
-0.016134847,-0.034515336,-0.07482447,0.0072773043,0.009899053
-0.032982077,-0.054483265,-0.091173634,-0.042505313,-0.038559325
-0.043646034,0.03230165,-0.007704754,0.008092863,0.03424676
0.012820268,-0.029948752,0.009776477,0.017639605,0.013425615
-0.021462047,0.009294287,-0.034511056,-0.00060444954,-0.03487692
0.034496453,0.04750231,-0.043275863,-0.023486584,-0.017579656
-0.02350812,0.046667095,-0.029604616,-0.019913185,-0.044190697
-0.015592024,-0.049837667,-0.06833993,0.014920319,0.013204836
0.028873898,0.055361304,0.01721405,0.0012591914,-0.055283427
0.016992288,-0.013994192,0.029518567,0.021990037,0.011699568
-0.005578915,0.0016673187,-0.014291397,-0.015387708,0.0046089673
-0.044067472,0.04645482,-3.5245719e-06,-0.08045231,-0.08535405
-0.02543912,0.03395475,0.05361229,-0.006915077,0.01819323
-0.021974046,0.0017018414,0.013885667,-0.023214126,0.004634995
0.0028607007,0.0076333033,-0.044789083,-0.004364186,0.018905269
0.0090188775,-0.00042729717,-0.039180975,0.036049224,-0.041147016
-0.03452477,0.008291907,-0.03048524,-0.023230473,-0.041922927
0.020089434,-0.0046822475,0.016295154,-0.012386755,-0.04716405
-0.02137338,0.012288263,-0.05063327,-0.053368106,-0.00881929
-0.023699848,-0.0090106735,-0.059446067,-0.043251786,-0.045820206
-0.0724939,-0.0530447,0.019081987,0.005472395,0.04983101
-0.01061266,-0.024092996,0.0015407975,0.010120051,0.06752765
0.048198216,0.0057804165,-0.042747494,-0.002731672,0.010692696
0.07073836,0.040306177,0.05782441,0.039236583,-0.009376882
-0.030869724,0.012390744,0.04277977,0.061493844,0.058906134
0.02857782,0.00390041,-0.04375483,-0.0064082,-0.020086417
-0.06933001,-0.069247834,-0.06614919,-0.07248828,-0.030603359
0.04132834,0.006363426,0.0060380884,-0.016776841,-0.017629886
-0.013991955,0.015530738,0.0077144117,-0.016431427,0.008754633
-0.007788505,-0.0030910696,0.03172305,-0.018636528,0.041727606
-0.024448741,0.04144149,0.016763456,0.017935285,-0.010229214
-0.012134509,-0.032756735,-0.0429228,0.031261425,0.04338344
-0.0062611764,-0.036691483,-0.03064871,-0.047547255,-0.06968326
-0.021619698,0.051910177,0.01342939,-0.02101922,-0.05585559
0.022116497,-0.0044814395,0.03348264,0.11236335,0.13129722
0.06976944,0.009820242,0.009349065,0.053612236,0.091168195
-0.0020940518,-0.007514316,-0.0033226036,-0.042355414,-0.041702595
0.012666496,-0.037714977,-0.026475506,-0.04062942,-0.013425032
0.002281329,-0.018952878,-0.041131828,-0.029088717,0.019051403
-0.0031575984,-0.0074967514,0.007249862,-0.009431841,-0.02436722
-0.020524781,-0.018227313,-0.041859258,-0.041242372,-0.016941193
0.016783211,0.04373783,-0.0012099525,0.030540137,0.014788997
-0.058050003,-0.034070987,-0.025004223,-0.04430628,-0.002774673
-0.003611869,-0.068609715,-0.034306806,-0.042340837,0.035548706
0.02723634,-0.01797956,0.02491663,-0.07577063,0.0060105217
-0.025104823,0.007594815,0.04293137,0.030449128,0.02080693
0.01991441,0.0048113395,0.059875607,0.005436013,-0.0022734946
-0.0373673,-0.048513714,-0.018693438,-0.014292843,0.039577477
-0.0054324465,-0.043468036,-0.0014058691,-0.049140934,-0.0019586415
-0.016471364,0.04625938,-0.012571085,-0.018151665,-0.017601008
0.008794908,0.007719103,0.026289715,-0.0029459218,0.033481013
-0.023318555,0.017687988,-0.032533348,-0.019643227,0.044168685
-0.056174085,-0.016572857,-0.02184244,-0.051393244,0.03841713
0.014450611,0.00033213635,-0.027825495,-0.003326285,-0.004253673
-0.0607387,0.020453166,-0.044644695,-0.017770868,-0.0026521003
0.015246831,0.021070195,-0.0733707,-0.028993664,-0.066129245
0.008519895,0.023160994,-0.060222775,-0.034634065,-0.019766744
-0.0023822584,0.03825493,-0.07238525,-0.041595865,-0.012111895
-0.023530083,0.04861802,0.033760484,-0.042273186,0.021603348
0.0006972174,0.04041763,-0.037350647,0.07183077,0.030708618
0.043879554,-0.024614463,-0.0092916405,0.010445145,0.039069388
0.0024899147,0.004528418,-0.03420589,-0.07618311,-0.043670338
0.058719046,0.042358745,-0.054552127,-0.024222786,-0.01724269
0.01497329,0.05709696,-0.0019957335,-0.030944899,-0.012852963
0.021346312,0.040795878,0.03350169,-0.025705554,0.04452841
0.02031626,-0.017795438,-0.025930848,0.008931003,0.03137612
0.0019455849,-0.07110143,-0.1037469,-0.03905143,-0.079906814
0.042337686,0.02436473,-0.047581393,-0.058999706,-0.04421148
0.018119678,0.062543005,-0.015548001,-0.059063066,-0.06329874
0.06535865,-0.042540677,0.018004155,-0.008623441,0.03201699
0.0045515476,0.03392236,-0.043297864,-0.04130874,0.03287116
-0.06370275,-0.063250005,-0.014809572,-0.06513627,-0.070749216
