-0.14468475,-0.10770185,-0.17732584,-0.12378078,-0.22453597
-0.1290014,-0.16562736,-0.17710954,-0.123445354,-0.19295242
-0.120265886,-0.15841234,-0.13329977,-0.17294309,-0.17164935
-0.1760639,-0.21425664,-0.22815576,-0.20134124,-0.23539084
-0.2190902,-0.20034896,-0.18964478,-0.20975144,-0.18808581
-0.18017848,-0.12510028,-0.1711177,-0.1788768,-0.20075703
-0.10267868,-0.13547143,-0.12611239,-0.14832625,-0.20274268
-0.20047697,-0.22501224,-0.106076606,-0.1699325,-0.11892641
-0.176551,-0.23074979,-0.16695678,-0.18708616,-0.16609868
-0.18773913,-0.16876532,-0.17771654,-0.10621163,-0.17781115
-0.12421327,-0.13490905,-0.20192179,-0.09757451,-0.16321218
-0.19493252,-0.20616451,-0.10125397,-0.116349146,-0.23297869
-0.12155003,-0.15672228,-0.111088954,-0.24476379,-0.18263255
-0.12191865,-0.15367672,-0.194739,-0.16795908,-0.17317663
-0.21141548,-0.15760253,-0.117567934,-0.15893225,-0.104470246
-0.14094916,-0.19210084,-0.16458303,-0.14420874,-0.18240242
-0.16243723,-0.15507159,-0.17971177,-0.2059919,-0.18251799
-0.16861814,-0.14522497,-0.17164992,-0.23277695,-0.1920065
-0.15143083,-0.1049752,-0.20890763,-0.1053443,-0.15696816
-0.23986124,-0.14072227,-0.1687462,-0.16674703,-0.11097542
-0.16457778,-0.23606612,-0.18629234,-0.12749621,-0.17843482
-0.21878201,-0.123503715,-0.12535657,-0.13466829,-0.12169424
-0.16736509,-0.15631133,-0.15525153,-0.18533349,-0.1663024
-0.13551286,-0.13045655,-0.16180919,-0.11083977,-0.16560915
-0.13937382,-0.1034545,-0.11285339,-0.16325459,-0.12993474
-0.17302924,-0.15726362,-0.15480965,-0.17552783,-0.15881121
-0.24714388,-0.1634856,-0.2495823,-0.16174382,-0.13431506
-0.16256224,-0.1799175,-0.16240405,-0.2185724,-0.16335097
-0.16114643,-0.1830211,-0.1443666,-0.13520527,-0.11686643
-0.1508076,-0.12699555,-0.1229122,-0.19591394,-0.1309917
-0.20461926,-0.16332568,0.14422339,0.19293104,-0.16386649
0.2156034,0.20731737,0.18086776,0.21953832,0.14519274
0.17825083,0.17091636,0.21471234,0.22696877,-0.19948271
0.19664505,-0.19408676,0.17492683,0.2055394,0.1981651
0.16604316,0.19577184,-0.14726153,-0.21890363,0.18052064
-0.18062642,-0.15323044,-0.099412195,-0.17599338,-0.24846643
-0.18210648,-0.13984504,-0.14667885,-0.10826301,-0.21796687
-0.17157583,-0.23181863,-0.15002775,-0.14329648,-0.22949792
-0.20623033,-0.21751212,-0.22650982,-0.24157038,-0.20558794
-0.16498862,-0.18868123,-0.23983745,-0.16497578,-0.17630978
-0.15887599,-0.1455995,-0.16329603,-0.1206561,-0.17266126
-0.18506405,-0.17517503,-0.18077752,-0.13791496,-0.19811757
-0.15618154,-0.123670265,-0.13771147,-0.13002041,-0.11881034
-0.13332334,-0.09765045,-0.17312518,-0.16628896,-0.108069025
-0.2106003,-0.1445433,-0.20072895,-0.2447483,-0.11323669
-0.11071187,-0.09586283,-0.1319573,-0.15386704,-0.21280615
-0.15582652,-0.1798139,-0.1909727,-0.13481021,-0.15550019
-0.16438074,-0.14959672,-0.12969597,-0.10884769,-0.18755136
-0.1068294,-0.10501346,-0.16235517,-0.14281185,-0.24560064
-0.16720803,-0.124939285,-0.18989505,-0.11995271,-0.1670737
-0.12418139,-0.1641222,-0.1515548,-0.13910797,-0.119624786
-0.16534588,-0.16093412,-0.18786402,-0.19006914,-0.09985944
-0.16821933,-0.2260969,-0.18997778,-0.23270781,-0.14422041
-0.20902197,-0.19501491,-0.16606033,-0.17746328,-0.10107949
-0.11094757,-0.16378209,-0.15434577,-0.15205583,-0.11412739
0.16222058,0.015723158,-0.19142531,-0.13760228,-0.18088894
-0.13093942,-0.207003,-0.1870627,-0.14479704,-0.15883642
-0.19635628,-0.2103307,-0.20747414,-0.03736839,-0.19841179
0.14659584,-0.18662117,-0.13496353,-0.011870267,-0.027641956
-0.15184523,-0.20003407,-0.19607902,-0.00739008,-0.0055046575
-0.16967665,-0.177461,-0.18557525,-0.16099244,-0.18259934
-0.13848244,-0.10624223,-0.13444398,-0.17588931,-0.1382189
-0.153807,-0.18000616,-0.1302607,-0.097748265,-0.18213421
-0.22671852,-0.24376164,-0.20128076,-0.17086092,-0.16095492
-0.16256954,-0.15732338,-0.1830614,-0.113566466,-0.10959375
0.03658284,0.027586948,0.0044317427,0.03773352,0.043278765
-0.030849462,0.009339049,0.030770432,-0.030234514,0.017551392
0.027922735,0.0013954154,-0.012928617,-0.0036985532,0.038902264
-0.03540957,0.017742889,-0.024207687,0.03017997,-0.01838015
0.00988625,0.028260712,-0.005810434,-0.007156088,0.040371552
-0.09829978,-0.11708467,-0.20440212,-0.14267415,-0.23309894
-0.111395575,-0.18576683,-0.16967425,-0.17124885,-0.13085447
-0.13273272,-0.15525784,-0.20963398,-0.13327101,-0.15417804
-0.09984357,-0.18221559,-0.14855172,-0.22656626,-0.17139722
-0.22142152,-0.21560286,-0.1667511,-0.24517828,-0.22036666
-0.10383515,-0.11086786,-0.15474874,-0.21399139,-0.22687835
-0.13344556,-0.12911767,-0.11203271,-0.12258614,-0.119842604
-0.14944947,-0.17429386,-0.11747439,-0.14277458,-0.2345939
-0.20125133,-0.09807514,-0.14549945,-0.17971925,-0.17816617
-0.17191112,-0.17092566,-0.24427278,-0.237079,-0.18687358
-0.16080147,-0.18635282,-0.20825022,-0.22837605,-0.21843608
-0.22269577,-0.15742889,-0.2347923,-0.21516186,-0.23317212
-0.21101603,-0.17017326,-0.20212461,-0.11072689,-0.16034347
-0.21088855,-0.14937334,-0.15658209,-0.17316572,-0.13061069
-0.14576134,-0.13958345,-0.15322034,-0.17070931,-0.15834635
-0.119317725,-0.11122446,-0.15658332,-0.18172097,-0.2312976
-0.144832,-0.18237431,-0.2111357,-0.19226164,-0.11505417
-0.1894039,-0.121045604,-0.2150009,-0.098311536,-0.17933619
-0.21573235,-0.21215802,-0.11239194,-0.1968155,-0.16187292
-0.23518902,-0.12703688,-0.17960273,-0.12767836,-0.16284062
-0.16114247,-0.13653718,-0.13639383,-0.09823007,-0.10625977
-0.13910428,-0.1262908,-0.13318026,-0.21586786,-0.23920807
-0.24165428,-0.2026871,-0.22557348,-0.16568825,-0.22515723
-0.19435039,-0.22714753,-0.16057174,-0.18587981,-0.116731584
-0.13048774,-0.14850537,-0.15624693,-0.16147742,-0.18026529
-0.1492871,-0.15949406,-0.101038136,-0.09911169,-0.17188403
-0.13847892,-0.17782469,-0.12030341,-0.17153293,-0.23075628
-0.23685606,-0.21337712,-0.16954808,-0.17390957,-0.16505764
-0.20405734,-0.24020004,-0.16420509,-0.122532435,-0.22319277
-0.18518488,-0.13875544,-0.16832246,-0.18540592,-0.11426107
