0.018403884,0.008718416,-0.04333702,0.023168907,0.018418236
0.031714078,-0.021131776,-0.0053588185,0.022777034,-0.019558506
-0.047626358,-0.0040212204,-0.05340145,-0.022675633,-0.016405163
-0.040659677,-0.052881785,-0.06719026,-0.022825798,0.03312984
0.029854443,-0.02852751,-0.013368035,-0.004295225,0.02150546
-0.02476882,-0.044849627,-0.028509336,-0.040475473,0.034983493
-0.019011084,0.024811707,0.046094395,-0.013438209,0.008482439
0.019352166,-0.031183468,-0.03157559,-0.0042840783,0.061872903
-0.0026043125,0.027545162,0.023844346,-0.030909445,0.008326067
-0.04896969,0.007541242,-0.025173668,-0.035024434,0.014428076
-0.02791383,0.035997666,0.01438011,0.037267413,0.01772515
0.0044500106,0.016880577,0.07763603,0.055499207,0.036545545
-0.0039260746,-0.018803116,-0.012402818,0.008762638,-0.06654128
-0.079766706,-0.06606373,0.02569936,-0.04403703,-0.042665128
-0.08489066,-0.044965506,0.05809983,0.027338604,-0.063677415
-0.016739966,-0.0024403292,0.031592626,-0.0019632143,0.0035750668
-0.03898418,-0.0012604517,0.050053064,-0.031575467,0.010207167
0.037865885,0.0049245516,-0.043660313,0.013218021,-0.012557117
-0.019180784,-0.04765904,0.011858097,-0.027470555,-0.002934782
-0.032689005,0.017077891,-0.03860924,-0.020571595,-0.047816932
-0.0066370163,0.0011897284,0.061616797,0.020050453,-0.09611396
-0.005025481,0.035739783,0.011576206,-0.017688459,-0.035412665
0.046699937,0.04353992,0.035282094,0.012892223,-0.10688486
-0.03674479,0.046565287,-0.03658392,0.036039434,-0.014637071
0.021578696,0.0023574263,-0.015855389,0.009451793,-0.05344375
-0.018018998,-0.06555873,-0.026612788,-0.008284064,0.03171734
-0.073573224,-0.06538866,-0.08161677,-0.050235048,0.07627155
-0.061930425,-0.087044545,-0.03768723,-0.10564311,0.11898301
-0.11210047,-0.08960408,-0.07446452,-0.057048794,0.15965627
-0.087174945,-0.021929916,-0.033747938,-0.044864498,0.119063154
-0.025010206,-0.03483764,0.017803064,-0.01971491,-0.044931516
-0.0469785,-0.023699533,0.002265904,-0.034980424,-0.034986556
0.0030174716,0.008291941,0.042817872,-0.028934337,0.036001693
0.005602207,0.040410846,0.028541416,0.018576862,0.029490763
0.0024382668,0.011566016,0.067199685,0.030136663,-0.022930007
-0.04140286,0.014409216,0.006768975,-0.013581917,-0.045892276
-0.04665849,-0.025251888,0.017007886,0.017459419,-0.0051051867
0.01525765,0.007563143,-0.01689476,-0.037818242,0.04778006
-0.036128256,-0.0023547253,-0.033857808,-0.044613555,-0.00038906938
0.0024621573,-0.045874503,-0.012852412,-0.023086017,-0.024577007
-0.05864107,-0.028943792,0.02256176,0.03005992,-0.026887339
0.045704965,-0.023279814,-0.025649264,0.0019167075,-0.02567087
0.07570743,-0.016867684,0.027442327,0.03240445,0.03649529
0.05958735,0.056866694,0.027982192,0.014545257,-0.07655158
-0.02401629,0.010463094,0.026992414,-0.01355396,-0.053470623
-0.049151096,-0.0014714702,-0.031167878,-0.025637796,0.004519196
-0.030120226,0.02111614,-0.035138577,-0.0066988613,0.0030951658
-0.01690338,-0.040895395,0.028651187,0.0140586635,0.005000802
-0.033979166,-0.037130892,-0.021072624,-0.04900168,-0.009047002
0.00812861,0.015809108,0.019824535,-0.023539353,0.05491011
0.003055352,0.047572754,0.024856169,-0.030128872,-0.0012269848
0.0583844,0.032100238,0.0013122458,-0.015946306,-0.028140202
0.035657875,-0.0047047124,0.020934898,-0.029132955,-0.03510656
-0.020494884,0.018814646,0.02733852,-0.0053072497,0.0055641043
-0.049842726,-0.060253438,-0.006380094,-0.024182508,0.032998167
-0.020188352,-0.01233641,-0.051484957,-0.025094725,-0.019033652
-0.048549756,-0.028782744,0.009527605,-0.018132644,0.0077129
-0.00728521,-0.04587824,-0.018066974,0.028228967,-0.03590529
0.006308755,-0.001523954,-0.008704536,0.015122655,-0.009491797
-0.046425622,-0.010618336,-0.03384223,0.037500028,0.041500438
0.033488482,-0.006717562,0.00047728096,0.00754494,0.09186634
-0.05133917,-0.040993325,-0.010810649,0.05893943,0.0007824637
-0.02972887,0.0069742757,-0.0062627457,-0.06430745,-0.020415487
-0.04665435,-0.029683197,-0.011105536,0.017244687,0.0031287686
-0.035545263,0.039246693,0.035747126,0.032848164,0.037487153
0.005789161,-0.037388213,0.040406004,0.025782455,-0.041482404
-0.022065088,0.026551703,0.024939306,-0.01819948,-0.040530644
-0.0019260534,0.028256226,-0.037255242,0.011874179,-0.04305083
-0.056986038,-0.011871228,-0.029236248,-0.00092551927,-0.014052642
0.010917333,0.03550202,0.02126084,-0.005724254,-0.07042076
-0.015941499,-0.0029802676,0.023167258,0.03271254,0.0282639
-0.017892692,-0.03784852,-0.04070675,0.05739546,0.037245344
0.007253638,0.04024681,0.034437843,0.0529187,0.08023692
0.014714807,0.020604987,0.020787112,-0.009795858,0.036578417
0.011021012,0.012534261,-0.0037507247,-0.039661933,0.0027806144
-0.012325268,-0.010107227,-0.0038362783,0.0044944175,-0.036475766
-0.055831786,-0.034041487,-0.035816114,0.023779878,-0.0504508
-0.051997382,-0.049468167,0.022304436,-0.07212345,-0.0027887444
-0.0096482355,-0.052207634,-0.004567191,-0.0069690677,0.021796856
-0.024914388,-0.030866278,0.05695072,0.07961135,-0.023036527
0.04633771,0.016386207,0.052093714,0.0053204373,-0.006803154
0.007437324,0.020036543,-0.029640025,-0.051465936,-0.009312725
-0.029858967,0.011344808,-0.03808378,-0.050735258,0.0021953422
0.024887396,-0.047978297,-0.021712586,0.0034495457,0.013843132
-0.03344882,0.023266109,-0.054663736,-0.026419986,-0.019623168
-0.010447017,-0.037030827,0.017187107,-0.034852,-0.026346507
0.018476304,0.0358054,0.02546702,0.020673351,-0.015961714
-0.039019834,-0.013002524,0.028236488,0.02708927,-0.006152119
-0.018342169,-0.01282836,0.003484225,-0.019260561,0.014104733
-0.024132492,0.0315596,0.027469521,0.011746477,-0.009205365
-0.005545385,-0.0058251503,-0.05360997,0.006534398,0.061037146
-0.016168313,0.01958717,-0.050663862,0.031157583,0.043804105
0.008403941,-0.040378306,-0.018088054,0.020792786,0.06227641
-0.0034545602,0.03627458,-0.03374542,-0.05041948,0.058205336
0.004381693,-0.04954626,-0.044316035,0.01889288,-0.015728982
-0.0025137332,0.032381,0.02125035,0.0041941875,0.02134623
0.017030226,0.0135234725,-0.03454392,0.03999988,0.007936146
0.026221905,-0.012833521,0.012487667,0.006736816,0.037750613
0.03205976,-0.0041514267,-0.012463019,0.014119197,-0.047781963
0.026691355,0.026754929,0.0337915,-0.04150281,0.0030270063
