0.01599643,-0.022018455,-0.0054859826,-0.038854882,-0.053053074
0.01512168,-0.01679594,-0.047648806,0.0020567079,-0.0093731815
-0.0335449,0.022256883,0.029588846,-0.03171033,0.039698582
-0.045994036,0.044310827,0.021072803,0.059366457,-0.030398143
-0.03204482,0.012719212,0.0018958728,-0.023554806,-0.041682325
-0.00024578976,0.037157048,-0.010244966,-0.01757926,-0.05770554
-0.012891083,-0.06156176,-0.010162737,-0.07376734,-0.047439888
-0.0155549515,-0.007061977,0.024687279,-0.03783255,-0.042650834
-0.059620928,-0.027178263,0.0038445776,-0.02792887,-0.020253832
0.00067754777,-0.044349052,-0.0007115607,-0.015253413,-0.045713432
-0.044769995,-0.08994734,-0.05335441,-0.07415334,-0.07691059
-0.047067493,-0.052893244,-0.005198397,0.042331368,0.0058591245
-0.042623542,-0.0855935,-0.052849576,0.01330359,0.06647239
-0.05349632,0.036394775,-0.016834987,-0.046245907,0.051436424
-0.018156432,0.04008548,-0.06333561,-0.038973313,0.050331317
0.026264155,0.0025869808,-0.008513144,-0.009437475,-0.016842615
-0.034488592,0.06829847,-0.035350148,-0.034998953,-0.015079984
-0.0026005518,0.026602514,-0.029134268,0.008708573,0.007766577
0.002993994,-0.006961748,-0.041993458,-0.018368816,0.044855896
0.008252601,-0.019337801,-0.013948296,0.0344393,0.025146723
-0.0060944655,-0.003060576,0.04881934,0.06645901,-0.018913882
-0.027658073,0.063666165,0.042733938,-0.028315077,0.010239838
0.045660455,0.0754187,0.03518773,0.0067253085,-0.005905641
-0.038973037,0.026367256,0.026431013,0.011504126,0.06319023
0.03741636,0.028055679,-0.04194829,0.015748907,-0.0080412375
0.14619903,-0.0043312446,0.012108184,-0.05392384,-0.011516207
0.12713256,-0.0045685912,0.052335825,-0.0047971727,0.030039158
0.0986539,-0.051352307,0.0658872,0.087242864,0.018410917
0.0042922464,-0.06783155,0.12255589,0.13521081,-0.06414205
-0.005201619,0.020108754,0.11885419,0.039642625,-0.051490095
0.009627558,0.015609671,-0.040803045,-0.015085662,0.009019345
0.0098022465,-0.045360465,-0.019572373,0.020938706,-0.008181313
-0.015441751,-0.014409728,-0.032180652,0.002614341,-0.0005431696
-0.05808445,-0.027334416,-0.013595347,-0.005364751,-0.032687966
0.0120000625,-0.031493887,-0.06574076,-0.0733744,0.014592124
0.028156301,-0.004271571,0.020082176,-0.008557457,-0.014867924
-0.0007491224,-0.018244255,-0.0043999203,0.0024224555,0.011835717
-0.04167109,0.017192353,-0.05292498,0.0041193496,-0.047350757
-0.017734671,0.0068200678,0.008911481,-0.017017724,-0.006962151
-0.043412767,0.02424581,-0.0073661804,-0.059882686,0.022971367
-0.012465765,0.060013954,0.00262517,-0.017238557,0.004367132
0.0077639143,-0.03825273,0.018429967,-0.025362702,-0.081615224
-0.089970484,-0.09794698,-0.038253855,-0.04418941,-0.0541738
-0.046345063,-0.055675674,-0.05038609,-0.04098198,-0.023101958
-0.02193136,-0.046874158,-0.08082947,-0.09984304,-0.10880016
-0.02536772,0.044747636,0.029789945,0.03461402,-0.010399851
0.046204887,0.027970564,-0.011444025,0.011892419,-0.027785832
0.019991599,-0.04090515,0.0059306435,-0.04661921,0.006234354
-0.03885166,-0.017984873,-0.04233289,0.00994107,-0.031500634
-0.039417002,0.011042672,0.008499446,0.034481704,0.010847231
0.017397419,-0.0043314486,-0.05213703,-0.030192126,-0.006439078
-0.04136169,-0.030511273,-0.037842073,-0.035695933,-0.025308724
-0.039485063,-0.07607659,-0.04877952,-0.031483345,-0.036596417
-0.010717595,-0.02680218,-0.022144444,-0.023268552,-0.022092044
-0.0384074,-0.017608745,-0.037498284,-0.0694721,-0.070674375
-0.012525336,-0.06489421,-0.018450461,-0.00714739,-0.015644085
-0.02555889,-0.0081535345,-0.037225895,-0.057027582,0.009122945
0.018890271,0.0016523619,-0.014370481,0.0019171129,-0.013456505
0.032886516,-0.04640774,-0.045098297,-0.012268069,0.053291038
-0.014911582,0.022231318,-0.03401932,-0.040027723,-0.02293819
-0.03976218,-0.04626805,-0.092115305,-0.0738515,0.012182888
0.038138494,-0.07118238,-0.062252063,-0.018642934,0.0007011729
-0.012803429,-0.057043713,-0.04025963,0.046911307,0.009709475
0.013626121,-0.039681606,0.022216085,0.006861706,0.009462727
0.0043390826,0.044296276,0.014083006,0.03315679,0.01062522
-0.010882981,-0.009587631,0.029291252,0.021904917,0.08472337
0.03331683,0.032546155,-0.0017065007,0.08153626,0.026207048
-0.0055954857,0.039756093,0.017369503,-0.006317849,0.059384167
0.022694167,0.022149546,-0.01614864,-0.034674097,0.051418375
0.06511431,-0.0071186842,0.033186793,-0.030407552,0.049901884
0.024577355,-0.0071976045,0.003159023,0.057169236,-0.004348963
0.0039984104,-0.015655762,-0.035900235,0.011181237,0.024368795
-0.05051606,0.018018762,-0.015848933,-0.039195508,0.017325953
-0.0029764185,-0.0010514552,-0.0051527265,-0.051604882,-0.069542184
-0.07332285,-0.030761683,0.007982464,-0.014380785,-0.06187427
0.015623502,-0.07576757,-0.028520018,0.01238853,0.054146074
0.006497158,0.009990016,0.007278055,0.060868565,0.07889709
0.022071842,-0.028441668,0.063371174,-0.015401664,0.03481663
0.0032678891,-0.024022605,0.051000345,0.051167168,-0.0031984334
-0.056239467,0.03871418,0.036772482,-0.0557851,0.011513239
0.02515564,0.02777119,0.040629365,0.012699418,-0.010951074
0.040990967,0.037516013,0.029550465,0.002725897,-0.019529825
0.028921941,0.046685338,0.034046274,0.02826924,-0.03371779
0.06923163,0.024862826,-0.048228614,0.03586619,-0.013887069
0.070264906,0.002052242,0.025353407,-0.009639041,0.06000097
0.01964103,-0.023639856,0.024042534,0.0045283977,-0.019486338
-0.03300517,0.0012804461,0.024628587,-0.07249367,-0.04401435
-0.00084794586,-0.020069929,-0.00019840189,-0.005667838,-0.020270715
0.009557923,0.011291708,-0.051207766,-0.05079097,-0.012704886
0.028986735,0.033274915,-0.051273316,-0.0054036845,-0.080453634
0.049960587,0.027465321,-0.010847836,-0.029702818,-0.024599178
-0.018943384,-0.010672586,-0.037890837,-0.048131507,-0.067703605
-0.039036267,-0.06370794,0.0022890375,-0.0408988,-0.06764793
-0.047028005,0.01978565,0.021954736,-0.029870218,-0.0019955293
-0.056673285,-0.022995984,0.022871908,-0.05714037,-0.007592779
0.03615815,-0.017364899,0.046356604,-0.03315191,-0.058046475
-0.027837083,-0.04925889,-0.012055374,-0.015221921,-0.0022390212
0.010791582,-0.067447476,0.015035529,-0.05971607,-0.0145919565
-0.072499044,-0.037708443,-0.044597976,-0.026731784,-0.0020367852
-0.01843949,-0.06774944,-0.08307962,-0.03143447,-0.05199652
