-0.0430152,-0.03153938,-0.021973513,0.048730772,-0.019667562
0.017686179,-0.0069657355,-0.036237154,-0.02231712,-0.049048156
0.059073932,-0.0046341955,-0.020647574,0.0060819313,0.025784142
-0.0070595406,-0.04071214,0.02827653,0.035206668,0.006953546
0.008011698,-0.036495417,-0.037667546,-0.0036746473,-0.037340187
-0.012137443,0.014566738,-0.032034848,-0.03868402,0.0022196304
-0.031341743,-0.04391079,-0.0019994348,0.015691336,-0.0022513182
-0.05082466,0.000134598,0.058085106,0.0154700205,-0.025657061
-0.028566765,-0.02984383,0.012487285,0.02472168,0.03856462
-0.013656643,-0.013961546,0.05772353,0.07440821,0.051712044
-0.0020929994,0.036950346,0.063958384,0.016249081,0.021205096
0.014478465,0.103293516,-0.024650296,-0.053169638,0.010313289
0.01721221,-0.028043477,-0.004217576,0.010645359,0.051345486
-0.05336897,-0.015059574,0.059621632,0.07272369,0.046253197
-0.022959417,0.038088966,0.09258725,0.059527118,0.05973469
-0.017656043,-0.01385263,0.0063863676,-0.052054018,-0.059131145
-0.0023419019,-0.00917035,-0.06536239,-0.010046489,-0.008290816
0.009838193,-0.017876245,0.047214806,-0.01519291,-0.003332285
0.0025332137,0.035928436,0.066989645,0.045241717,0.025417957
0.01849863,0.092268184,0.025782822,-0.00915151,0.03827196
-0.03475996,-0.004954412,-0.060196582,0.022490308,0.026717685
0.0012093653,-0.06405924,-0.01209207,-0.043199908,0.034323324
-0.0038851826,0.0039822585,0.019758604,0.021332916,-0.024099203
-0.004441427,-0.00604776,-0.004978395,-0.015912173,-0.043183178
-0.0871538,-0.056254618,-0.11290688,-0.034093373,-0.013952736
0.061294936,-0.0052193347,0.09261318,-0.058444247,-0.0034509874
0.072997384,0.021811217,-0.0577817,-0.04596615,-0.028860074
0.08538782,0.0004580181,-0.11002993,-0.064088486,-0.059422784
0.0070943786,-0.13842571,-0.12034001,-0.09204253,-0.012952815
-0.03456801,-0.10234862,-0.0065743513,-0.028061308,-0.08645615
0.052191034,0.06155018,-0.0023333526,-0.03282275,-0.008161286
0.008241232,0.048799485,0.013135864,-0.038623672,-0.03558201
-0.008595727,-0.041380424,0.059733473,0.030103607,0.02387298
-0.02393452,0.015297896,0.055816025,0.033577908,0.013200166
0.0056823003,-0.0027544904,-0.011565103,-0.01910684,0.025728824
0.040765308,-0.028729279,-0.022350393,0.05723716,0.03960875
-0.036367305,-0.035986513,0.054240495,0.10785893,0.0038966867
0.019592907,0.019348202,0.097030476,0.0652378,0.024492284
-0.02644567,0.04157132,0.0034405482,0.027434634,-0.01015793
-0.06950723,-0.032883674,0.0052441224,0.025852716,-0.015531251
-0.025298724,-0.028637804,0.0040783547,-0.019799842,-0.026252957
-0.07726023,-0.054453515,-0.001540185,0.019658504,-0.0063316436
-0.12462417,-0.10188552,-0.045366812,0.050467804,-0.0029174422
-0.08003169,-0.08196047,-0.051825814,0.030028861,0.052590545
-0.04469873,0.0026414061,-0.031173022,0.0073385285,0.00012278337
-0.041188117,-0.025298918,-0.008902274,0.03078169,-0.011799259
-0.013349663,-0.020170987,-0.020379746,0.04530212,0.031661615
-0.021833643,0.019522475,-0.041686166,0.019379063,-0.023391798
0.038604844,-0.03866527,-0.008203905,-0.02151925,0.0028838136
0.042658057,0.054378934,0.027601065,-0.03859068,-0.0074627344
-0.035002396,-0.002507525,0.0359375,-0.034984455,0.011935487
0.012542858,-0.02874075,0.012804895,-0.007830893,-0.019010983
-0.036773488,0.011411065,0.042873643,0.005614827,-0.018593283
0.001065918,-0.00035505902,0.034836557,-0.016439693,0.019632438
0.034996685,0.021037644,0.002846474,-0.019941773,-0.03890862
0.036585923,-0.037897058,0.034357727,0.052506644,0.038179718
0.049235158,0.025006443,0.043799806,-0.008522938,0.019642875
0.01625017,-0.015257669,0.013300381,0.045086384,0.03817579
-0.046423636,0.015530624,0.011253674,0.07849632,-0.020111889
-0.047167007,0.041970104,0.061404105,0.04950473,-0.00629192
-0.0043415027,0.04382114,0.035402734,-0.0024924632,0.02475619
0.081335396,0.036161054,0.04022723,-0.049235236,-0.0033072955
0.08269451,-0.0030561858,-0.052748144,-0.052245077,-0.018867562
0.02195447,-0.064246036,-0.011356368,-0.019880386,-0.053223237
-0.079417534,-0.071344,0.01710883,0.039224874,-0.010019465
-0.014107953,-0.028733227,-0.008952306,-0.0015566505,-0.053486414
0.044563357,-0.04182841,-0.008993679,-0.03701155,-0.043539613
-0.06754243,-0.0135114975,-0.010716634,-0.0146271065,0.023926819
-0.080954105,-0.01823941,0.013831053,0.06332328,0.04356407
-0.08903691,-0.067835264,-0.005946369,-0.02905265,0.0100061195
0.045168098,-0.043936912,0.012020749,-0.037960365,-0.03925482
-0.011147442,-0.036998603,-0.03189473,0.016550614,-0.017186701
-0.06817386,-0.08387814,-0.067997254,-0.03189112,0.020746408
0.032686457,-0.016854264,-0.049391452,-0.015098875,0.0048197927
0.055894103,0.008212312,-0.036843244,-0.035169184,0.023574801
-0.013269313,0.015919108,-0.01815042,-0.013058685,-0.051283244
0.07476105,0.014833473,0.037498068,0.004173074,-0.0660057
0.0022698157,-0.07242992,-0.0072653648,-0.025321849,0.020341089
-0.080916665,-0.014027638,-0.035748526,-0.022479648,-0.029988188
-0.013944094,-0.086034626,-0.007558058,-0.034905326,0.014645795
-0.043367565,-0.025965707,-0.036020953,-0.0175508,0.02352124
0.014738247,-0.02457808,0.01438826,0.03609966,0.057446502
0.005903542,-0.03919785,0.064695016,0.04167191,0.03364539
-0.025977412,0.060706828,0.0284115,-0.03295562,-0.021967446
-0.013360653,0.017791007,0.020886477,0.019265544,0.00016727926
0.036939878,0.05215897,-0.009979482,0.035551086,-0.012287526
0.040276695,-0.00986875,0.0052014943,0.04463723,0.005608077
-0.035146084,0.04262059,0.05708908,-0.008963986,-0.008713766
0.01278487,-0.007922435,0.02032108,0.036493663,0.009341926
-0.030948568,-0.010642068,-0.017723355,0.0018887366,-8.874906e-05
-0.008220856,0.026008178,-0.033218693,-0.031655565,-0.004229456
-0.051143333,-0.011020034,-0.051094912,0.027448785,-0.03848767
-0.059864078,-0.08071144,-0.017391643,0.060532838,0.010104867
-0.051347047,0.03530302,-0.0023699927,0.040602073,0.06561282
0.061448287,0.03859164,0.07790453,0.049374137,0.067851886
-0.010049937,0.008789955,-0.0034498768,-0.035242002,-0.00919516
0.005660893,-0.014187905,0.0038883928,-0.008695071,0.023628876
-0.014848723,-0.0065039257,0.03936945,0.035373133,0.008837884
0.010484336,-0.02179383,-0.019791698,-0.022332022,-0.018397441
-0.037782095,-0.052218992,-0.01128306,-0.033397637,0.019085322
