0.0028689194,-0.021591434,0.01911129,-0.011876213,0.014568495
0.009879141,0.053597834,-0.015051497,0.00699782,0.013921275
0.028765494,0.024414202,-0.067200966,0.083035894,-0.023363147
-0.017025111,0.09300744,-0.026127152,0.06648706,-0.031163478
0.041626673,0.035133723,-0.062244024,-0.0017649719,-0.029595865
0.020448994,-0.07924521,-0.03482662,-0.016572686,0.026792355
-0.012541866,-0.06021145,-0.016725564,0.031456653,-0.0059030587
-0.027465377,-0.058694687,-0.10986751,0.07699529,-0.021120798
-0.04557622,-0.0700986,-0.09399532,-0.018640313,-0.006134904
-0.07077205,-0.004510929,0.0070826975,0.077638425,0.065869704
0.080382936,-0.052135475,0.010256337,0.047121957,0.052806854
-0.024438083,-0.04868756,0.07879989,-0.028143762,0.0019402117
0.0032672388,-0.03382323,-0.19544569,-0.1539605,0.042961556
-0.0815352,-0.23619552,0.01811208,0.09136642,-0.053046994
-0.16443063,-0.22869883,0.13796018,0.25940672,-0.03203232
0.01219787,0.006193188,-0.040663533,-0.037373547,-0.0074786637
0.035910714,0.056011703,-0.0023290692,-0.059448265,-0.048663393
-0.004582292,0.0152369095,0.07158326,0.07305101,-0.023620049
-0.038961805,0.03570597,0.15345412,0.17548095,-0.0326071
0.010028086,0.030243339,0.17266618,0.10375626,-0.01911298
-0.008632798,0.049401958,0.014504757,-0.082033545,0.043693114
-0.043150216,0.015982546,-0.07796915,0.015599038,0.10250613
0.034868225,-0.09311126,-0.029415624,0.042216722,0.057693757
0.03750373,-0.049472064,0.02095634,0.029033832,-0.06516253
0.091664836,-0.076435834,-0.009236407,-0.024297144,0.07597037
0.03837597,-0.11169144,0.034486957,0.015387324,-0.10932391
-0.08638232,0.07926926,0.06581712,-0.14675044,-0.050749425
-0.06574784,0.26598346,-0.013299036,-0.1001864,-0.010884508
0.08779585,0.1396754,-0.15483174,-0.09973128,0.00036985872
-0.023767782,0.25747246,0.009676789,-0.09478876,-0.052100904
0.007880644,0.028028313,0.013040176,-0.017295983,-0.057101633
-0.021328839,0.036964145,0.05813937,-0.015437229,0.08625456
0.012703085,-0.04926527,-0.063944645,0.062819235,0.06762859
-0.07245574,-0.08370213,-0.018984633,0.056835257,-0.061017476
-0.10821782,-0.07734357,0.03845325,0.022374725,-0.036539204
-0.01643607,-0.06288229,-0.013895176,0.008312976,0.030064916
0.011789768,-0.062498126,-0.04459126,0.07693029,0.16870204
-0.022450686,-0.058779486,-0.0477104,0.19828445,0.016774641
0.012185915,-0.014523849,0.05695906,-0.018657265,0.022665022
-0.024959227,0.024804624,-0.06663811,0.037835848,0.12225379
-0.00143208,-0.022460582,-0.13128284,-0.09592788,-0.07918071
-0.011739179,-0.015347212,-0.16051845,-0.052975435,0.012873375
-0.014671121,-0.19187695,-0.19176447,0.05542596,0.049785223
0.006627821,-0.20090783,-0.23559499,-0.05809241,0.049665615
0.025322562,-0.032144997,-0.11173326,-0.10185617,0.08294192
0.021136612,-0.04445938,-0.0022748215,-0.032628514,0.031844456
0.03418933,-0.062560774,0.016544286,0.07821938,-0.0024260092
-0.045083337,0.009757045,-0.03208736,-0.022393523,-0.01151742
-0.04100898,-0.015199079,0.027309796,0.029559767,0.011816715
-0.05125031,0.06266487,-0.0054225023,0.09913358,0.0055677793
-0.06534742,-0.018320436,0.008137238,0.047458593,-0.009682338
-0.053509533,-0.099366955,0.062410112,0.03504436,-0.037405986
-0.04980789,-0.067569695,0.0025246742,0.090925105,0.04035
-0.09905943,-0.15049668,-0.09613875,0.02294236,0.006561496
-0.032086175,0.069660954,0.025142115,0.04321854,-0.037821967
-0.043044966,0.0065705297,-0.008384767,0.039017815,0.013974683
0.041903574,-0.045768388,-0.0068919566,0.093620576,-0.0051370873
-0.036367163,0.00080166984,0.029863654,0.0049159518,0.0042039496
-0.039624654,-0.024622232,-0.11522275,-0.020758195,0.021017332
-0.07796164,-0.061800186,-0.0012068453,0.11982215,0.048718873
0.0007692502,-0.007597888,0.028664302,-0.030151274,-0.0023499802
-0.0003332633,0.09843673,0.05956648,0.034016404,-0.025423802
0.025239,0.14200313,-0.052488223,-0.04628218,-0.0022259902
0.040330075,0.01157969,-0.15250498,-0.01121752,-0.09516653
-0.062462106,-0.11250594,-0.15628906,-0.029560534,-0.089041084
0.05393418,0.04140461,0.06893283,-0.047365006,0.08843742
0.059340544,0.01746815,-0.101504885,-0.07873748,0.013576712
0.03410578,-0.08487771,-0.0813275,0.019293066,0.015908489
-0.0069792867,-0.13095216,-0.038793493,0.060564984,0.019242961
-0.027165247,-0.13102677,-0.05387789,0.09504986,0.048490953
-0.027074218,-0.0059111128,-0.06606666,-0.0792094,-0.038264617
0.028290931,-0.045870166,-0.14113928,-0.029906137,-0.08045122
0.011430354,-0.13430326,-0.17963819,-0.0019432367,-0.028878571
-0.044586305,-0.13969506,-0.25064713,-0.020456092,0.02843434
-0.030216618,0.039951507,-0.06891075,0.021186281,0.07817452
0.06405117,0.025131121,0.07373811,-0.037924696,0.006300402
0.021470506,0.06363878,-0.011934216,-0.022357674,-0.011214323
0.009862938,-0.0014964323,-0.058991108,-0.036765706,0.0607354
0.025940532,-0.05448541,-0.17929779,-0.018232625,-0.026290389
-0.09707403,-0.16184208,-0.12084641,0.019391013,-0.11149658
0.028189646,0.031768877,-0.037921518,0.0374169,0.096648216
0.00029970615,-0.021675942,-0.021746555,0.07648707,0.099515036
-0.03263226,-0.016051123,0.05479455,0.062360294,0.06531668
-0.056060035,0.03136539,0.21975392,0.008775135,0.018659795
0.05351492,0.02842626,0.13708825,-0.00347821,0.03399051
-0.06102994,0.0052650385,0.05458544,0.040469535,0.09405832
-0.029059326,0.038016614,0.06069218,0.16196531,0.13229375
0.03838353,0.05214573,-0.015798261,0.17883125,0.049369637
0.022679739,0.00027098408,-0.07970497,-0.07032128,-0.0006975292
-0.072312415,-0.05232477,-0.010417437,0.011221893,0.08810053
0.05064583,-0.015931346,-0.071925856,-0.056557383,-0.046775635
0.014712523,-0.039268818,-0.073353775,0.00085172866,0.021218471
0.0059531354,-0.08634181,-0.111968346,0.06068924,0.002804894
-0.06160962,-0.037507113,-0.089699276,0.06264818,0.07461019
-0.032512516,0.07121725,-0.034377616,0.07457277,0.061102793
0.0028677322,-0.031244218,-0.010457237,0.009595011,0.032080427
0.03811791,-0.015599928,-0.048569616,0.081749804,0.07314454
0.042998124,-0.0714532,0.024224926,0.048517104,-0.050248664
0.004310111,-0.060827278,-0.093514495,-0.030445926,0.048882894
-0.092282966,-0.06596874,0.02197657,0.07630784,0.06658188
