0.039808694,-0.001187069,-0.015308949,-0.03503317,0.014348394
0.038471475,0.040610984,-0.016805902,-0.02531317,0.041716684
-0.030294633,-0.012884666,0.03958536,-0.0038822063,-0.008386061
0.012342072,-0.027227411,-0.021652184,-0.04238514,-0.043117564
0.00038872767,-0.03899504,0.0005584282,0.028135909,0.022697492
0.036233477,0.027857667,-0.040383697,-0.036541354,-0.04844467
0.02673848,-0.036118057,0.019103501,-0.034154557,0.007644077
-0.04123455,0.03370307,-0.018756403,-0.03247662,-0.030260643
0.00934989,0.03182923,0.048339408,-0.009997968,0.041017678
-0.00799742,-0.0041514877,-0.01824136,0.022484345,-0.00239278
-0.025233682,-0.0070577515,0.060735088,0.040244725,-0.001904094
-0.004284292,0.024692906,0.040292095,-0.00848004,-0.010893586
0.025986994,0.042034324,0.025467567,-0.0020800573,-0.018127691
0.015760696,-0.04241165,-0.044301037,-0.010853935,0.025675984
0.06369285,0.034515873,-0.010785567,-0.035964772,0.0048595867
0.03676134,0.0038756959,0.029289192,0.010446081,-0.04640476
0.037526798,0.047676485,0.020012265,-0.016770534,-0.016424412
0.021876223,-0.010226995,0.003017929,-0.034421954,-0.037395287
-0.031942222,0.038487718,-0.02642104,0.009054611,-0.03083214
0.011032019,-0.00786883,-0.026682084,-0.0030001553,0.02485813
-0.049325243,0.017568795,-0.0004915585,0.025915287,0.008549297
-0.014386512,0.0335539,-0.04152909,0.011104958,0.0019074425
-0.010928648,0.01737229,0.048010413,-0.022854477,0.020042475
-0.004333494,0.04099419,0.024814673,0.01848483,-0.0149404425
-0.023476198,-0.0065362104,-0.001200278,-0.039037187,0.016975287
-0.00782592,-0.004133159,-0.02996813,0.00022829665,-0.0034168302
-0.06022984,0.048601907,0.027196562,0.011128009,-0.0049413294
0.0059586223,-0.016325563,0.022858549,-0.045226008,-0.0017858082
-0.03537136,0.026454302,0.0077041364,0.008102325,0.026273496
0.050458733,0.0043038856,0.031195002,-0.035411566,-0.027951332
-0.016579594,-0.02360225,-0.010418108,-0.018079562,-0.04386331
-0.025448728,-0.029731823,0.023782035,-0.009582097,-0.007492755
0.04670289,-0.042937107,-0.0121829435,-0.025806854,-0.032069143
0.045027573,-0.0135192005,-0.012670567,-0.019063124,0.03004173
0.013882648,-0.004085775,-0.025145538,-0.0239739,0.024309162
-0.01337251,0.04122811,0.034447018,0.027203884,-0.023417931
0.03317611,-0.0019866559,-0.022116393,-0.03349865,-0.032975137
0.024022244,-0.024627833,-0.003501526,0.02826614,0.044245135
0.0331111,0.025831154,-0.025525253,0.024270978,-0.012589889
-0.0060791695,-0.01214655,0.0008351994,-0.0165579,0.034552354
0.0029945197,-0.00867914,-0.029609652,0.040030316,-0.045031365
-0.030414691,0.001044076,-0.03951099,0.01296367,-0.027581895
-0.045137215,-0.012347213,-0.016582778,0.0018733562,-0.0059953295
0.014959308,0.022325853,-0.0023906936,0.0278478,-0.0020583943
-0.012385751,-0.032702014,0.014808313,-0.0060503334,0.029667988
-0.0053084926,-0.03477495,-0.0074022426,-0.043131974,-0.022904454
-0.000551764,0.030097093,0.011974515,-0.0353297,0.03797963
-0.027883042,-0.035376154,-0.02576757,0.032327823,0.0098933
0.03537751,-0.03631303,-0.012816982,-0.0020313938,0.008473331
0.01850391,-0.03548856,0.02535012,-0.019137211,0.011187426
0.028377198,0.02756754,0.021567866,-0.019244486,0.018882763
-0.04887596,-0.002693636,0.0011836035,-0.010907252,0.0069914064
-0.024078647,0.025844818,0.011843915,-0.008802986,-0.02082712
-0.03794528,-0.02525632,-0.028601866,0.0062193284,-0.046772383
-0.04496791,0.011142359,-0.007027179,-0.02507556,-0.03252124
-0.0057384986,-0.016318537,-0.020846026,0.012077345,0.031017566
-0.008255355,-0.017731331,0.04451866,0.056668658,0.021921499
0.0010321952,0.051770363,-0.012417243,-0.03587939,0.039843377
-0.004664793,-0.029856864,-0.0042971354,-0.031114455,0.015686303
0.0013395397,-0.010302738,0.015348803,-0.0244362,0.021519445
-0.004080262,-0.025152775,0.018491106,-0.008292462,-0.032762088
-0.03726721,0.02557433,0.032735243,0.016581945,-0.023730272
0.0038736986,-0.003868477,-0.024539186,0.011254633,-0.01414118
0.0033487612,-0.033198044,0.0012211901,-0.02508881,-0.01610952
0.045101672,0.0026166951,0.03240698,-0.04122556,0.033808064
0.009050805,0.03221945,-0.005642208,0.0008843143,0.0040463977
-0.035254914,-0.030547911,-0.026838629,-0.006682715,-0.021522406
0.028318547,-0.03279493,-0.04596494,-0.035716623,0.043385312
-0.012560809,-0.02582629,-0.029118862,0.010211105,-0.0023865176
0.021810811,0.042110547,0.010592028,0.031266164,0.012720208
-0.04722062,0.015447138,0.027176904,0.000817475,-0.013587819
-0.03433286,-0.03727986,-0.03979558,0.018514765,-0.027994242
-0.03793626,0.017155968,0.037543055,-0.026523484,-0.036065944
-0.011528919,0.03179777,0.038570277,-0.040042095,-0.03524187
0.034244675,-0.021478314,0.039532606,0.04149615,-0.010933323
-0.014596265,-0.033923402,-0.036965165,-0.020563018,-0.0019203209
-0.008222744,0.009440252,0.04211549,-0.03561399,-0.016556956
-0.009424853,-0.037525307,0.029264672,-0.04634229,-0.023375891
0.0032612456,-0.04522136,0.02353137,0.010170698,-0.018490566
0.033660635,-0.04328552,-7.733583e-05,-0.013475159,0.004171418
-0.004927863,-0.039443262,0.011813125,-0.002697476,-0.009500168
-0.026073584,-0.042320393,-0.04137121,0.043270923,0.028251171
0.031679515,0.012330901,0.0018087835,-0.03512319,-0.013691972
-0.046859354,-0.003851031,-0.04032692,0.020638486,0.014731857
-0.015578967,0.023980232,0.014453678,-0.04092703,-0.018713858
0.025863588,0.015389533,0.008032065,0.0063078124,-0.052089144
-0.03448367,0.03063101,-0.025185509,0.035888083,-0.0083788475
-0.038124185,0.011115515,0.021740282,0.03289289,-0.028727064
0.026558727,0.03312479,-0.03132846,-0.035543516,-0.037884608
0.025032565,-0.042889353,0.042119432,-0.017699445,0.0074629085
0.00094632903,0.02129285,-0.0051326347,0.008932122,-0.03832382
0.01027017,0.03708014,-0.041693147,-0.024124864,-0.0047683325
0.011110044,0.038998567,0.013046066,-0.045140922,0.024349885
0.02725989,0.00036779046,0.0461319,0.03873274,0.010997252
-0.024213618,-0.0266794,0.011257092,0.038532067,-0.008500229
0.005056344,0.0034685838,-0.009370747,0.031324502,-0.04031319
-0.025595631,0.026565745,-0.009744679,-0.029682742,0.011118903
-0.027091658,0.04894739,0.039697777,-0.0065710703,0.032106277
0.008675442,0.039883267,-0.023950256,-0.04425358,0.02892362
0.02866554,0.0241101,-0.0014125716,0.025649581,0.0051693665
