0.034893885,-0.028027734,-0.002818362,0.004601543,-0.0068661366
0.060781293,0.011298205,-0.008609721,-0.03561328,0.029020356
0.065047555,-0.013521166,0.0106910765,-0.045374673,0.020792317
-0.012236549,0.010877765,-0.016090794,0.014096435,0.0032330935
-0.045714434,0.013886315,0.02804259,0.04083618,-0.013043645
-0.018562049,-0.027076311,-0.036318243,-0.04828307,-0.056304783
0.036684077,0.040319864,-0.0038235146,-0.019038375,-0.018704096
-0.021854617,-0.055700682,-0.008084192,-0.028005078,-0.011440409
-0.06028977,-0.034782317,-0.028208513,-0.048216436,-0.0052055307
0.089807555,0.00913593,-0.032903977,-0.027129613,0.00033119644
-0.02671013,0.07531786,0.090014845,0.02743518,0.013663634
-0.011627732,-0.043815874,-0.028559927,-0.076475255,-0.025231248
0.027448958,-0.04804619,-0.075116664,-0.076763235,-0.0009869923
-0.00064690225,-0.06904221,-0.12225372,-0.0024366684,-0.010917271
-0.03396323,0.011468815,-0.026311627,-0.042888656,-0.030613344
0.028835166,-0.041440763,-0.030287998,-0.018658947,7.952229e-06
-0.018017957,-0.038350116,-0.021321414,-0.0038745,-0.013827788
-0.01728349,-0.062381595,-0.007943512,-0.049670495,-0.014453395
-0.055410728,-0.04274418,0.008798219,-0.0376887,-0.00550857
0.039045166,-0.005125867,-0.012647817,-0.037613638,0.024542997
-0.031451024,-0.050704136,-0.052840393,-0.0058926963,-0.01750483
-0.056488752,-0.043157324,-0.057116996,0.054115433,0.017917842
-0.04403424,-0.025749618,0.032901064,0.12291214,0.044155456
-0.051691595,0.020679867,0.12176209,0.014441034,0.0051078172
0.015585048,0.09058123,0.0061647575,-0.01456231,-0.043674972
-0.07001606,-0.07717615,0.08095332,-0.00038831535,-0.035978045
-0.05536072,0.16980846,0.098802045,0.010050389,0.07577361
0.012276992,0.1310354,-0.055955306,-0.04935303,-0.0012630072
-0.019000487,-0.15913878,-0.079971775,0.0097755855,0.024772989
-0.14450757,-0.040222283,-0.036198355,0.047483575,0.042642243
-0.032506518,0.026306687,-0.028750774,-0.06975774,0.015983965
0.047003668,0.0444139,-0.005130384,-0.058001246,0.034006868
0.014521118,-0.0644411,-0.060830183,0.024469694,0.051367246
-0.045170266,-0.053816874,0.029819481,0.023359258,-0.04095325
0.023572493,0.067150645,0.013783505,-0.026992524,0.0114290435
-0.014512937,0.008820907,-0.0068966653,-0.0075334413,-0.07814819
0.030286767,0.052240208,-0.019264795,0.006318304,-0.0036464343
0.0011633184,-0.027383322,0.047254276,0.031592034,-0.08285677
-0.002945805,0.11182698,0.08642073,-0.026364362,-0.021394486
0.07526221,0.12924434,-0.04344719,-0.02636076,0.012379161
-0.022657122,0.03502211,-0.009836133,-0.04187458,0.009721075
0.004808221,-0.018125251,-0.040532142,0.01584467,0.0088593
-0.010710179,-0.04672119,0.03752575,0.009264336,0.035027456
-0.119218834,0.047229696,0.11380733,0.011510727,-0.05787203
0.04906429,-0.0030213022,-0.092859805,-0.09338282,0.008271491
0.031437002,0.025775883,-0.009719469,-0.027717376,0.025764028
0.005058155,-0.021372011,0.016426917,-0.025376778,-0.018579159
-0.03387153,0.00541454,0.028997019,0.01461178,-0.012319598
0.04999894,0.0585324,0.008641122,0.004313343,0.042378876
-0.00041074157,0.021938179,-0.046975244,-0.0023708532,-0.032817587
0.023571864,-0.009087606,-0.060382772,-0.038010977,0.029101588
0.000711453,-0.0290913,-0.0484085,0.025562897,0.004972616
-0.051583156,0.0313361,0.037986808,-0.017341213,-0.011880797
0.069566265,-0.002263915,0.012609073,-0.03825956,-0.0369822
0.030534448,0.009870134,-0.08642162,-0.019002479,-0.037880335
0.027648062,0.06911792,0.01660224,0.005440524,0.0032024474
-0.014356486,0.0073405677,0.01729697,-0.022795523,-0.06501966
0.011733229,0.016266083,0.0480467,-0.014224737,-0.013901051
0.03012305,-0.008290251,-0.029181123,0.00868177,-0.042425744
-0.007880233,0.018597722,0.017781774,-0.054433357,0.017872494
-0.05649618,0.0059417393,-0.003259487,-0.02884257,-0.031140815
-0.03389286,0.032656852,0.0331824,-0.059900675,-0.011714247
0.0036799312,0.05160057,-0.06251394,0.0064002033,-0.017061133
0.010607207,-0.008018669,-0.009030145,-0.010110315,0.044254053
-0.09281704,-0.07149049,0.0462068,-0.050661497,0.020125596
0.02002078,0.014255849,0.05585451,0.0054771435,0.051265202
-0.03128965,0.0039359145,-0.016452396,0.042203195,0.027458638
-0.07451064,-0.030713435,-0.031046493,-0.058162183,0.004260958
-0.060839884,-0.032052092,-0.03575169,0.023387266,0.016782438
-0.067846775,-0.037688922,0.01806085,0.0031720507,0.031038811
0.014048466,0.038781594,0.010767682,-0.045559052,0.037858553
-0.009023294,-0.04870007,-0.06685244,-0.041333005,0.0022678145
-0.08294372,-0.08379225,0.028945267,0.040974952,-0.033362035
-0.08301786,0.006570443,0.021904267,-0.055388987,0.050464813
0.0045437356,-0.06676938,-0.053068075,-0.016434902,0.058163896
-0.051125742,0.035979953,0.01950264,-0.0033315173,-0.022091577
-0.0038982853,0.0026406208,0.0012788705,-0.057197414,0.025090626
0.04435628,-0.013545746,-0.080692485,-0.027157163,0.04237272
-0.037140388,-0.023738025,0.004361205,0.029802853,0.071945965
-0.11100142,-0.010044338,0.08260119,-0.01572011,-0.03244339
-0.041866772,0.0458524,-0.0009235599,-0.016054012,0.006860727
0.0022136297,0.039599746,-0.0017648931,0.025277529,-0.009993193
-0.019573864,-0.033652123,0.043543108,0.057869226,0.022430945
-0.015588966,0.08035928,0.012119082,-0.003297456,0.008336131
0.022047874,0.021344073,-0.029716276,0.017604511,-0.019383322
-0.057457533,0.053888448,0.00432994,-0.007065619,0.022986274
0.016251752,0.007694192,-0.01162631,0.07136846,-0.018758645
0.019756906,7.005412e-05,0.082054004,0.07077092,-0.006323757
-0.07922938,0.078362636,0.06434178,-0.04613355,0.011027145
0.11973551,0.07409935,-0.044039708,-0.027048057,0.04397354
0.05965457,0.03162718,0.027838716,0.0027391787,0.008920549
0.05043351,-0.003001198,0.0015150233,0.00436659,0.023664711
0.012885583,0.001379523,0.031201193,-0.014988272,0.0019690276
-0.06649612,0.000115267496,-0.019896708,-0.06814586,0.002950179
-0.008596983,-0.013121024,-0.029297512,-0.011796589,0.02494517
0.007933263,-0.00352673,-0.037754424,-0.070477046,-0.04869168
0.006162858,-0.044393465,-0.04793202,-0.0073946635,-0.034547728
-0.01213533,0.05358836,0.09328481,0.028287668,-0.048955366
0.025567528,0.091577806,0.04248219,-0.036876712,-0.06113037
0.13367976,0.025349356,-0.058363643,0.016029127,0.0097728195
