0.027616892
0.043028656
0.0389055
-0.0009971648
-0.04744099
-0.049618576
-0.07612391
0.030830055
-0.018027622
0.0020961799
-0.013226618
-0.01747689
0.009069497
-0.025189217
-0.047182016
-0.010443337
0.018402906
0.009582727
-0.034225013
-0.008225274
-0.007184906
-0.07308667
-0.0074817035
0.055491854
0.008096957
-0.0769931
-0.015534738
0.021326542
0.011916089
0.002293371
-0.056154113
-0.0070767524
-0.035145137
-0.0055183247
-0.0164133
-0.026084328
-0.04305316
0.04796708
-0.026124783
-0.022488214
-0.09452859
-0.041339085
-0.029132731
-0.035999376
0.02482459
-0.059114046
-0.05184207
0.0001233873
0.008754718
-0.0005702882
