-0.0395876,-0.042577565,0.006944076,0.02207353,0.027129818
-0.041678797,0.025271798,-0.00615762,-0.034574565,-0.0008441672
-0.048788037,-0.0052784444,-0.0027109298,0.041622456,-0.039628763
0.033879146,-0.016315792,-0.038158692,0.008460754,-0.010262517
-0.03046638,0.015265687,-0.03259749,-0.002891268,0.031673457
0.015739575,-0.049405385,-0.039871134,0.025029957,-0.003614874
0.032653466,0.010619244,-0.04742534,0.0017920691,0.020043802
0.018697605,0.038839445,0.023773756,-0.01195812,-0.039727587
-0.015725072,-0.021373361,-0.040722467,0.031631935,-0.0032707928
0.008250844,0.019029414,0.025410589,-0.015150396,0.010413083
0.013064322,-0.0019236428,-0.03948403,0.019708905,-0.038609404
-0.009346781,-0.0009291439,-0.0049826135,-0.026711764,-0.010028072
-0.027980134,0.017577248,-0.014575149,-0.0009616877,-0.009250456
-0.018715985,-0.05001053,0.0015532834,-0.026795445,-0.025549844
-0.02929388,-0.0038716116,-0.0019175954,-0.038786713,0.026387205
-0.025046866,-0.04132945,0.037254643,0.03113436,-0.0017238474
-0.003591872,-0.02680279,0.045226857,0.018693136,0.01817184
0.038912866,-0.035170894,0.009288778,-0.011177249,-0.009702805
0.045099933,-0.0029464616,-0.0067040185,0.0118020335,0.012032758
0.03620852,0.019398505,-0.029741436,-0.03341358,0.030354438
-0.020017307,0.025728,-0.011941577,0.050209843,0.0011496721
0.0005838747,-0.016515806,-0.025930744,-0.020649929,-0.008296378
-0.020493425,0.04927766,0.038749136,0.026037082,-0.016001197
0.053262763,0.047749575,0.060791343,0.035447057,0.021272048
-0.024301926,0.04243609,0.023556547,-0.019163374,-0.033110056
0.012599592,-0.035443313,-0.03368782,-0.02476919,-0.03433369
-0.02681701,-0.018626902,-0.011244006,-0.033525232,-0.010904266
-0.026239196,-0.0298968,0.014449709,0.0016919535,-0.019900868
-0.018316647,0.011987435,0.005288327,-0.016902883,-0.02322098
-0.027125133,-0.019019851,0.0033192858,-0.017555928,-0.010144357
0.007475017,-0.039652575,-0.012129223,-0.048272945,-0.042827666
0.00024357506,-0.032394692,0.011982529,0.033276502,-0.04017976
-0.017161677,-0.033238877,0.031287055,0.010207101,-0.036324486
0.033480674,-0.0005566629,-0.03199875,0.020929066,-0.020788634
0.04276134,0.013297122,0.041267555,-0.016253151,-0.04226917
0.04066987,-0.054811236,-0.0020538326,-0.018070443,-0.024463216
-0.024868727,-0.0027691266,-0.034093287,0.022118296,-0.044196766
-0.017247414,-0.033386376,0.004063934,-0.03778975,0.025386147
-0.03225696,-0.021504354,-0.045570113,0.0029469498,0.03753792
0.041713197,-0.002932308,0.033650134,0.03794046,-0.035059255
-0.015083122,-0.015854463,-0.016425705,0.0005057348,-0.044120084
0.0030066145,-0.037426997,0.02914373,0.029755319,0.00821355
-0.008783247,-0.0026816002,0.0039446517,0.018392349,-0.038883768
0.016602807,0.05890395,0.058679216,0.032299224,-0.026289523
0.040462095,0.050152488,0.0089210225,-0.04013042,-0.038182147
0.0034120139,-0.03591521,-0.022416493,0.014091091,0.025390668
0.021788433,-0.03644609,-0.00026965683,0.039724473,-0.0315795
0.009909189,-0.03793601,-0.0076321205,0.044124637,-0.032330375
0.04589937,0.004442173,-0.029362155,-0.015652908,0.011178378
0.026602034,-0.015333953,0.029053679,-0.0023604557,-0.025688829
0.035653662,-0.041293263,-0.0036709327,0.0130661,-0.024852049
0.027644156,0.013463034,0.0058716494,0.048874725,-0.00785282
0.024031004,0.06364394,0.029852426,-0.015218904,-0.012611326
0.012287829,0.021229645,-0.0023316757,0.01576821,-0.0272068
-0.0069096927,-0.037830323,0.0165467,-0.0007063262,0.04342633
0.015356125,-0.039073028,0.006100243,0.029113645,-0.030982058
0.02196446,0.019484393,-0.008457277,-0.04415027,0.022686038
0.0142860385,-0.04372489,-0.03926204,0.017513974,-0.0084841065
0.017921325,-0.040796757,-0.04350946,-0.022994181,-0.028046671
-0.04547659,0.013154935,0.0166232,0.0359888,-0.010067197
-0.003219338,-0.023757357,0.042733196,0.006437738,-0.021781944
0.04827029,0.020552345,0.0054792003,-0.029313557,-0.0046195495
0.017371038,-0.03394362,0.0402598,-0.0374804,-0.014887158
0.020254942,-0.004317455,0.037610803,0.037513725,0.0038774365
-0.025685325,0.025184631,0.0008088286,-0.016473314,0.040567096
0.031161893,-0.009942472,-0.022150632,-0.04051111,-0.030118719
0.013708775,9.8464036e-05,-0.016157411,0.033473205,-0.028145524
-0.041349888,-0.033640012,-0.04704539,-0.021145664,-0.017529659
-0.040790323,-0.01084508,-0.00012010958,0.041804865,-0.033377584
-0.046720214,-0.0019852777,0.016698511,0.042728703,0.02240751
0.018606206,0.026168045,0.0059834695,-0.052434243,0.0026469054
-0.048695408,-0.0049981503,-0.030671721,0.010714351,0.019938221
-0.007914436,-0.03413594,-0.052893747,0.026197996,-0.0029474555
-0.0406675,-0.0017538036,-0.015872294,0.019409021,-0.026022546
0.034352884,-0.021497164,-0.009625397,-0.013760787,-0.036196068
-0.037972495,0.015917834,-0.029928235,0.010312301,0.011424132
-0.013943518,0.032221995,-0.03954361,-0.0143606,0.0066394545
-0.00043125887,-0.01717574,0.017667795,0.020597477,-0.02629933
0.011365885,0.0039330586,-0.036389682,0.008151699,-0.031424012
-0.024734894,0.027476408,-0.008321463,0.029238623,-0.0055972096
-0.03811506,-0.041893497,-0.032384243,0.037485287,-0.0009695358
-0.041848317,0.01776518,-0.020051448,-0.013791588,0.0017616346
-0.02609082,0.023664232,-0.0041857474,-0.023309417,-0.02319445
-0.021424552,-0.025448255,-0.0034336406,-0.029083539,0.015186896
0.008035282,-0.00966086,-0.009274567,0.040268946,-0.032420043
-0.032753114,-0.023940828,-0.051142987,-0.0388265,-0.042740505
-0.025995959,-0.030452857,-0.040947996,-0.0061270297,-0.028056331
-0.029120175,-0.0028860397,0.009817617,-0.008248575,0.030821748
0.008752105,0.043869346,0.008256936,-0.0043267417,-0.010719101
-0.038450517,-0.023168532,0.03895015,-0.022702046,-0.015532263
-0.047857504,-0.051647365,0.0018980012,0.0073570777,0.014298315
-0.044281673,-0.04794684,-0.02420058,-0.045571085,0.037936416
-0.021079268,0.022434704,0.0287612,0.036374997,-0.042996485
0.008808542,-0.029594982,-0.014806897,0.03262957,0.022613041
0.015774937,0.04642863,-0.00080126914,-0.025085647,0.016374335
0.017031627,-0.029560998,-0.037968032,0.043834973,0.018979862
-0.03819088,0.03306957,0.032533627,-0.00199689,-0.0237926
0.03891506,0.012263118,0.024107402,0.020609744,0.0029946011
-0.015335579,0.008262726,0.009428979,0.022814209,0.00345819
-0.011202968,0.010294915,-0.03301762,-0.042929403,-0.0030159045
