-0.010362206,0.021815708,0.0042958027,0.008611573,-0.029849479
0.010851314,0.019548621,0.0054220506,0.03109934,-0.003420586
-0.022428552,0.0003368605,0.043318085,0.026151288,0.01262581
-0.022110075,0.051409256,0.01834412,-0.051360022,-0.03634198
-0.0112352315,-0.002416338,-0.00023284198,0.027460143,-0.033842415
-0.047657344,-0.011496597,0.008604481,-0.03270578,0.006403339
-0.016731145,-0.0002609601,0.046057485,-0.03998234,-0.01823111
0.021723818,-0.006918284,-0.029376129,-0.037636984,0.00062705594
-0.037508916,0.014993215,-0.018750643,0.00016912297,-0.047013078
0.046988267,-0.020906016,0.004629138,-0.0025379378,0.013766728
0.0025915308,0.075758584,0.0082115615,-0.03487851,0.0072395355
0.029792689,0.08289841,0.005179934,0.021113653,0.012236335
-0.043244496,-0.02577299,-0.035611928,-0.029525261,-0.07050699
0.07093737,0.17332383,0.060046617,-0.012200341,-0.009958281
0.021340862,0.04188515,-0.07203899,-0.0053016753,-0.023388455
-0.04120945,-0.01421273,0.024131743,0.04118199,0.012091267
0.012231314,0.021093246,0.0792562,0.049855713,0.029013587
0.025103154,0.050804242,-0.017109508,0.015508284,0.038036127
0.009101593,0.037134543,-0.057312984,0.00018641759,0.0031914643
-0.018398559,-0.023975767,-0.0603757,-0.041248847,-0.04648738
-0.006988083,0.0054136505,-0.01495517,-0.035603356,0.01117338
-0.05062664,0.012651582,-0.051693052,-0.06150329,-0.03914228
-0.040204998,0.0015636717,-0.0029120557,-0.023637904,0.02949317
-0.0087130945,-0.06544189,-0.0070165717,0.067407176,0.0046237805
-0.0558819,-0.048827346,0.062054437,0.06502235,0.0074608987
0.0046779485,-0.027466703,-0.026589222,0.02233025,0.0035336965
0.05058705,-0.027022978,0.0035387531,0.046821825,0.08259868
0.038541965,-0.007146553,0.05216305,0.12977178,0.07198663
0.037615746,-0.07565846,-0.041658092,0.00544101,0.02130928
-0.003599499,-0.07315369,-0.1326642,-0.1193639,-0.0008514613
0.011153913,-0.031876374,0.0057017766,-0.024447184,-0.047672406
-0.005602603,0.00047467422,0.00028704578,0.009316435,-0.034716256
-0.03340803,0.04899322,-0.020869968,-0.046848483,0.01781456
0.030296171,0.045409646,-0.030116454,0.0008690018,0.00800896
0.042558834,0.012788841,0.031438373,0.019402629,0.04285621
-0.011289835,-0.0064439904,0.04792562,-0.009353205,-0.002739407
-0.0034127133,0.0106226,-0.015120997,0.024161987,-0.0021806695
0.025571866,-0.008009998,0.015702166,0.0027597924,0.023272533
0.01613506,0.04725695,-0.022298839,0.07344175,0.040174983
-0.032006003,-0.023733534,0.086008966,0.030549591,0.05223879
0.016664324,-0.06336381,-0.04769717,-0.08318165,-0.0675085
-0.030929966,-0.035954613,-0.0022096687,-0.09915958,-0.111526564
-0.07816073,-0.007822398,-0.06808437,-0.051870007,-0.051640686
-0.054631066,-0.060435034,0.0033628475,0.026320238,0.021955086
0.027588272,0.075920574,0.010461485,0.07575804,0.028145554
-0.01965931,-0.010305259,0.014530043,-0.014810883,0.032458987
-0.01734651,-0.036476765,-0.014038314,0.009874638,0.032483194
-0.020111842,0.02662598,0.010313223,-0.026708871,-0.018215619
-0.021689318,-0.020902008,0.066592164,0.03859757,-0.0059401975
0.020718066,0.028582405,0.022585424,-0.010799889,-0.007912635
0.045809463,0.03371412,-0.025636004,-0.025169503,-0.0660487
-0.024645964,-0.00010021506,-0.020862916,-0.008574174,-0.07835715
-0.023586469,0.011958706,0.0048275385,-0.03120195,-0.02757684
-0.011007766,-0.035744894,0.0036641166,0.01392411,0.03182832
0.0803454,0.06501548,0.052160867,0.022499876,0.03854606
-0.0064417273,0.006049534,0.015526738,-0.031250127,2.3553337e-05
0.012117748,-0.013252009,0.041457575,0.04790495,0.023755897
-0.0032436452,-0.016757002,-0.038182143,-0.018498523,-0.048959598
-0.026998218,0.007127598,-0.0134266075,0.011938016,-0.011964911
0.024013676,0.058106843,0.060458656,0.013528836,-0.00029327231
0.01429702,-0.0061212587,-0.064971186,-0.059103288,-0.03202753
0.025578056,-0.00035891202,-0.005738651,-0.0007854857,-0.05994065
-0.0060046758,0.0071608336,-0.006998091,-0.072114736,0.027074324
-0.04464787,0.04812919,0.053015135,-0.023603551,0.017877722
0.042898275,0.075901404,-0.032619365,-0.00018380219,-0.0027611565
-0.050749976,-0.019154267,0.021036472,-0.004590728,0.06624156
-0.04347295,0.011914724,-0.010545487,0.030885464,-0.0105704805
-0.040912364,-0.06484686,-0.07946042,0.031547353,0.011948227
-0.028804624,-0.051721185,0.006229804,0.00534578,-0.011206782
-0.07887107,-0.061306912,-0.07455771,-0.024213374,0.020920869
-0.016470786,-0.01658245,0.01656802,-0.065884344,-0.0045147217
0.028491467,-0.006424094,-0.07548434,-0.012174546,0.015887758
-0.037577994,0.0035162799,-0.07599752,-0.04322951,-0.022128237
0.0121864695,-0.08209616,-0.04416338,-0.040983703,-0.023739254
0.031210326,0.0039108605,-0.014011173,0.006454217,0.06770361
-0.045338854,-0.02988407,-0.0696573,-0.055320784,-0.027617877
0.03423922,-0.04072914,0.03139583,-0.026576942,-0.03130572
-0.031597417,-0.0409019,0.013919528,-0.07208238,-0.05342853
0.05372002,0.056598756,0.023960881,0.003146873,0.045874894
0.016867545,-0.016552854,-0.036265917,0.035656042,0.013836579
0.028442891,-0.0107282875,-0.026449637,0.034235224,-0.008667092
-0.0053082057,0.021357767,0.05789356,0.047040567,0.031362046
-0.028422013,-0.034510244,0.035021704,-0.027726945,-0.0024306579
0.058191076,0.007501591,0.026564863,0.0126855,0.00039915377
-0.014574295,-0.061027057,0.03557719,-0.030935345,-0.022004345
0.012652988,0.03947715,-0.018990163,0.02140158,-0.018825527
0.026137877,-0.011748457,-0.035912834,-0.00944616,-0.016444499
0.02058816,0.06286678,-0.0031178542,0.008175051,-0.013413819
-0.039630104,0.048528302,-0.003949173,0.0563164,0.060972665
-0.01891453,-0.0136637585,0.03865038,0.08005157,-0.0018371465
0.00845211,-0.011323209,0.033500165,-0.021387886,-0.0198304
0.03650799,0.029573556,0.010816839,0.0724299,-0.008520822
0.0474114,0.05638757,0.0077001564,0.019322231,-0.0292479
0.0040880754,-0.039619956,-0.041159388,-0.0118074,-0.061657343
0.04027383,-0.018259121,-0.024645701,0.0048364745,-0.013577359
-0.037281092,-0.022538038,0.02529142,-0.013032032,-0.022733059
-0.0076056784,0.028188413,-0.0015133494,-0.004967929,-0.08345749
0.02383195,0.020712998,0.0003722802,-0.06593199,-0.046203107
-0.04096443,-0.02813124,0.047102116,0.058767922,0.053284526
0.015871158,0.035937663,0.08422678,0.027266437,-0.023975542
