0.020745188,0.03027324,-0.054808795,-0.01678736,-0.041018683
-0.006921299,-0.01189442,0.0048261653,-0.05585128,-0.058954205
-0.031999674,-0.041748527,-0.025475206,-0.03937637,-0.032207247
-0.049166776,-0.020024111,-0.023777159,-0.01683003,0.016271377
0.0006475766,-0.026218385,-0.023520939,-0.014953978,0.011475895
-0.01865463,-0.051447537,-0.0013676375,0.029397747,0.040723342
0.074919716,-0.008664815,0.016700285,-0.030697728,0.017945994
0.0029878207,0.00081246067,-0.05930065,-0.0014914544,0.023920793
-0.032184184,-0.012776306,-0.007474799,-0.04387985,0.029377213
0.01790466,0.06857187,0.013108917,-0.057768848,0.011881383
0.012629302,0.010894419,-0.06338909,-0.008491163,0.0579677
-0.06312446,-0.07282339,-0.13389862,-0.12845232,-0.09084117
-0.12300808,-0.059818435,-0.052089386,-0.08388713,-0.10084808
-0.10410314,-0.10892892,-0.043834515,0.060435124,-0.06277684
-0.10228272,-0.09068285,-0.07368599,-0.00542964,-0.035037003
-0.026919028,-0.02456083,0.012910655,4.103183e-05,0.058263514
0.005042826,0.04846974,0.029259866,0.0204945,-0.033926878
-0.02009798,0.060568836,0.07318434,0.053026747,0.007273755
0.032400403,-0.0007498525,0.05896796,0.05831332,0.022169452
-0.015906041,-0.00985562,0.02166408,0.043252043,0.016700853
-0.06432361,0.0027971966,-0.06707731,0.035196602,0.01900357
-0.10804031,0.011139753,0.02009109,0.07641215,-0.010882684
-0.018783443,0.025406094,0.013268326,0.05125532,-0.029625133
-0.009186684,0.018676603,0.004830718,0.018541805,-0.024468869
-0.029210694,-0.015608245,0.018029125,0.023947991,0.0046213265
0.09962817,0.0041714013,-0.06259878,-0.0038103228,-0.040836252
0.12930106,0.07979646,-0.052597016,-0.057866503,-0.029185517
0.13883817,0.12929681,-0.0698351,-0.08685005,0.001964985
0.12684402,0.09237666,0.0106924735,-0.11673909,0.012347953
-0.07294955,0.07934377,0.072291575,-0.040046554,-0.02929259
-0.01157329,-0.036650542,0.015415611,-0.013520056,-0.023986815
-0.007390359,0.009398776,-0.012916554,0.011425207,-0.019521343
-0.020135935,-0.057381585,-0.05887445,-0.023524655,-0.032956555
-0.033951048,0.006135252,0.006170946,-0.02861201,-0.024369575
-0.097491674,-0.012612045,-0.04598782,-0.023333257,-0.031659283
0.008276659,-0.009229368,-0.015668977,0.017433839,0.03669811
0.024400096,6.515076e-05,-0.06381576,-0.079759136,-0.028155051
-0.025989544,0.0015469997,-0.05583175,-0.056918535,-0.028115075
-0.05409041,0.028065959,-0.06466079,-0.041897878,-0.037323095
-0.014724601,-0.007838209,0.017180908,0.0061763274,-0.03309809
-0.11982441,-0.076816015,-0.0077733425,0.021322848,0.040711883
-0.01522849,0.025982568,0.07036748,0.15485726,0.037571635
0.12250753,-0.0040908847,-0.04427507,0.03656657,0.030829981
0.046006545,0.036224786,-0.02235786,-0.07033979,-0.027467515
0.039576273,0.004527637,-0.08360748,-0.04406379,-0.065570176
0.016453391,-0.049550083,0.005895494,0.0045932126,-0.011778239
0.017703293,0.038823053,0.026319074,0.03176409,0.06805406
-0.0016845412,0.019718833,0.024016462,-0.026680855,0.061209694
-0.029815944,-0.0061435592,-0.018088236,0.0337154,-0.039016288
-0.025004672,0.026446009,-0.008333789,0.0140480455,-0.044560496
-0.021316608,0.08016231,0.14195175,0.13329273,-0.0027746812
-0.019680616,0.06517841,0.071512654,0.0068107694,0.0523916
0.049989365,-0.05111627,-0.036585405,0.013691951,0.055060674
-0.034471016,-0.010239677,-0.06342134,-0.004478763,-0.015346168
-0.00677284,-0.013109882,0.00218139,-0.035206992,-0.030429209
0.039774407,0.02051205,0.05711676,-0.020775175,-0.03362103
-0.044830192,0.028818185,-0.06765074,-0.029843906,-0.027274767
-0.03447279,-0.051176235,-0.07312188,-0.0063213073,0.0034491008
-0.06746174,-0.08620464,-0.008758035,0.011122266,-0.044194777
-0.06029752,-0.06627626,-0.04463471,0.024363885,-0.035986315
0.029020155,0.059164986,0.038756616,-0.0644023,-0.030124424
0.0042289263,0.024559624,-0.030064708,-0.08111761,-0.023263393
-0.07596415,-0.10650352,-0.10319799,-0.04914894,-0.038851533
-0.071849704,-0.10509415,-0.05680668,-0.108383514,-0.037274826
-0.030456243,-0.022784041,-0.021171702,-0.062018834,-0.07352267
-0.08001894,-0.0754492,-0.046237946,-0.058953766,-0.023486795
-0.05039197,-0.017312981,-0.074040495,-0.013360653,-0.018341258
-0.021113185,-0.08174481,-0.047207076,0.036941927,-0.007233209
-0.008704966,-0.08131923,-0.02557196,0.06769634,0.02072105
-0.00067799725,-0.03513954,-0.06609604,0.0668928,0.065801546
-0.06391264,-0.09634519,-0.067440026,-0.0547606,0.0128186885
-0.008729486,-0.0036042044,0.0052450253,0.012524502,0.06078812
0.027737712,0.021077773,-0.102528,0.028728783,0.040061515
0.032130547,-0.017655997,-0.017156906,-0.028250232,0.08143413
0.050371073,0.06952658,-0.042569175,-0.011695684,0.05392123
0.055648617,0.03645957,-0.013561748,-0.02084702,0.016753223
0.0021618423,-0.044322986,-0.048240088,-0.04848505,-0.007167968
-0.084427826,-0.042008564,-0.05050252,-0.08898733,-0.013053568
-0.049415957,-0.01942536,-0.07235931,-0.00043381786,-0.051750027
-0.08373688,-0.043013703,-0.073408805,-0.034722976,-0.037290853
-0.06009987,-0.042271256,-0.011221677,0.06062609,-0.001682358
-0.012792066,-0.03164491,0.014473969,-0.034931213,0.025137978
-0.021439577,0.01028325,0.030342981,0.006060375,-0.0058180788
0.006418151,-0.01711646,0.08878661,0.0300584,-0.0010251405
-0.037821077,0.047483627,0.0621156,0.025103357,-0.015331457
-0.021146959,-0.028488722,-0.01101207,0.0950762,0.009320651
-0.004863261,-0.009445049,-0.04293314,-0.0029585292,0.01778706
0.010955376,-0.01866561,-0.0039912313,-0.073386475,-0.01734758
-0.012962133,0.018722616,0.0061613866,-0.01732708,-0.034198597
-0.07789733,0.037449714,-0.050731204,-0.016599976,-0.05605531
-0.06987976,-0.022609184,-0.03510778,0.047968756,0.012607567
0.032850686,-0.007835618,-0.057986658,-0.018721724,-0.007780359
0.041640427,0.024379823,-0.048864257,0.03801731,0.072339915
-0.0017771712,0.025912022,-0.030579483,-0.023156159,-0.010925546
0.019170202,0.03320681,0.010091596,0.0034963381,-0.030444577
-0.010552977,0.062032618,0.075700864,0.085624374,-0.0139326975
0.0059698015,0.01896541,0.08012602,0.0062307133,0.045433935
-0.00056017435,0.041335963,-0.0017066235,-0.014970408,-0.004688767
-0.0611713,-0.008679122,-0.029707745,-0.055298645,-0.06612011
-0.054528065,-0.018314235,-0.06551867,-0.009040887,-0.06400378
