-0.021607915,-0.0043376135,-0.011841584,-0.022242246,-0.01882604
0.022428373,0.0048852214,0.025763713,0.035143733,0.0140887
0.0354894,-0.03919638,-0.026019098,0.011456028,0.029448861
0.004568036,-0.03398275,-0.03125426,0.0091109425,0.010441581
-0.03962965,-0.020517549,0.023062237,0.04118662,-0.044224016
-0.017425183,-0.058802467,-0.055504736,-0.046410188,0.0261653
0.00432131,0.018306732,-0.045947853,0.021776421,-0.051695302
-0.008526401,-0.04389243,0.0032067322,-0.0047092056,-0.055928368
-0.018079523,0.01749898,-0.036411036,-0.048838556,0.014316535
0.010360129,0.002569104,-0.07313324,-0.011322569,-0.024303408
-0.036843367,0.016774,-0.048721943,-0.053981464,0.046691615
-0.008500668,0.033103254,0.03426941,-0.031506684,-0.04853387
0.04590123,0.014527864,0.024179239,-0.06099367,-0.0828026
-0.0006635786,-0.02607103,-0.05065951,-0.057073876,-0.08156395
0.019957146,0.036849685,0.022611981,-0.1291337,-0.10127787
0.022904178,-0.013007129,-0.013321453,-0.018312527,0.015391503
-0.00541377,-0.030211318,0.02809324,0.018560845,-0.052817013
0.0053520063,-0.016054166,-0.050397113,-0.010487759,0.030261291
-0.029336672,-0.015825648,-0.07021879,-0.052504,0.04595051
0.018661479,0.03096349,-0.042781185,-0.012623132,0.044179995
-0.014442367,0.036931384,0.02690579,-0.00074314384,-0.052260038
-0.0033704445,-0.00496429,0.0665083,-0.047249604,-0.06295943
0.04383679,-0.0018070025,0.039199907,-0.017156404,-0.04474743
-0.03772173,0.0723246,0.021342529,-0.0068963724,0.031809743
-0.024186868,-0.03243891,-0.0054429844,0.06733911,0.02089888
0.031488456,-0.059806492,-0.07976444,0.098888315,0.110974066
0.050467774,0.03836755,-0.08499135,0.11083089,0.15959819
-0.0038320934,-0.06562165,-0.04866266,0.089259446,0.13633507
-0.06016994,-0.043034174,0.030779172,0.07227258,0.06068622
0.016465392,0.03674384,0.06992877,0.012236012,0.05605386
-0.014518409,-0.032126337,-0.028244805,0.045657847,0.002687497
-0.037697107,-0.015890647,-0.025730591,-0.02985541,-0.08275862
-0.015922332,0.023577867,-0.012293452,-0.008073781,-0.06694396
0.0042077,0.077079006,-0.01765005,0.012147375,-0.06018577
0.066827975,0.057832796,0.01299566,-0.008129898,-1.6391059e-05
-0.036002614,0.01911735,-0.08018026,-0.034286804,0.0038926098
0.025844743,-0.042171504,-0.07082802,-0.01901306,0.004804309
0.014163161,0.040318668,-0.0031634616,0.018598303,-0.016598208
0.026364638,-0.007962742,-0.015849687,-0.03749877,-0.025250655
0.00028350262,0.0050537856,-0.021836018,-0.0134317065,-0.021446452
0.030296598,0.031913076,-0.04747797,-0.059714675,-0.06436687
0.009353535,-0.06478745,0.0053462815,-0.0003789634,-0.08565202
0.037577547,0.015769867,-0.027016401,0.00045611203,-0.0680939
0.015903318,0.07899868,-0.023558673,0.006493641,0.027968427
0.011775941,0.015589019,-0.04717037,-0.06440733,0.0078095202
-0.03249963,-0.023103347,-0.04394616,0.0155327255,-0.03416256
0.022803785,0.0002735629,-0.015905155,0.03507831,-0.026209457
-0.026456846,-0.013870486,-0.013953373,-0.029305553,0.033255946
0.0488532,0.0008095916,-0.024126112,-0.038080547,0.013481988
0.0102647785,0.023383802,-0.051518835,0.028693011,-0.013207659
-0.011027047,-0.025534488,-0.012053267,-0.02493042,-0.007178752
-0.03298771,-0.003907434,-0.06254013,-0.036548134,-0.02890927
-0.019234879,0.0064327177,-0.0013293026,-0.009481137,0.0123725515
0.047559,-0.030560562,-0.040867258,0.012410431,-0.023975963
-0.010013526,-0.06868081,-0.049322397,-0.023942325,-0.03530323
-1.1445004e-05,0.01703755,-0.009956719,-0.06161962,-0.073942505
0.020570822,0.007584771,0.0151958065,0.015798843,0.025621524
-0.011188612,0.031609606,0.019252988,-0.045640893,-0.00949732
-0.035608098,-0.010668686,0.014054322,-0.028593786,0.004460947
-0.051791858,0.015260193,0.03238747,-0.015386975,-0.04675321
0.0063404236,0.008099315,-0.082132235,0.026819633,-0.01182607
0.001420262,-0.02005187,-0.057883065,-0.0037607816,-0.039539818
0.01795439,-0.009756234,0.0074888207,-0.011805181,-0.012713055
0.0049154223,0.02351385,0.02820149,-0.032979555,0.010751898
0.01562457,0.08234532,-0.026480285,-0.042540494,-0.016717272
0.031845793,0.06203543,0.03058872,0.0069399695,-0.04593553
-0.02490619,0.058350157,0.036074962,0.04063042,-0.031008128
0.006575234,-0.0035177893,-0.012719004,-0.042348184,-0.015130141
0.003992998,-0.032218114,-0.0098629035,0.011083684,-0.03334625
0.012211799,-0.017522335,-0.032842852,-0.014681967,-0.027288925
0.023727596,0.014445048,0.0019601178,0.06103673,-0.033559754
-0.026756836,-0.036100164,0.015401732,0.021550007,-0.041113667
0.030625168,-0.02168476,0.013963121,0.002366294,-0.031894393
-0.01615001,0.056925975,0.007510009,-0.024144392,-0.036422398
-0.031348523,-0.015859855,-0.029834889,-0.025940752,0.036350656
0.044086646,-0.0053576003,0.027114853,0.016380407,0.057461016
0.034159828,0.00967138,-0.015232814,0.08317034,-0.01192867
0.0035465113,0.005648789,0.060921688,-0.031473566,-0.04908217
0.010634481,-0.0013486489,0.058541656,-0.04032098,-0.041653335
0.060803752,0.08179467,0.021337993,-0.0038836873,-0.025867553
-0.0061598555,-0.0033675095,0.0059098876,-0.00614528,-0.0075014685
0.04248527,-0.028496882,0.0036965045,0.012867359,0.0066780364
-0.008652293,0.034216046,-0.0015434505,0.029200416,-0.011118611
0.023263264,0.03743527,-0.021745123,0.012727606,-0.0015898729
-0.0041558314,-0.04266912,0.02361015,-0.016567104,0.049047302
0.02085071,-0.05691115,-0.009804216,0.014915283,0.023499161
0.01776268,-0.04195736,-0.01563999,0.0046349973,-0.049266063
0.015052917,0.0051681953,0.042239014,0.028588219,0.0155705055
0.004394024,0.07475149,0.010407181,-0.023062838,-0.027525235
-0.030203016,0.011909339,-0.020537563,-0.008684381,0.0076413266
0.000926457,0.019098906,-0.0217729,-0.0077881105,0.023499634
0.0057883454,-0.040043727,0.0038985752,0.0020075243,0.014245652
0.026631732,-0.03892138,-0.025727708,0.021289233,-0.023072736
0.037326224,-0.023095954,-0.04391711,-0.015467379,0.0071805534
-0.05001813,-0.028919375,-0.044784512,-0.028421307,-0.0056015328
-0.04602498,-0.019846417,-0.049488734,-0.025755355,0.0064375834
-0.025629517,0.0042918036,-0.06449504,-0.058975004,-0.063344724
0.029156629,-0.019318512,0.023860905,-0.011593674,-0.041232444
0.061682615,0.037735783,-0.05850335,-0.04656032,-0.041139886
-0.03112372,-0.020670202,-0.035503082,-0.07518276,-0.044423595
