-0.09835133,-0.075168364,-0.14236283,-0.11761344,-0.07490939
-0.0234527,-0.0066670966,-0.07991127,-0.10866315,-0.07721504
-0.09652311,0.0014471122,0.03504131,-0.017646888,-0.03269346
-0.05950918,0.019600835,0.06289068,0.061194833,-0.09657188
0.010671977,0.09413394,0.1887863,0.0902197,-0.03301622
-0.037538122,-0.026864024,-0.11991238,-0.07408698,-0.03331868
0.067805134,0.053192787,-0.028549585,-0.107850954,-0.081364535
-0.027335685,0.037281122,0.08888552,-0.04943583,-0.07643416
0.021854661,0.10357231,0.12973638,0.054064274,-0.073571295
-0.033127554,-2.0821415e-05,0.10291918,0.05747617,0.010216338
-0.04156284,-0.020588541,0.009475094,-0.07632756,-0.04964802
0.009311555,-0.067790896,-0.03735255,0.014869034,0.008796813
-0.058556173,-0.061265122,0.03377105,0.06479977,-0.050936323
-0.042299367,-0.04361508,0.028748147,0.02864393,0.027619453
0.011876713,-0.030808235,0.008339793,0.025957113,-0.020378608
-0.010511969,-0.03976436,0.01340693,-0.041736193,-0.039000787
-0.0016083225,-0.085395895,-0.008905934,-0.054639775,-0.024143746
-0.031797886,0.01285347,-0.0029231892,-0.049466535,0.00027461804
0.027645243,0.0073742787,-0.02185214,-0.018210948,-0.003228654
0.06183667,0.040263608,0.0037780665,-0.050129734,0.013391347
-0.04740551,0.0148195475,0.016529536,0.0051377974,0.023116898
0.00522186,-0.013975581,-0.023273934,-0.03251618,0.015947197
0.00834042,-0.0403063,0.022026794,-0.007700333,0.03004187
-0.019110806,0.035087977,0.028499966,0.024518713,0.026631394
0.0030508363,0.0030055905,-0.051404677,-0.02466887,-0.010827289
0.048081417,-0.013416837,0.008329951,0.018161945,0.0020210145
0.019078325,0.007423693,0.045279328,-0.028375791,0.014602325
-0.016274668,-0.0073974365,-0.052667264,0.011413533,-0.012933482
0.031200215,-0.036669746,-0.05810663,-0.034788307,-0.052892625
-0.01989506,-0.032392632,-0.07062137,-0.0032232378,0.0022537892
-0.04628542,-0.043364637,0.014600584,-0.03090879,0.008729457
-0.017597696,0.0055997716,-0.022399984,-0.002133809,-0.019490425
-0.017644223,-0.009476178,0.037861317,0.03747816,0.00012913103
0.0022006626,0.049899723,0.050236307,0.002751491,-0.035700303
0.019124262,0.01729646,-0.03362228,-0.037746433,-0.0033545622
0.03526797,-0.059110872,-0.06468853,-0.0468512,-0.055751726
-0.0007735334,0.06240704,0.021463128,-0.07403161,-0.010009254
-0.029704783,0.047452435,0.0040038214,-0.039336633,-0.033158544
0.018726932,0.09403081,0.027959783,-0.0112129,0.012309158
0.029733516,0.041883655,0.047252607,-0.0038382192,-0.0057958686
0.031445317,-0.0032946467,0.052582514,0.02432303,-0.011363497
0.036099765,0.030345377,0.060340725,-0.016783299,0.03271213
0.026303515,-0.022723949,0.0017608545,0.024621565,-0.027768197
0.004254633,0.01886712,-0.003677058,0.030347463,0.0037614377
-0.025396468,-0.054165397,-0.015543746,-0.07441823,-0.014012741
-0.017893562,-0.038783725,0.019641621,0.0069676004,0.02353565
0.042814013,-0.036393624,-0.059330776,-0.05087454,-0.040782366
0.02570717,-0.046002895,-0.07282818,-0.025437906,-0.0041273795
-0.07454149,-0.11214669,-0.0627285,-0.03236592,-0.0118368715
-0.016703444,-0.0063076178,-0.05954081,0.021868942,-0.052651297
-0.003496057,0.03344655,-0.030045236,-0.012672042,-0.043821637
0.047218733,0.06461434,0.038484547,0.041718543,-0.047543775
-0.026267504,0.02700888,0.06627265,-0.029182808,0.012182871
0.013533743,-0.0065726447,-0.015780728,-0.06647501,-0.056386877
-0.008066091,-0.02281506,-0.049640846,-0.055449255,-0.065104164
-0.03592462,0.042803466,-0.038764153,0.013478922,0.036327995
0.034157105,-0.028197188,-0.014419893,-0.035756197,0.028064568
-0.041973826,-0.041172903,-0.029857306,0.036479153,0.028987814
0.0299852,0.034319542,-0.020850196,-0.02493328,-0.027471332
0.014737673,0.017411076,0.009268034,-0.034407377,0.0039706547
-0.02620369,-0.028498046,-0.07827804,-0.06503022,-0.07091529
0.05512472,0.05101231,0.062332273,-0.025645688,-0.026644068
-0.025619144,0.06957506,0.09346302,0.017359428,-0.03157651
-0.03511211,-0.008887756,0.071716,0.057076853,-0.026208121
-0.067610316,-0.005395326,0.055600118,0.036695372,-0.0012394169
0.020001456,-0.04418558,-0.0073474087,-0.016616642,-0.022942001
0.027339786,0.044345893,0.00712635,0.027846768,-0.03317283
0.007880266,-0.005784559,-0.027572349,0.009182827,0.014231819
-0.0021504152,0.018992124,0.021471187,0.04056596,0.0025913178
0.0015940162,-0.00063960726,0.006171794,-0.02899531,-0.005501584
-0.069374494,-0.032028005,-0.03802067,0.00655916,-0.03669115
-0.04211073,-0.010068884,0.03223491,0.007802347,-0.061265044
0.0055515976,-0.055190373,0.0024193162,0.06033264,0.034120385
-0.07990169,-0.061321683,0.019304993,0.062292896,-0.021001307
-0.039509047,-0.054917816,0.01625976,0.014975337,0.01431682
-0.063538514,-0.09809578,-0.05250397,-0.03702565,-0.015074794
0.0123257805,-0.04670641,-0.02994148,-0.06522085,-0.026922844
-0.009723765,0.0077379006,-0.012617918,-0.017130751,0.036731344
0.047350127,0.07583629,0.033476364,-0.04116217,0.019563956
0.023410985,0.082620114,-0.020334862,-0.040717494,-0.0124714095
-0.049393866,-0.04213893,0.015570361,0.013530625,0.045529343
-0.029632878,-0.055658404,-0.0455576,-0.028982129,-0.0049191597
0.017879691,0.06252767,-0.06451007,0.006739939,0.0488994
0.06336486,0.028492523,-0.04115705,0.011117643,-0.014288199
-0.03669451,0.03208764,0.0074921483,-0.06312989,0.020889627
0.022587689,-0.0013156227,0.012732168,-0.022618856,-0.01865961
0.04592336,0.011011155,0.00087768096,-0.043529484,0.038729154
0.021844544,0.0047839102,0.01558054,-0.013529386,-0.032161873
0.023715619,-0.009066661,0.002416625,-0.014851213,-0.032220166
0.05073138,0.0035357412,0.0040058238,-0.035777897,-0.012281135
0.013447797,-0.0041119996,-0.051044557,-0.030348985,-0.05330795
0.012362795,0.019696271,-0.011984387,-0.027632963,0.0035733683
0.060109798,0.0009089847,-0.018848902,-0.052822314,-0.03336496
0.050699793,0.068825275,-0.014405934,-0.0564748,-0.039996073
-0.012029605,0.03908814,0.026274418,-0.027785659,-0.012968737
0.0020381121,-0.027594998,-0.07621405,-0.06970045,-0.03255335
0.031848345,0.012661879,-0.019213984,-0.036507435,-0.08715817
0.008746225,0.05281072,-0.0050182045,-0.049764216,-0.07981486
0.038423974,0.042223837,-0.055051014,-0.038027335,-0.0077137765
0.018723076,0.029925331,-0.07832322,-0.0013612959,-0.033738047
