0.013306472,0.018940015,-0.0034175857,-0.03782931,0.0012551469
0.029254949,-0.034802612,0.040749345,-0.07430668,0.030639721
0.023741977,0.019126806,0.014811402,-0.021242559,0.019659206
0.027552078,0.04123769,0.030846247,0.03335672,-0.006290996
-0.009311227,0.01987477,0.03422413,-0.0023282683,0.016969794
-0.04389655,-0.008669634,0.027916515,-0.0058657276,-0.02069233
0.027406892,-0.008956154,-0.03021099,0.016550181,-0.037419677
-0.0004643873,-0.020345232,0.07357551,0.013579433,-0.06767267
-0.007107218,-0.043747947,-0.0024872152,-0.024891794,-0.04467306
-0.013206987,0.011063037,0.025414186,0.057013378,-0.041985977
-0.063834794,0.0167232,0.1252265,0.08835097,-0.046232436
-0.04293649,-0.03388112,0.049941134,0.123617984,0.08192073
-0.008531781,-0.035748325,-0.13089898,-0.061836965,0.1427714
-0.073799446,-0.049332906,-0.0027696297,-0.098264694,-0.066382416
0.030436998,0.0450383,-0.03710085,-0.10262821,-0.1407521
-0.014543116,-0.09332862,-0.02806893,-0.05479086,-0.029950984
-0.0206009,0.0016062625,-0.029301524,0.0030849644,0.056233454
-0.032031547,-0.044339385,-0.018653754,-0.016921273,0.002748344
-0.048669986,0.010901934,-0.040848896,-0.03745121,0.022371488
0.018615982,-0.014611972,0.033837993,-0.037907913,-0.0035019969
0.018492622,-0.04038506,-0.076071225,-0.08217819,0.05637311
0.019037968,-0.049663153,-0.006420766,-0.08073979,0.019648634
0.008652791,-0.020016897,-0.088399656,-0.040458858,0.046198227
0.033216834,-0.00019288782,-0.01979378,0.0058578425,-0.009438404
0.030628074,-0.07742853,0.032281253,0.061351947,0.047410663
-0.03467543,0.025495296,-0.06365726,-0.106784016,-0.057441376
0.00076858804,0.051785838,-0.03979417,-0.03467255,-0.117209606
0.03394542,-0.07529333,0.06656799,0.12619331,0.019668395
0.042623647,-0.0072530163,-0.024234015,0.12870349,0.045674328
0.046794597,0.020391392,-0.056566555,0.046761993,0.0378947
0.0213894,-0.010470401,0.0022204774,0.025703358,0.0278355
0.054616783,0.02196934,0.035592385,-0.01511826,0.015140633
0.026822679,0.013621737,0.016100122,-0.06554677,-0.029958352
0.009832521,-0.012804611,0.025188293,-0.036035012,-0.088029064
0.041608464,0.021479296,-0.0062999846,0.029432883,-0.020763334
0.017414827,0.061911788,0.039645694,0.058676556,-0.029894164
0.010233806,0.008723957,0.043325488,0.017514518,-0.00792801
0.028856255,0.014325107,0.02256707,0.04455213,-0.04074369
0.033746894,-0.01906881,-0.024849018,0.012571606,0.027198968
0.038839765,-0.022945046,0.07272541,0.10948392,0.0052875914
-0.006313484,-0.032565515,-0.026988074,0.008036749,0.05862636
-0.043684363,0.09693844,0.018863594,-0.05809809,-0.0731629
0.020796595,0.009965885,0.017190415,-0.07451921,-0.083375625
-0.0076944837,-0.07974423,-0.105549656,-0.081978425,-0.11651421
0.021608848,0.015875628,0.07009312,0.0145929335,-0.030707879
0.026934884,0.012146759,0.042069986,-6.8869565e-05,-0.014027382
0.019293396,-0.01585001,0.008493583,-0.012354987,0.015132407
0.0052076043,-0.023848232,0.06371016,-0.05195687,-0.019239314
0.00068048795,-0.026645139,0.02696677,0.010164609,-0.050866306
-0.005604937,-0.00051191787,-0.008356219,-0.02357076,0.02984056
-0.014228112,-0.009825573,0.024766192,-0.025226438,0.012937019
0.05273113,0.032834522,0.0043485863,-0.08314172,-0.038467053
0.00372194,-0.006488834,0.031988017,-0.06687043,-0.092219636
-0.013880304,-0.028318966,-0.041421026,-0.05557845,0.017347978
-0.051555324,0.013966172,0.053379443,0.04826822,-0.020461626
-0.015400992,0.05155387,0.071806625,0.023848725,-0.053429198
-0.03150194,0.018840572,0.061145715,0.044545952,-0.034375288
-0.01672763,0.005426431,0.0234587,-0.0103297625,0.02747674
0.012579678,-0.044107724,0.049884804,0.041517794,-0.022219665
-0.029943496,-0.013626119,0.06247267,0.030731667,-0.04819091
-0.0074884826,-0.0033337146,0.061008453,-0.05357247,-0.025122099
-0.020741127,0.0011310546,0.020205442,-0.021984134,-0.050520983
-0.0012878773,0.013809893,-0.06341626,-0.005879784,-0.036424257
-0.034703758,0.01727133,0.031654537,-0.016712183,-0.05711874
-0.022749562,0.02008891,0.03357358,-0.04346123,0.0015275434
0.0037205066,-0.074538164,-0.0150985895,0.051115844,0.048842262
-0.015351181,-0.019144587,-0.10136491,-0.015321164,0.038914397
-0.02216433,-0.008546595,0.00042742843,-0.009451387,-0.025250131
-0.04712631,-0.046224605,-0.064778164,-0.062168244,-0.019759694
-0.050500028,-0.04425731,-0.021207495,-0.04501227,-0.033121455
-0.035294846,0.018917225,-0.0025563329,-0.074296296,-0.0039589116
-0.0022944787,0.06139231,-0.038709532,-0.108162336,-0.026772909
-0.044620343,-0.0036003669,0.0021781002,-0.02956063,-0.11457481
0.028089818,-0.0065865186,-0.035564665,-0.040577803,-0.032749623
-0.03388628,0.015421172,0.03172894,0.028653344,-0.00021989958
0.0050731646,-0.030284746,0.014972726,-0.024855532,-0.0074412595
0.04281376,-0.0057910183,-0.076300055,-0.0051623033,0.029122446
0.0386106,0.027777832,-0.009654496,-0.078987576,-0.0007248772
0.007982013,0.008228091,-0.01719808,-0.07079269,-0.011311587
0.053933438,-0.003543515,-0.019298254,0.0021288048,-0.0038340732
0.0034302545,0.0027708248,0.026503058,-0.023567565,-0.0020271598
0.013200617,-0.057553615,0.04348215,0.040228378,0.045432374
0.006230763,0.026704257,-0.07710481,0.028099744,0.02067324
-0.0053601116,-0.0017444321,-0.0036115446,0.028628906,-0.02282103
0.007982882,-0.06348978,-0.013673863,0.055038717,0.050643023
-0.00513414,0.0022139677,0.056562223,0.0034426565,-0.021323118
0.008744649,0.04669111,0.06653491,0.0052619167,-0.029983178
0.036625333,0.03011816,0.030505775,0.005172234,0.018889563
-0.028044617,-0.030326907,0.017371029,-0.025341453,-0.041097336
-0.032724533,-0.020315677,0.035988577,0.06671978,0.01715166
-0.010565608,-0.059602197,0.0032245216,0.022600207,-0.017977815
-0.03580283,0.013602428,0.033925217,0.006738545,-0.017866656
-0.031730857,0.025910884,0.1126843,0.034936707,0.016369091
0.07109278,-0.024664273,0.023894468,0.0377919,0.021128017
-0.020659866,0.003959162,-0.030854248,-0.033520337,0.027686732
-0.034111973,0.030760814,0.03605201,-0.009962235,0.063789375
0.06673685,0.05228187,0.046493605,-0.038657848,0.026151344
0.0038655559,-0.016638946,0.031648293,-0.0062977895,-0.04950005
0.034684118,-0.050019972,0.008097945,-0.016078798,-0.054616615
-0.032232154,0.0075941994,0.030058917,0.06651881,0.00018730195
