0.014130304,-0.03773427,-0.0036765148,-0.027972437,0.0049403394
-0.014462655,0.013584815,0.0570589,0.05092851,0.022826355
-0.013906732,-0.0030791974,-0.013176389,0.043511134,0.01853768
-0.0025387479,-0.023635708,0.035064306,-0.011310938,0.014505915
0.051953245,0.020190746,0.0025345671,0.028740996,0.053637754
0.047990613,0.032144554,0.004195312,-0.027835596,0.05491762
-0.022970425,0.045074105,0.029664606,-0.020868035,-0.026930118
0.023873914,0.058556672,0.0675949,0.008784455,-0.048735768
0.025540967,0.048420113,0.034942284,-0.014452481,-0.00445466
0.044595998,-0.01391765,-0.0099720545,0.004339694,0.017090553
-0.01516535,-0.017948218,0.117134646,0.021025835,-0.08860388
-0.10866078,-0.06424781,0.13097353,0.20209253,0.092109755
-0.08209768,-0.08751212,-0.062234934,0.07562909,0.07170904
-0.041657206,-0.0018734542,-0.02778264,-0.034370683,-0.0018404208
0.05975234,0.08150488,-0.029094547,-0.116833694,-0.003763154
-0.045057356,-0.035997495,-0.0061364663,0.024809467,-0.06950692
0.016673556,-0.062243965,0.035723634,0.016300216,0.012475556
0.035833895,-0.02923472,0.023480797,-0.021295194,0.012483074
-0.037641205,-0.036612354,0.028701339,-0.0049102344,0.012443142
-0.0058749905,-0.015217831,-0.036624566,-0.07244733,0.0010796962
-0.022691274,-0.0027979843,0.00046667486,0.019421857,0.015271012
-0.010839658,-0.07891437,-0.04574037,-0.029445264,-0.022250071
-0.06889546,-0.08381444,-0.041786116,-0.08508964,0.009075735
-0.03826346,-0.075805135,-0.0855997,-0.050989874,0.04773815
-0.07435102,-0.09252026,-0.0077967136,0.020490883,0.08780583
-0.026299376,0.07349458,-0.030647825,-0.071091,-0.11834649
0.022997916,0.031549446,-0.019036798,-0.057528526,-0.14467655
-0.019738622,-0.035743844,0.05585244,0.05244935,-0.04899423
-0.08123539,-0.06624835,0.04261377,0.12888367,-0.035352457
-0.040437125,-0.08047855,-0.062885806,0.032281913,-0.036755938
0.053844273,0.011901589,0.014309127,-0.010230639,0.030959412
0.07360309,-0.002699896,-0.040313657,-0.028521992,-0.05457214
0.012186444,-0.0283077,0.0024404908,-0.06284449,-0.005904022
0.022231217,0.04951989,0.016923884,-0.061200798,-0.0013889092
-0.015041588,0.025843749,-0.0076980647,0.01984591,-0.016564168
0.050253164,0.015260609,-0.004799425,0.07086039,0.041852932
-0.010464967,0.08586557,0.0061414395,0.0462306,-0.010175144
-0.012598151,0.03388555,0.04748755,0.0516141,-0.028250298
0.07147685,0.022216395,0.061446544,-0.0065435055,-0.034325134
-0.0120783625,-0.041360777,0.103402615,0.10047584,0.022150317
0.024863372,-0.06698221,-0.069249064,-0.037347462,0.03603446
-0.04301201,0.04284839,-0.079752296,-0.049591273,-0.032152366
-0.021402506,0.045733307,0.04135093,-0.096003264,-0.1479681
-0.0101131,-0.0018824232,-0.101753466,-0.12881443,-0.1073762
-0.025404893,-0.040285204,-0.07800044,0.02388729,-0.028644338
-0.04057552,-0.02264306,-0.03116305,-0.013235575,0.029631168
0.012370231,0.04567925,-0.030853577,-0.0065773176,-0.009255042
0.039518308,0.020340635,-4.9573206e-05,0.026628312,-0.010331644
0.02215435,-0.02434277,0.042315524,-0.029515615,-0.049405735
0.034614366,-0.0003616566,0.011550571,-0.011675117,0.037966114
-0.030220352,-0.03251038,0.032253027,0.047368247,0.0048021125
0.049495067,0.01665523,0.013527105,-0.033653084,-0.024966175
-0.040112007,0.066227935,0.05579286,-0.07235823,-0.11523697
0.02731791,-0.027169047,-0.007856034,-0.0060199066,-0.05681091
0.020626199,0.0124910455,0.040481105,-0.005194244,0.0025694624
0.029637229,-0.011152815,-0.021357244,0.01928496,-0.056038912
0.012037182,-0.037684217,-0.013018815,0.044789426,0.013497494
-0.060997672,0.04328948,0.02633525,0.056092545,0.012087766
-0.008169057,0.016663212,0.0077571413,-0.01317639,-0.0075255237
0.022476949,0.066751964,0.052745346,-0.0020216051,0.026214344
-0.009705021,0.028985217,0.021460515,0.0022073996,-0.059485342
0.019249335,0.030915193,0.0110992575,0.02157587,-0.012588273
-0.016738124,-0.003990523,-0.04616327,-0.020830162,-0.053557307
-0.040514886,-0.029115627,0.02612674,-0.009116792,0.004422015
0.055980477,0.08392948,0.07831649,-0.034293655,0.041312523
-0.06683882,-0.04950769,-0.013735837,0.033970024,0.027442295
-0.040412232,-0.05513359,-0.08595492,0.041407783,0.1033533
0.0044941925,-0.0076105366,-0.063275106,-0.048596624,0.01670177
-0.0055804453,-0.027212298,-0.049454693,-0.102918334,-0.014767796
0.00057388435,-0.03594227,-0.07709015,-0.1039502,-0.06360552
-0.04121056,0.016515527,-0.026482562,-0.026071772,0.02784051
-0.012585486,0.054759637,-0.103091836,-0.08713846,-0.030152336
0.0108279735,0.07078025,-0.040565047,-0.107757755,-0.055775426
0.031557463,0.014461601,0.012024333,-0.07775246,-0.049959477
-0.003360861,0.012316012,0.003906649,-0.05306979,-0.009709709
-0.027156444,0.03918373,0.03862218,0.01727799,-0.042729616
-0.048258547,-0.029637635,-0.025524229,0.030082373,-0.008889831
0.00082067057,-0.04802961,-0.067845725,-0.04928566,-0.08375215
-0.042025626,0.034542877,-0.0042388136,-0.12069714,-0.06824096
0.04702159,0.031968243,-0.012321131,-0.059814043,0.025196493
0.0412979,0.03299234,0.065271534,0.018380705,-0.048942726
-0.038118865,-0.017749302,0.022930166,0.03511121,0.026327392
0.010276022,0.0146086365,0.041233692,0.060372993,-0.029095495
0.026757238,0.0030884966,-0.035621077,-0.014567717,0.029708683
0.0024839486,-0.08396091,0.013120122,0.0025023054,0.010827105
0.056050196,0.057259694,-0.04063596,0.023010686,0.029032601
0.05349093,-0.010079912,0.0028603363,0.050220814,-0.032267965
-0.032207713,0.02811194,0.069549814,0.040868193,-0.024173725
0.022497542,0.03363584,0.058514826,0.02277221,0.06517458
-0.013439215,-0.034759164,0.019535186,0.123898044,0.055907626
-0.025371434,-0.041806236,-0.036792897,-0.007472107,-0.037613343
0.036410253,0.012145231,-0.008629014,0.051002562,0.022940094
-0.027775807,0.02213694,0.06540083,0.12625724,0.007911764
0.026588786,-0.012983997,0.087384306,0.015322406,-0.060677238
-0.012923855,-0.0062444927,-0.016911993,0.025844451,0.02981994
0.027998157,0.023303954,0.034443118,-0.028422311,0.06701988
0.01397478,-0.031653807,-0.049370453,-0.010182922,0.0026847844
-0.008527239,0.03245471,0.03496572,-0.09215483,-0.036878902
0.052970186,0.042501334,0.02153091,-0.031528305,0.021370322
0.021600509,0.024610592,0.0340208,0.103388205,0.03413955
