-0.021438858,0.029443666,0.08242726,0.048381455,0.011999063
0.0025251578,-0.026720468,0.098991655,0.018233549,0.009395198
0.043576192,-0.02203258,0.051000964,0.045242243,-0.037404954
0.036318682,-0.028468903,0.02248979,-0.020775363,-0.023118518
-0.006184586,-0.04034087,0.03835946,-0.027816372,-0.0463026
0.037635624,-0.031051863,0.0022682785,0.023437824,0.0058769076
0.010915359,-0.014001397,-0.03655376,0.081599414,0.048828457
0.030815937,-0.04868963,0.0074617863,0.010164785,-0.00024243821
0.006327687,0.028760806,0.03854068,0.04408028,-0.022695577
0.037568714,-0.005288006,0.016713561,-0.016139565,-0.04122419
0.0060599283,0.20863643,0.12032734,0.036486316,0.062582746
-0.12517303,0.043503836,0.19679819,0.027998995,-0.036962014
-0.08980897,-0.079181604,0.1894692,0.13633642,0.0059858547
0.0017096048,-0.11508166,-0.08175536,0.051574733,0.06322288
0.019066576,-0.0040755174,-0.04657839,-0.031475246,0.052125927
-0.0113990875,0.02967127,0.05102795,-0.048813384,0.0022581208
-0.04714891,-0.002435259,0.08617774,0.005864795,0.026695253
-0.018061122,-0.0930842,0.049265437,-0.002720543,0.031436164
-0.036090314,-0.095087014,-0.02182262,0.0040126024,-0.03114965
0.015814137,-0.034358405,-0.08488889,0.0033879615,0.04207353
-0.007119841,0.0091538895,-0.035664275,0.020350307,0.005515383
-0.07568428,-0.05972473,-0.023403794,-0.011595484,0.050654218
-0.0460741,-0.08882171,-0.05316465,-0.086728446,-0.012142825
-0.048406925,-0.015972136,-0.07013329,0.0063734795,0.023634741
-0.011467678,-0.014360769,-0.041059718,-0.034102473,0.02736586
-0.06252591,-0.09912361,-0.095350236,0.0016007904,0.055526942
0.002862996,-0.010939325,-0.23431884,-0.08644987,-0.096080124
-0.034419965,0.10798393,-0.17966275,-0.17700921,-0.056898374
-0.083123654,0.029560674,0.010766685,-0.114283584,-0.038969576
-0.034238823,-0.016471619,-0.0013373414,0.04964632,-0.08308904
-0.0019733452,0.005309827,0.01766726,0.03018908,0.03648021
-0.03275712,-1.1191631e-05,-0.030491533,0.009508791,0.030970352
0.013555465,-0.05032662,-0.049646284,-0.0027270133,0.016327182
0.021550722,-0.008952454,0.003600623,0.029338934,0.010971257
0.041131895,0.10111199,0.05003939,0.024888763,-0.020934235
0.121737495,0.029376682,0.0789635,0.1193533,0.021518983
0.07693026,0.015258004,5.7063575e-05,0.08552401,0.011767173
-0.019764045,0.018811876,-0.042573713,0.059818488,0.04379884
0.0035681676,0.061659116,0.015249391,-0.0036715213,0.01227227
0.02344296,0.080821715,0.0060979035,0.027556641,-0.0011946303
-0.07970651,-0.12646963,-0.014254394,0.06147726,0.051024444
0.07070438,-0.14783578,-0.07454855,0.043332808,-0.0006049167
0.016771832,-0.029759608,-0.052949112,-0.030922363,0.025906553
0.0022009464,0.033027343,0.018689096,0.046997454,-0.02198869
0.002972159,-0.031248704,-0.03411003,-0.00891271,-0.054337397
-0.030301876,0.0070431908,-0.010718414,0.04295894,-0.00945379
0.046181493,0.020122932,-0.035500243,0.02784121,-0.026578626
0.053229883,-0.013650104,-0.022093693,0.023809772,0.027764939
0.03738442,-0.0045310403,0.021865418,-0.023331914,0.045310892
-0.027845452,-0.021489775,0.04837479,-0.050605796,-0.031759866
-0.048315804,-0.0065452927,-0.027878495,0.045400623,0.050516054
0.087822884,-0.043532696,-0.08368256,-0.043157544,0.028323125
0.025215596,-0.024951778,-0.010706153,-0.038353503,-0.017784357
0.045460586,0.07890401,0.029071609,0.058472842,-0.020985892
-0.07441936,0.05074243,0.036458425,0.061250508,-0.009714228
0.077390894,-0.011620301,0.04297138,0.09892386,0.043562733
0.038173772,-0.015515786,0.018944498,0.025734158,0.033769105
-0.03244546,0.029640429,0.08700521,0.075800695,0.0024857575
0.035357803,0.037005033,-0.030968139,0.06767534,0.024077963
0.031785652,-0.00733931,-0.03823455,-0.03393641,-0.032796383
0.004774554,0.02906618,0.025778739,0.04184208,0.040958717
-0.0666013,-0.08071555,-0.05152675,-0.026061043,-0.011097889
-0.059306588,-0.09749874,0.026785126,-0.02619642,-0.061323643
-0.010719952,-0.013927751,-0.007651372,-0.0076416,-0.0020103676
0.031153373,-0.00791887,-0.012832044,-0.00942764,-0.010138214
-0.09547386,0.03925942,0.08440085,0.011093753,0.017944938
-0.11299413,-0.10728033,0.06824538,0.04154518,0.04223726
-0.020333458,-0.06965433,-0.02179752,0.019940924,0.06283203
-0.027606599,-0.063901395,-0.07580414,-0.011708425,0.027473733
0.0154714715,0.0016326767,-0.048638266,-0.033603966,0.057027996
-0.05612244,-0.12984361,0.0013931496,0.014335091,-0.006205583
0.017061524,-0.092709154,-0.11020436,-0.018022703,-0.010872994
0.04323194,0.05860475,0.0044108713,-0.0024712991,0.034537166
0.048915096,0.021983644,0.05916761,0.021387255,-0.040948752
0.051498536,-0.02392288,-0.025095996,-0.0354224,-0.037582558
-0.038548093,0.017815508,0.02870679,0.09536144,0.04609084
-0.11152053,-0.106260374,-0.07414797,-0.035950504,-0.043992355
-0.05893504,-0.13545348,-0.05882775,0.002384252,-0.056196213
0.021413894,-0.123412296,-0.043444637,-0.004789537,-0.022203658
0.03365267,0.03977811,-0.014467786,-0.021447243,0.0134066595
0.08700646,0.08835994,-0.009418014,0.013314997,-0.02898694
-0.0024360877,0.08013606,0.024975086,-0.0012316493,0.014802037
-0.015149432,-0.00026473877,0.059430894,0.031878818,0.021554768
-0.011671019,-0.048656423,-0.025736982,0.034591038,-0.0112133715
-0.01186945,-0.05189305,-0.049100112,-0.04839598,0.024824651
0.09832086,0.02384602,0.045273848,0.10406543,0.040257167
0.037538934,0.07038555,0.012641958,-0.06354001,-0.024889907
-0.048539415,-0.037932705,-0.063564025,0.00935821,0.037085555
-0.013335409,-0.04205868,-0.018073834,0.048970226,-0.018971918
0.051870752,0.060018945,-0.016221175,0.016689971,0.04542488
-0.06081969,-0.058062963,0.010587008,0.025013512,-0.023397526
0.13556318,0.064491495,0.031873535,0.028485008,0.011314834
0.08481194,0.08075348,-0.010011793,0.05992578,0.02420765
0.040721893,0.09518983,0.061438236,0.04110152,-0.031572092
-0.100969955,-0.029611943,0.072699584,-0.018125074,-0.0024329135
0.04101023,0.018859228,0.036807265,0.05797231,-0.00015571764
0.027797516,-0.018525435,0.022788862,-0.047598265,0.051610127
0.0031981878,-0.06471525,-0.061652575,0.035387136,0.05922067
0.04024295,-0.01687191,0.06643473,0.041943226,-0.01244906
-0.03429837,0.046951257,0.06461298,0.057254698,-0.02042581
