-0.04713981,0.035251524,-0.005672574,-0.014249189,0.05043946
-0.024272691,-0.02480045,0.028906234,-0.0018796871,-0.025962764
-0.01016077,-0.0019801357,0.043431062,0.014385468,-0.016332794
0.009721282,-0.01500333,-0.004030106,0.0073119043,-0.015048887
0.012310808,0.030794809,0.006233098,0.029898629,-0.010623007
-0.042865425,-0.060492866,-0.010450497,-0.01488508,-0.036605638
-0.007894841,0.028057048,-0.012055844,0.022723107,-0.02092873
0.041584495,0.002240615,0.023466878,-0.03474928,-0.00024179336
0.051125526,-0.042880848,-0.06220012,-0.009523216,-0.07901346
-0.0030796921,-0.0047826613,-0.07404823,-0.028404513,-0.06349551
0.045151826,0.073916234,-0.07810395,0.008080892,-0.01438721
0.10928553,0.02138679,-0.1470759,-0.12726763,-0.07326374
0.12061841,0.029795824,-0.047075465,-0.13262679,0.03572529
0.042663578,0.047004666,-0.03060478,-0.09705325,0.11358976
0.09730965,0.024366152,-0.12721102,-0.034263488,0.00310926
0.048986696,0.04987403,0.0007424386,-0.030436227,0.057409536
0.061364576,0.035893694,-0.009615741,0.0024777772,0.11993729
-0.010630041,0.034917545,-0.04405105,-0.0073949783,0.10052672
0.030224815,-0.016752891,0.001341382,0.046728358,0.0685957
0.046917904,0.02267259,-0.01317041,-0.01301854,0.0018405997
0.009119986,-0.011251457,-0.04925853,-0.040280197,0.026209893
0.0046355044,0.04465078,-0.036270343,-0.06408648,0.069085516
0.057362206,0.03527821,-0.052769363,0.0160885,0.18522257
0.0019136119,0.043514494,0.01572646,0.035060965,0.073471166
0.034195475,0.0016069647,0.00952201,0.09663224,-0.057694335
-0.072543554,-0.054572683,0.16833936,0.07607007,0.020080741
-0.10371044,-0.042645335,0.08097787,0.16763783,-0.007127668
-0.09942428,-0.13087887,0.13640793,0.18921913,-0.057900578
-0.10797308,-0.028805384,0.06838047,0.09371335,-0.059004042
0.073787026,0.07054773,0.05100106,0.012432085,-0.054435886
-0.0405394,0.01983241,-0.015532473,0.0038988604,-0.07814693
-0.054517522,-0.06297299,-0.04768426,-0.059070673,-0.021983458
0.063565806,0.0685411,0.0036296442,-0.08685181,-0.011824959
0.031245042,0.07516981,-0.06778601,-0.0822142,0.08308131
0.090372965,0.046630044,-0.06261954,-0.04033763,-0.0028610434
-0.06322801,-0.03706215,-0.036248192,-0.029884767,-0.07927599
-0.025848622,-0.07953167,0.018954571,-0.0037151943,-0.068328366
-0.032687433,0.015830748,-0.021204123,-0.010733197,0.002704047
0.037989363,0.011247905,-0.01641128,0.061049823,-0.044963427
-0.010527118,-0.027601965,0.02785921,0.025281655,-0.013270803
-0.06367415,-0.00072056265,-0.04814304,-0.05012354,-0.049830694
-0.0005566922,-0.011701232,-0.019314004,-0.1001743,-0.016609624
0.077282004,0.039269667,-0.00020285987,-0.064096026,0.0053383536
0.07903239,0.008632902,-0.06967571,-0.05068058,0.0058075325
-0.0023826708,-0.041029,-0.032399353,0.018118698,0.017404744
-0.032444134,-0.020979164,-0.004539532,0.026543833,-0.019587653
-0.015244943,-0.022040837,0.03740819,0.010675385,-0.0015834188
-0.010251607,-0.016980637,0.014581529,0.047753874,-0.021630375
-0.044365168,-0.04893709,0.025487388,0.04375597,-0.030904781
-0.021020435,-0.03078587,0.028788293,-0.03457441,-0.0019176218
-0.080029264,-0.0574832,-0.070815995,-0.04164516,0.07162582
-0.003334201,-0.037522383,-0.03619943,-0.052368414,0.0080258
-0.02469411,-0.055776685,-0.0047354638,-0.060248274,0.015051496
0.055610843,-0.038073067,-0.038948406,-0.021797631,0.0020727327
-0.0072403755,-0.060422085,-0.0682318,-0.0354786,-0.018098854
0.05251747,-0.036009304,-0.016689952,-0.0038777064,0.045644693
0.010652116,0.039004363,-0.028893622,-0.038645864,-0.030184694
-0.0058552544,0.05064657,-0.07437718,-0.018992487,-0.04245808
0.018839417,0.018192222,0.018693153,-0.0045607234,-0.036480144
-0.042822484,0.02198589,-0.015489184,-0.069643684,-0.056729577
-0.015459849,0.051756013,0.0028475032,-0.023231162,-0.023702038
-0.035313692,0.029807696,0.0012247635,-0.050054405,-0.04278864
0.036124222,0.011007226,0.044385403,-1.3880898e-05,-0.06281544
0.0313771,0.05401332,0.034524847,-0.0611202,-0.030751744
0.019167395,0.019012427,-0.016833497,-0.0058766566,-0.012665356
0.106723994,0.0841446,-0.015796795,-0.0070753135,-0.009736345
0.019371102,0.03750041,-0.02325169,-0.078270346,0.054332096
-0.012550013,0.039554432,-0.027356634,-0.014999784,0.023466174
0.012190431,0.023775522,-0.0080291,0.0009961751,0.044692248
0.015455699,0.036785014,-0.03126501,0.030694976,-0.026152408
0.004860203,0.030531479,0.017681956,-0.024802737,-0.08559254
-0.024360592,-0.0017363228,0.094327815,-0.040825468,-0.031336635
0.0257701,0.0099760955,-0.029089428,-0.03591592,-0.057988927
0.020110026,0.013300594,-0.005403472,-0.01347991,-0.03765226
0.018932901,-0.11528803,-0.10697331,0.0075003556,0.02822979
0.045995176,0.004924024,-0.023937337,0.0118173845,-0.062657915
0.010889049,-0.027413886,-0.057649516,-0.041538447,-0.062264126
0.011400518,0.07506778,-0.037892256,-0.07954187,-0.08888925
-0.03562218,0.06976818,0.024729203,-0.04493219,-0.01745094
0.06863463,0.003081924,-0.047952842,-0.05205553,0.0059153745
0.03107684,-0.07538021,-0.07224027,-0.034318317,0.036570545
0.023148015,0.0014837642,-0.008137642,0.012406534,0.0627242
0.00915203,0.020652115,-0.023064395,0.02965436,0.14905874
0.034656882,-0.03474509,-0.052213248,0.08322989,0.12479045
-0.021852348,-0.023788162,0.064342245,0.04795838,-0.0009524555
-0.064153805,-0.045913745,-0.026838373,-0.0020726044,-0.033807658
-0.05057184,-0.049832117,0.025364969,-0.054842766,-0.08367345
-0.0012931523,0.046317734,-0.035695605,-0.04429014,0.05660147
0.036459763,0.042332098,0.012614446,0.007846692,0.043114174
0.021687426,0.018503338,-0.008370776,-0.00021848807,-0.061248608
-0.030156434,-0.047070105,0.021401135,0.020679086,-0.06312742
-0.02596534,-0.019158777,0.063202925,-0.024723956,-0.02843978
-0.019659126,0.009530235,0.0044760304,-0.04872219,-0.08605091
-0.025525218,-0.06832166,-0.024508705,-0.025657142,-0.06846738
0.00047158508,-0.056683403,-0.0066641844,-0.048059788,-0.0129200835
-0.041557837,-0.07030446,0.0039028928,-0.05988377,-0.044919383
-0.019135138,-0.005049452,-0.0074920384,-0.07641113,-0.01258004
0.019779976,0.008786029,-0.07498849,-0.010177286,-0.05700888
0.013745233,-0.026352335,-0.05286109,-0.008462566,-0.059900295
0.02081973,0.009817896,-0.053598728,-0.08667042,-0.017880268
