-0.16282794,-0.118379146,-0.1568883,-0.16551384,-0.15368171
-0.24757467,-0.23363972,-0.16316672,-0.10010749,-0.23747727
-0.1835248,-0.2115984,-0.112801805,-0.16221741,-0.20487188
-0.21947183,-0.108110815,-0.17544562,-0.12914675,-0.09799711
-0.10020244,-0.14349003,-0.13212734,-0.10429448,-0.10327995
-0.21176358,-0.21182597,-0.117072456,-0.17418817,-0.2169745
-0.21207647,-0.24176553,-0.16541001,-0.24794506,-0.22347277
-0.24942495,-0.18531664,-0.15534203,-0.15198186,-0.18703172
-0.17531697,-0.15182382,-0.16516797,-0.16218983,-0.11965467
-0.12436859,-0.165289,-0.21929921,-0.16435201,-0.21125847
-0.13978592,-0.2095677,-0.149633,-0.14196283,-0.19614556
-0.21015733,-0.22340114,-0.19055077,-0.109477855,-0.19360514
-0.17381153,-0.21882574,-0.17851792,-0.10742081,-0.23827195
-0.2301634,-0.12077645,-0.11144176,-0.18596584,-0.1603531
-0.17641221,-0.1947813,-0.24875326,-0.21369123,-0.24572648
-0.15802358,-0.19693139,-0.24686152,-0.1468442,-0.17927907
-0.20294191,-0.16661617,-0.1491441,-0.14317682,-0.24232592
-0.2182164,-0.19795953,-0.1086041,-0.164296,-0.21159218
-0.16644387,-0.13715819,-0.11226734,-0.179224,-0.1717412
-0.16178821,-0.19435722,-0.23000166,-0.24843483,-0.20361005
-0.22236525,-0.16906129,-0.19330911,-0.22801624,-0.13143262
-0.23065743,-0.1661704,-0.18664427,-0.18370531,-0.18598469
-0.21093562,-0.22441822,-0.21143933,-0.18582736,-0.16479713
-0.2037099,-0.18373434,-0.24697605,-0.22512157,-0.1752623
-0.19832166,-0.2371041,-0.1897944,-0.19598384,-0.24272567
-0.19781683,-0.23563193,-0.10166621,-0.23396133,-0.21360783
-0.22466528,-0.2015688,-0.103265256,-0.22641878,-0.19143794
-0.15147088,-0.16096747,-0.1408803,-0.17182842,-0.18226211
-0.1608243,-0.10777181,-0.22775462,-0.19569162,-0.12536117
-0.2029438,-0.20234556,-0.23647684,-0.21351981,-0.214224
-0.1899179,-0.1925081,0.17718938,0.16105737,-0.15580131
-0.17467658,-0.17274709,0.20984574,-0.18673337,-0.15860409
-0.17373979,-0.20118025,0.18826583,-0.22655317,-0.21083724
0.229198,-0.1433915,0.15567835,0.16798705,-0.16304728
0.14767942,0.1827042,0.14664945,0.16641195,0.16420336
-0.2088753,-0.2169948,-0.165761,-0.11840612,-0.22642447
-0.25583,-0.18448594,-0.112591505,-0.21669196,-0.20556864
-0.20112294,-0.14779662,-0.15077542,-0.17737336,-0.18693791
-0.14067054,-0.11805599,-0.13746321,-0.15811464,-0.16331561
-0.13481854,-0.11702477,-0.09663733,-0.16618437,-0.16842382
-0.1760929,-0.1986313,-0.10128974,-0.12186152,-0.111527555
-0.16460866,-0.22236943,-0.18220817,-0.114965975,-0.20465338
-0.23246852,-0.19451766,-0.17045896,-0.13618122,-0.191557
-0.19899999,-0.17396004,-0.18149345,-0.21556912,-0.19808964
-0.22634481,-0.19797097,-0.1805013,-0.12692393,-0.1780522
-0.1683801,-0.12374493,-0.14777431,-0.1556307,-0.1173892
-0.13894981,-0.23036121,-0.11005903,-0.1250274,-0.16605157
-0.14809956,-0.23159736,-0.16625652,-0.095297664,-0.21292904
-0.2132003,-0.25237456,-0.22262008,-0.24308203,-0.21768062
-0.15456225,-0.18933411,-0.1424586,-0.1824717,-0.16766784
-0.238945,-0.13964978,-0.17756225,-0.18544805,-0.20279647
-0.18009236,-0.14707214,-0.1638717,-0.24286939,-0.15437229
-0.14811134,-0.17582573,-0.12831074,-0.17437829,-0.13476022
-0.13812129,-0.10296605,-0.15844765,-0.21232466,-0.12582643
-0.16684633,-0.23881976,-0.2144204,-0.17664889,-0.22864838
-0.16083984,-0.17288013,-0.13265707,0.023583397,-0.023616834
-0.21674477,0.026610518,-0.2148163,-0.026216941,0.043422036
-0.16051494,-0.17431721,-0.20769715,-0.008364283,0.0060003796
0.02649685,-0.19118659,-0.18157741,0.008898885,-0.043979023
-0.14854933,-0.21458754,-0.2223852,-0.20015617,-0.15177858
-0.23648629,-0.24739215,-0.1475468,-0.16310519,-0.22859493
-0.21620616,-0.18922345,-0.24458534,-0.23753056,-0.2019476
-0.18488887,-0.2036281,-0.16081528,-0.11973401,-0.17251228
-0.115974255,-0.16511257,-0.109186165,-0.15288383,-0.1047326
-0.15266486,-0.15495554,-0.17507912,-0.16083823,-0.2306048
-0.019508658,-0.024550632,-0.044211596,-0.022067267,0.03686906
0.028543226,0.011494422,-0.013136395,0.006161968,-0.0083300825
-0.036634617,0.030371409,0.02345927,0.038616627,-0.041774202
0.0070194225,0.025233058,-0.0061876965,0.020746894,0.022200009
-0.022041928,0.032883085,0.011320258,-0.00489013,0.016177937
-0.10745103,-0.13334394,-0.12062095,-0.17147137,-0.16242516
-0.14978063,-0.18171728,-0.18001752,-0.15351887,-0.14922842
-0.14855973,-0.22619326,-0.16782494,-0.11946273,-0.17674224
-0.2249972,-0.21737252,-0.17934093,-0.17226075,-0.2230786
-0.14511652,-0.23539875,-0.1327613,-0.11746414,-0.18580556
-0.1709478,-0.13357264,-0.1198446,-0.18118471,-0.19355609
-0.16253442,-0.112936676,-0.16192003,-0.20322435,-0.23631583
-0.19115697,-0.18447164,-0.12321416,-0.2450198,-0.18414545
-0.20475705,-0.23656437,-0.15773949,-0.16594571,-0.24108478
-0.17859648,-0.09829071,-0.17497434,-0.18373966,-0.17598474
-0.2044111,-0.18427958,-0.10583026,-0.16693383,-0.21103895
-0.11788122,-0.10529039,-0.19082278,-0.22825317,-0.20655172
-0.11085642,-0.16040242,-0.20464464,-0.21325076,-0.21373798
-0.14978765,-0.22871053,-0.22109991,-0.16619219,-0.21996893
-0.21148816,-0.1676068,-0.19089484,-0.23831315,-0.21880245
-0.22250974,-0.23079114,-0.24225122,-0.120045125,-0.17160486
-0.24212094,-0.16037416,-0.1214406,-0.16731903,-0.24054016
-0.1288436,-0.17407814,-0.1175486,-0.21853474,-0.11271136
-0.11886293,-0.1704512,-0.1818686,-0.16306627,-0.106348224
-0.21954942,-0.23243645,-0.18560733,-0.23072805,-0.16053744
-0.17838085,-0.16628368,-0.12740262,-0.16685423,-0.19017802
-0.21411909,-0.15738536,-0.15379135,-0.20683658,-0.21137707
-0.1324552,-0.12859428,-0.17017859,-0.23104006,-0.104521945
-0.1595113,-0.11649357,-0.09718705,-0.24758457,-0.19786651
-0.13032034,-0.23545934,-0.22876985,-0.22927909,-0.25166097
-0.2206862,-0.16477321,-0.09982777,-0.16848394,-0.22038515
-0.22939791,-0.1767589,-0.17917588,-0.22040518,-0.220416
-0.15973015,-0.10297597,-0.18080108,-0.17782353,-0.17808779
-0.16035084,-0.11634433,-0.19902135,-0.14376713,-0.10645756
-0.111032516,-0.19470568,-0.19723496,-0.22311749,-0.24917988
