-0.049117953,0.008683816,0.0041875285,0.0030252573,-0.026603786
-0.034013607,-0.024759471,-0.056170844,0.019097168,-0.007268434
-0.031711094,-0.051356528,-0.020460313,-0.055135615,-0.04889578
-0.039786763,-0.047194768,0.004118626,0.025712026,-0.017223539
-0.009987024,0.027432986,0.028296156,0.055915657,0.031667322
0.008314382,-0.013108095,-0.026232352,-0.033637382,-0.014282614
0.03379845,-0.029948022,-0.01056741,0.026098246,0.024075396
0.036116317,0.027281094,0.0015553742,0.023897728,0.018300943
-0.026211563,0.016942512,-0.010060026,-0.0055445815,-0.026232917
-0.011321362,-0.019426757,0.0032712633,-0.05042186,-0.029827008
0.0011810496,-0.016240498,-0.0039938977,-0.03422347,-0.068123326
-0.043514587,0.011144251,0.01686867,0.03666672,-0.041239243
-0.021233557,0.010280192,0.017439177,0.0068676653,0.049122322
-0.024447143,-0.025428033,0.018658798,0.0565049,0.09169056
0.015570903,0.05612058,0.071438074,0.04567745,0.086154886
0.014327188,-0.011332472,-0.0063511212,0.018333327,-0.0437785
-0.00031658838,-0.02095214,-0.038958788,-0.0016464312,-0.006472923
-0.011106401,-0.016896827,0.0058445963,-0.009075453,0.024279445
-0.076162055,-0.070956215,-0.0011046375,-0.009081719,-0.04409893
-0.057759285,-0.040202975,-0.029976118,-0.015015533,0.027308699
-0.029270928,-0.0050938535,-0.019642834,0.04268674,0.059721828
0.041706733,-0.010403029,0.03582242,0.041348796,0.07181714
-0.014090324,0.001628373,0.03767506,0.010420373,0.03266261
-0.008440143,-0.0013278163,0.011559615,0.0070817415,-0.06828719
-0.009473074,-0.07012298,-0.06971176,-0.015690336,-0.0728045
-0.0057250904,0.017576544,-0.036189586,-0.07461471,-0.11138791
-0.060647026,0.009321895,-0.09122279,-0.062665865,-0.090702415
-0.06929913,-0.10587647,-0.08356373,-0.095652744,-0.029430231
-0.100695506,-0.1158437,-0.04142931,-0.003373109,-0.058338217
0.052177604,0.07707508,0.05270385,0.0014831739,-0.025533544
-0.04740448,-0.031756572,0.038290173,0.024505293,-0.03770568
-0.025271982,0.030403739,-0.04068495,0.030541573,-0.019013336
0.010493833,-0.015435724,-0.01652069,0.06972241,0.046423536
0.0022549415,0.0616107,0.08924229,0.056143604,-0.032949183
0.03758112,0.04445562,0.02130528,-0.03556287,-0.020047827
0.015157402,-0.016860077,0.027983204,0.03880779,-0.0062923427
-0.0031764628,-0.03180113,0.0114218695,0.049675386,-0.0072329496
0.035648447,-0.028461881,-0.006908263,0.019604215,0.01882171
0.021678776,0.0090979235,0.0014514144,0.031937584,-0.04756185
-0.028899984,-0.03752088,-0.02208231,0.023787204,-0.003324469
0.020854753,0.028841304,-0.043396734,-0.036942184,0.016287832
-0.0075724963,-0.04331713,-0.03007792,0.07465385,0.034541823
0.06677583,0.017126208,0.037320264,0.0018266537,-0.005062984
-0.0014400446,0.036860757,0.07598446,-0.020982003,-0.05134618
-0.07941754,-0.083784394,-0.10389521,-0.036768943,-0.03587933
-0.0029736587,0.017838145,-0.04186187,0.04058077,0.036707446
0.03143789,0.011608067,-0.03471999,-0.004495064,-0.0010533733
0.047190025,0.002459569,0.02405118,-0.044763114,-0.05025697
0.016269108,0.018493127,-0.050014395,0.014799834,-0.059240494
-0.06353011,-0.009858486,-0.051983677,0.014240506,0.013648392
0.009264983,0.020510804,0.03523703,0.07160021,-0.0038883705
0.040433675,0.026071286,0.047605157,0.05924199,0.021499842
0.05812198,0.020513864,0.044330496,0.0041104485,-0.04302671
0.012622783,-0.041528944,0.0042673587,-0.027637253,-0.0037117784
-0.027402915,-0.065297075,-0.0018545048,0.0021793346,-0.010389297
0.013455379,0.024220467,0.015277062,-0.0002518969,0.0029285299
-0.029981581,-0.031298924,0.0012125205,-0.015101716,-0.014537699
-0.031956352,-0.0340036,-0.024866106,0.016973883,-0.028614786
-0.05845697,-0.04369654,-0.03125945,-0.004066878,0.00035273933
0.0130340075,0.024525773,0.030947335,0.028036606,0.042996414
-0.015493291,-0.041224226,-0.053713087,-0.031602312,-0.07608014
-0.030564012,-0.0077254614,-0.0071430295,0.017864097,0.0069250967
0.013212771,-0.058594983,-0.021019518,-0.045082662,-0.047302727
0.02236755,-0.044482686,0.07728097,0.07610221,0.037556853
0.008380652,0.04220619,0.041882887,0.02727778,-0.018198702
-0.044877883,-0.048431043,-0.05869079,-0.018967343,-0.07301044
-0.009342707,0.012260886,-0.03425436,-0.050355166,0.036969136
-0.00334744,-0.0022194718,0.0029061036,0.022037162,0.036524836
0.06392106,0.033109035,0.031115256,0.03825351,0.012576945
0.035840843,0.026602598,-0.02831585,-0.017499568,-0.043363098
-0.0034943712,0.044457734,-0.016575078,-0.03269175,0.020267798
0.06115747,0.06398934,0.053393874,0.068643555,0.037230734
0.051903434,0.10681342,0.027065791,0.010818654,-0.04886494
0.0643352,0.049574453,0.027029078,-0.005098307,-0.04549451
-0.05024502,-0.07790653,-0.04199505,-0.027561152,-0.07664384
0.00995248,-0.0075810105,-0.044196814,-0.04301367,-0.029424772
-0.019868184,-0.045268726,-0.026973212,0.014505635,0.005332441
-0.020298693,-0.0500976,0.031413782,0.035031565,0.061064936
0.037642337,0.014586182,0.029632196,0.08005655,0.01563779
0.06026858,0.0983988,0.02938076,0.0608452,0.03660243
-0.022953983,-0.021752011,0.007172789,0.0470457,-0.018378247
-0.011519112,-0.032944597,0.004939702,0.027857095,-4.4883105e-05
-0.052675355,-0.055980563,0.005268018,-0.0097603025,-0.039212536
-0.0008093071,-0.0028312858,-0.06828551,0.016270207,-0.0069157807
0.0047491407,-0.05574707,0.022561206,-0.041387435,0.059431117
-0.015983187,-0.010058217,-0.03965698,0.032968417,0.009341037
0.0027289393,-0.0013103648,-0.038370468,-0.026174517,0.03684432
-0.006580562,-0.023365906,0.018113459,0.060592208,0.017157637
-0.04003544,-0.017366217,0.0079619475,-0.027866632,-0.02411253
-0.044202436,0.0049010864,-0.058711726,-0.0061395136,-0.006014171
-0.0040175533,-0.018643463,-0.05914647,0.006150135,-0.060641076
-0.016982945,0.011715711,-0.0072135483,-0.053364404,0.014583747
0.06168523,-0.0071595763,-0.015948733,0.023849249,0.01085015
-0.008914133,-0.029777111,-0.027075278,0.008704762,-0.035979085
-0.028137146,-0.013881877,-0.024661653,-0.009233932,0.014108837
-0.05294654,0.012152171,0.016012844,0.052853685,0.015745055
-0.019236924,0.058874253,0.0122627895,0.015212431,0.0050641345
0.01634664,-0.009592978,-0.008516631,0.005058333,-0.042523485
0.022241654,0.020640953,-0.018229011,-0.025599457,0.021323167
-0.029763384,-0.07430638,-0.026405716,-0.029453196,-0.012515218
