-0.15401986,-0.16811056,-0.20295607,-0.1958722,-0.19000508
-0.18499403,-0.18593054,-0.22263438,-0.21225491,-0.15508085
-0.18623827,-0.20794661,-0.15743491,-0.20094386,-0.20586008
-0.15641497,-0.22295378,-0.20908803,-0.15382558,-0.19204286
-0.2061128,-0.15056239,-0.18086576,-0.22968931,-0.220741
-0.19895911,-0.19012235,-0.22134036,-0.20452356,-0.17255288
-0.22937165,-0.22957908,-0.17604172,-0.1791351,-0.23085491
-0.22927125,-0.15049998,0.23229606,-0.20721257,0.23221472
-0.15678263,-0.14791678,-0.20691276,-0.19861467,-0.1613038
-0.17108221,-0.22336261,-0.1609057,-0.14405829,-0.21606822
-0.22919041,-0.23026282,-0.21592537,-0.2073634,-0.21294361
0.14834544,-0.159738,-0.14392881,-0.1502296,-0.1596642
-0.16781124,-0.20530058,-0.22375849,-0.21408397,0.20791665
-0.17788503,-0.18196076,-0.21481055,0.16656518,0.16880713
-0.19334556,-0.19610777,-0.182935,-0.20255958,0.18256305
-0.21611343,-0.16557074,-0.22483495,-0.17950736,-0.230216
-0.21317355,-0.14442912,-0.19603918,-0.19588657,-0.16459855
-0.2262501,-0.19797283,-0.18910986,-0.18263662,-0.19505987
-0.21921672,-0.2286581,-0.18718836,-0.1503231,-0.20774369
-0.18201572,-0.1592427,-0.2313648,-0.14809546,-0.1498967
-0.20722957,-0.14868191,-0.15709558,-0.15045066,-0.14893289
-0.17741266,-0.16309328,-0.21160713,-0.18014641,-0.14469957
-0.20307826,-0.17712873,0.16366684,-0.17113532,-0.17310667
-0.15389971,-0.18741985,-0.16631275,-0.16055502,-0.18046483
-0.22984175,-0.15595801,-0.21630324,-0.16695228,-0.22112638
-0.1746398,-0.19603796,-0.22771792,-0.1672501,-0.19807434
-0.20627603,-0.20156206,-0.15726016,-0.1613913,0.1998438
-0.16895716,-0.16469915,-0.16916807,-0.1495903,-0.1607387
-0.21068366,-0.19448113,-0.16681108,-0.15208754,-0.22483031
-0.20985018,-0.20984471,-0.14542948,-0.14377302,0.16765945
-0.20141181,-0.18635285,0.19027899,-0.20041005,-0.22028919
0.16373746,-0.19138134,0.1923852,-0.1859474,-0.22872832
-0.14800875,-0.21365944,0.17669527,-0.14616993,0.18795429
-0.2234123,0.21339339,-0.20447707,0.2263365,0.1746881
-0.22109142,-0.22092603,-0.18740396,-0.1948609,0.22246648
-0.18498737,-0.21455057,-0.18265937,-0.22074805,-0.18099277
-0.17585054,-0.22983176,-0.21825935,-0.21013154,-0.20330545
-0.19578902,-0.16891319,-0.22294854,-0.16453929,0.15666012
-0.14839783,-0.2131926,-0.22188115,-0.15561798,-0.15129244
-0.2028215,-0.14845929,-0.1826327,-0.17142448,-0.19029112
-0.19987386,0.1714317,0.14931287,-0.15501821,-0.16397586
0.22828595,0.14368251,-0.14346334,-0.15776211,-0.1754719
0.16845939,0.21921228,0.21633689,-0.14917246,-0.22447489
-0.18083216,-0.1715354,-0.23163462,-0.1458016,0.2155565
-0.22354223,-0.22602974,-0.18581219,-0.15179557,0.20063543
-0.18137959,-0.19056512,-0.23210412,-0.16074958,-0.15913834
-0.21911152,-0.19571197,-0.1441892,-0.20480904,-0.21837474
-0.16208313,-0.16700725,-0.14914495,-0.20692678,-0.17679523
0.19829886,-0.15126762,-0.16258936,-0.17714648,0.18132414
-0.1956466,-0.21180381,-0.168854,-0.1495555,-0.21040195
-0.2182293,-0.15436974,-0.18166117,-0.2087517,-0.15870982
-0.22410585,-0.20963927,-0.20204055,-0.18908924,-0.17813292
-0.16628219,-0.2032844,-0.19200501,-0.2109879,-0.21707453
-0.17791238,-0.15469235,-0.14907655,-0.22256759,-0.16650777
-0.20146689,-0.18989496,-0.18952842,-0.14903468,-0.15019356
-0.036211453,0.00969873,0.026153421,0.011998499,-0.0010361457
-0.021111485,-0.031553667,-0.044017985,-0.0008667041,-0.01725485
0.010554425,-0.018906318,0.037146594,-0.031553455,0.039683145
-0.01773172,0.006912292,-0.016399512,0.018849248,0.035292935
-0.14568792,-0.030973887,0.218124,0.029579224,-0.036698435
-0.1695915,-0.179023,-0.1631249,-0.14848834,-0.18664831
-0.20422484,-0.20782709,-0.1818955,-0.19423333,-0.21970084
-0.18642204,-0.16206266,-0.18618713,-0.15955004,-0.20456345
-0.15259816,-0.17701611,-0.20270038,-0.16610806,-0.16567864
-0.20684595,-0.19580539,-0.16458955,-0.22708222,-0.17063087
0.009804347,-0.03048443,-0.0055134594,0.013089471,0.03110905
0.032703564,-0.02884878,-0.029077925,0.021148419,0.04412188
0.038191523,0.017611524,0.042403545,-0.020531278,-0.0012658405
-0.03647898,-0.02744485,-0.030244227,-0.04056787,0.012617829
0.0115516,0.018004429,0.02963832,-0.035621375,-0.0129073085
-0.15247661,-0.22724585,-0.15623708,-0.17389365,-0.22397532
-0.17800474,0.1891016,-0.17902212,-0.20049857,-0.16742651
-0.15288052,-0.15649523,-0.1919615,-0.22880824,-0.14388716
-0.17521213,-0.14796957,-0.17155333,0.18839543,0.21169941
-0.16263965,-0.19056268,-0.18081845,-0.18948215,-0.15702449
0.20802248,-0.19512613,-0.14599231,-0.14481607,0.22394314
-0.1796446,-0.18493038,-0.21102129,-0.15506843,-0.2198001
-0.22617608,-0.1741672,0.14581932,-0.1734114,0.16612394
-0.18822578,0.17038892,-0.15149057,-0.22090854,0.19588238
-0.18703419,-0.23021562,-0.15308715,-0.17881712,0.1517816
-0.23205559,-0.16789497,-0.15095918,-0.19786148,-0.20087776
-0.22580498,-0.1574704,-0.2045186,-0.20822468,-0.17065169
-0.14855891,-0.16697186,-0.1747712,-0.14808775,-0.18576828
-0.18075205,-0.19093682,-0.21569112,-0.1794541,-0.21089397
-0.16178972,-0.21851642,-0.22422324,-0.19630818,-0.1544481
-0.22164373,-0.20188375,-0.19109352,-0.20722815,-0.16653976
-0.14860064,-0.16346174,-0.19709958,-0.22277994,-0.22453669
-0.19837329,-0.2017027,0.15371288,0.19872318,-0.20456813
-0.17469938,-0.21141079,-0.19169629,-0.20111687,-0.16019991
-0.22848159,0.16995065,-0.17811419,-0.20026119,0.18685348
-0.15744542,-0.18126842,-0.18215773,-0.1746061,-0.21173194
-0.20553087,-0.16624863,-0.18118775,-0.15849735,-0.19337817
-0.14565943,-0.16096298,-0.20019907,-0.21052532,-0.17863879
-0.22497898,-0.20815186,-0.17397043,-0.18377008,-0.1674319
-0.20637695,-0.15003525,-0.21226269,-0.21058547,-0.15775016
-0.19629617,-0.17487551,-0.19561495,-0.21929953,-0.18945974
-0.16737993,-0.15753095,-0.15355617,-0.1892454,-0.15527733
-0.17505364,-0.1860142,-0.18682525,-0.19192687,0.20041288
-0.18998125,-0.15891002,-0.19448203,-0.21250339,-0.1746741
-0.21272929,-0.15989546,-0.15114562,-0.18048906,-0.19664039
