-0.001027678
-0.0017673615
0.006144718
0.027628696
-0.0032179458
-0.031174159
-0.03271942
-0.025158536
0.024699233
-0.0023299286
-0.020912815
0.009857362
0.018349787
-0.016153859
0.025957825
0.0117170615
-0.0006717177
-0.0277571
-0.010570143
-0.022579586
-0.00610765
-0.021596394
-0.0075848973
0.026628248
-0.025661401
0.016922526
0.0022927201
-0.03032216
-0.0004923064
0.021981308
0.032801636
0.013049266
0.025807187
-0.017579738
0.01835674
0.0173489
-0.0099532595
-0.004710986
-0.00042962757
-0.0241642
0.027898483
0.006408321
-0.022760967
-0.02610984
-0.01730247
-0.0107954405
0.032193713
-0.0041868864
-0.034337267
0.030093253
-0.02979643
-0.013412843
-0.026030142
0.014678588
0.034250755
0.0014490623
4.0566356e-05
0.010251185
-0.023722103
-0.019902322
-0.011005485
0.012649378
-0.006498223
0.015311647
-0.020225504
-0.028358992
-0.016676752
0.0033923269
0.030551173
-0.013025914
-0.029230988
0.017873414
0.013193095
-0.022521516
-0.015786804
-0.014921904
0.00811245
-0.013257697
0.026975857
-0.02014912
-0.0313549
-0.031278327
-0.01205485
-0.014944383
0.02916927
-0.008079595
-6.026864e-05
-0.0030506288
0.012031874
-0.00059754937
0.01455821
0.01845631
-0.0042087757
0.0051300605
-0.003913707
-0.01964801
0.02601571
-0.013172931
-0.026326092
0.00048816644
0.027797688
0.029018328
-0.01437279
0.027214758
-0.014269777
0.010800878
0.02787217
0.021479333
0.022639377
-0.017578762
-0.022341814
0.008016133
-0.015596895
-0.0080298055
-0.002621774
-0.00010051448
0.01930941
0.03154164
0.024990186
-0.002514077
0.0075121378
-0.035122752
0.03427882
-0.007975778
0.010394455
-0.0063943793
-0.01419008
0.0036865096
0.018953182
0.022048388
-0.003565495
0.03407807
0.0076048616
0.029506069
0.0020537723
-0.0027759173
0.027347209
0.019940393
-0.01519023
0.037298974
0.015085321
0.042970497
0.024582818
0.00027913527
-0.019093405
-0.02432468
-0.0014744025
0.023744013
-0.013383647
0.027794993
0.03249141
-0.008553012
-0.009119488
-0.0007146906
-0.0066772164
-0.008305305
-0.0025641825
-0.01119137
0.010597177
-0.0017074271
0.009977567
0.017802544
-0.01927606
-0.0060178824
-0.016485315
0.022643698
-0.028450698
0.02688094
0.02688313
0.023001857
0.024076156
-0.030228103
0.008857542
0.0016317844
-0.03293967
0.029857496
-0.007515815
0.023898462
0.009079323
-0.01952916
0.034824654
0.022632867
-0.015299206
0.021518903
-0.023557382
-0.0030142742
-0.008952633
0.020442558
-0.015843302
-0.026780417
0.015624888
-0.027072337
0.001903329
0.0068888324
-0.0081931325
-0.012862747
0.012801558
-0.033611722
-0.011965506
0.007992916
-0.009283068
-0.0102008
-0.0025821936
-0.015482139
-0.021476513
-0.011492007
0.010769705
0.013234154
0.00026166698
0.003729021
0.024031557
-0.031234736
0.028705616
-0.014120995
0.021226209
0.022450618
-0.028323518
-0.03240124
-0.004231874
-0.0041349484
-0.011063107
-0.0072253025
0.00039892466
-0.021488944
-0.011353396
0.006498899
-0.0011610637
0.01862688
-0.02498905
0.008819659
0.033096857
0.026720721
0.030562958
0.021269169
0.019259498
-0.023503896
-0.011303767
-0.0089765815
0.032014363
-0.014151853
-0.018554753
-0.030451179
0.021540903
0.008595468
-0.032613143
-0.0056938943
0.024146741
-0.0010544851
-0.012878963
-0.005867966
0.009142169
0.028887983
0.005683895
0.028517062
-0.024443965
-0.004837105
0.027583165
-0.030520648
0.03397547
0.02284377
-0.02336078
0.017606536
-0.014821692
0.022729468
-0.024835186
-0.0072081652
0.034227386
0.005798808
-0.018792095
-0.013520069
-0.021237379
0.009350732
0.015663499
0.021189
-0.017766345
0.0053468714
0.00900257
0.01391601
0.029940197
0.00836834
-0.0062334854
0.017794657
0.03077871
-0.002599386
-0.03114838
-0.011010166
0.030980816
0.009467016
-0.02617878
0.0076966356
-0.010133607
0.01567909
0.048033662
-0.020252397
0.0095276125
0.030192839
-0.020352853
-0.012047644
-0.0018900525
-0.011624627
-0.027132982
0.0007486356
0.023413299
0.0006936368
0.0080351215
0.0058503994
0.022276813
-0.007925337
0.030693334
0.031047685
0.03254671
0.006141001
-0.0041684457
0.021334108
-0.015609657
-0.038421717
-0.018311445
-0.01960162
-0.024711613
-0.010198741
-0.0132351965
-0.02426956
0.028516693
0.00065093266
-0.00017069982
-0.034025647
-0.0036285066
-0.021034656
-0.02199225
-0.009783642
-0.025337296
0.025211362
0.016014447
-0.021438548
0.03291588
0.022805052
0.041638657
-0.018151345
0.032090873
-0.02622128
0.017959634
-0.030568078
0.03171065
0.0123285735
0.006345187
0.013839674
0.008640237
0.026137758
0.015606645
0.03279833
0.019241259
-0.01868501
0.03017186
0.028051047
0.0021751127
-0.032168243
-0.019342178
0.018578015
-0.028579954
-0.0014284591
0.027211955
0.0034444542
-0.019005705
-0.032357983
-0.010089374
0.03786451
0.021776326
0.013311177
0.008097855
0.02939603
0.033772532
-0.008041444
-0.034926817
0.032370195
0.0076113185
0.015000896
0.033506207
-0.025874045
-0.024832118
-0.008396901
-0.008872319
0.011507194
0.021487137
-2.1249296e-05
-0.02218696
-0.01698482
0.021238102
0.00448826
0.013237304
0.031415198
-0.0018014453
0.032539472
0.030348258
-0.010357383
-0.0041510956
0.00010225909
-0.015411131
-0.0124513935
-0.028130233
-0.036758047
0.019040706
-0.025928598
0.02532192
-0.019146627
0.037159905
-0.013074354
-0.03588274
-0.031195087
-0.019416869
-0.021295078
0.027258774
-0.0272985
0.026551152
-0.03408792
0.029878812
0.0037197738
0.04255605
-0.011411596
-0.027100557
0.01824567
-0.028348697
0.02787505
0.013555268
-0.009158709
-0.0187223
0.032498524
-0.0045964494
0.010814695
0.030024156
-0.03009013
0.0028201542
0.013181625
0.019460937
0.0016759374
0.0005837493
0.0021246853
0.027286444
0.022847064
-0.03235706
0.029521551
0.008855679
0.01721724
-0.032022003
0.03336636
-0.034673188
0.025625907
-0.030138034
0.0026973798
0.033263985
0.019336808
0.011039946
0.008584343
-0.00016864303
0.0005805151
0.0024112626
0.021685129
0.016331613
0.019736914
-0.0075458237
-0.023500362
0.03391172
0.034850214
0.028514199
-0.0278172
0.0048058415
0.0032498061
-0.012926742
-0.03864513
0.013186691
0.0065130447
-0.020702168
0.020972036
-0.00016261509
-0.016490126
0.0058640633
0.023541285
0.013565472
0.003762702
-0.0138644185
0.010634223
-0.005873845
0.027381472
0.0031933552
0.010832469
-0.012766247
-0.0036039415
-0.0011368227
0.020934792
-0.003413989
-0.0065525947
-0.035995767
-0.020769965
0.0096373055
0.0069512418
-0.028123979
0.026201177
0.03741839
-0.028247043
-0.029260587
0.025085917
