-0.23893367,-0.10040963,-0.15873636,-0.12459249,-0.19691706
-0.22244675,-0.18397735,-0.13847768,-0.17874528,-0.21524544
-0.19579306,-0.15808426,-0.11625245,-0.18226239,-0.24054025
-0.18150815,-0.22844376,-0.10509449,-0.15096004,-0.21323806
-0.16305505,-0.21000679,-0.17754504,-0.16023521,-0.12848113
-0.111891955,-0.1041886,-0.15848231,-0.1358711,-0.17286986
-0.22327176,-0.13913159,-0.1634531,-0.13565499,-0.16198732
-0.1678019,-0.2348922,-0.11988388,-0.0999468,-0.21369058
-0.18954875,-0.24546912,-0.11682899,-0.15047535,-0.16450018
-0.17390354,-0.16773243,-0.16142426,-0.17760953,-0.24680138
-0.24759464,-0.12010167,-0.11223411,-0.17078929,-0.17428659
-0.2200634,-0.12893578,-0.16768582,-0.17033486,-0.17791413
-0.12486187,-0.22755082,-0.24406064,-0.14414173,-0.15224516
-0.19573697,-0.20052461,-0.11610501,-0.11900872,-0.18229075
-0.24560791,-0.23333955,-0.1188964,-0.10084522,-0.23183401
-0.19723885,-0.13938832,-0.12548038,-0.18860842,-0.19875659
-0.1752538,-0.15725242,-0.16301468,-0.20697385,-0.18295579
-0.1198466,-0.1737109,-0.17539552,-0.20013201,-0.12731306
-0.12833104,-0.22410235,-0.14398989,-0.20412254,-0.23059551
-0.2219636,-0.15975212,-0.14903119,-0.23522347,-0.18054572
-0.20923002,-0.17489006,-0.23711124,-0.12961166,-0.15512085
-0.18365115,-0.22685981,-0.24585277,-0.20366105,-0.16557851
-0.1104087,-0.20948815,-0.19209191,-0.22211955,-0.14977852
-0.18290329,-0.19591388,-0.19761457,-0.18030368,-0.13619916
-0.14481151,-0.21344964,-0.19265343,-0.1655387,-0.13855083
-0.24388006,-0.18113099,-0.1243831,-0.1655404,-0.16518472
-0.18289356,-0.16937035,-0.1025929,-0.113290854,-0.1708665
-0.17419612,-0.20831726,-0.16589813,-0.18596143,-0.15997009
-0.105028875,-0.09676711,-0.106748365,-0.17276084,-0.116541825
-0.18249841,-0.10149553,-0.16867663,-0.17299724,-0.21216217
0.20552479,-0.13245656,-0.14265667,-0.079126164,-0.2003857
-0.2687358,0.17164275,0.20750111,0.22909991,-0.20182459
-0.13672607,-0.19764067,-0.22907883,-0.064959675,-0.19163981
0.21381705,-0.1842378,-0.24881709,-0.111554325,-0.22676028
0.024133528,-0.087193035,-0.087156035,-0.075712286,-0.17055856
-0.14374472,-0.13499445,-0.14098963,-0.117774166,-0.18403883
-0.15617456,-0.15871717,-0.13680296,-0.20077333,-0.20507139
-0.24856308,-0.18413334,-0.101668224,-0.09878469,-0.24486434
-0.23638879,-0.14878726,-0.16743934,-0.18609713,-0.19154961
-0.23384462,-0.1280649,-0.17098558,-0.1447817,-0.21934411
-0.19556668,-0.07287058,-0.1734572,-0.086138815,-0.2102652
0.16249721,0.2294244,-0.2158455,-0.14580154,-0.12082394
0.18493222,0.1988797,-0.15010753,-0.11697725,-0.08437262
0.06813785,0.16965476,-0.19132155,-0.1960954,-0.14320134
-0.24873166,0.21962284,-0.006217315,-0.020353206,-0.16852874
-0.10972484,-0.2525767,-0.20748542,-0.09547959,-0.24755277
-0.12529801,-0.18409361,-0.18313432,-0.17545907,-0.2602233
-0.21890572,-0.17833988,-0.23942262,-0.101845846,-0.19629785
-0.21912813,-0.15420426,-0.16384603,-0.108473234,-0.107899666
-0.10060072,-0.21379958,-0.2010258,-0.13419375,-0.14859524
-0.18059376,-0.102069445,-0.10515981,-0.20115703,-0.22097357
-0.166208,-0.22490792,-0.14403552,-0.22031501,-0.16851717
-0.17649151,-0.09882913,-0.102838956,-0.18332896,-0.22182049
-0.15690476,-0.11585478,-0.1084469,-0.09774867,-0.18424544
-0.22201936,-0.16181502,-0.16255344,-0.23718804,-0.24303412
-0.004648483,-0.0073133213,0.02226764,-0.030394673,-0.010182516
-0.03459232,0.030511629,0.010160673,-0.022336653,-0.012028054
0.02818536,0.035463266,-0.041137595,-0.026006375,0.007678711
0.011325418,-0.02835132,0.017076788,0.0021201817,-0.024824047
-0.034204964,-0.00043543655,0.0139457835,0.020389095,0.01683851
-0.11005744,-0.1016499,-0.23217276,-0.1582,-0.17990115
-0.17043237,-0.24777554,-0.16355431,-0.18219376,-0.21217245
-0.22300321,-0.1795846,-0.1777621,-0.114927754,-0.22204882
-0.19751145,-0.23397325,-0.12934422,-0.10658761,-0.1267072
-0.19231105,-0.15396486,-0.18436828,-0.1286953,-0.11039167
0.025156554,0.03844177,-0.02361564,0.025544485,0.0306437
0.033139907,-0.022952082,0.033241592,-0.03880784,-0.023963671
0.023387432,0.03535608,0.029514061,-0.01171546,-0.033579767
0.027542865,-0.022308461,0.031090092,-0.0004204612,0.018023705
0.008058357,-0.0059431596,-0.019015912,-0.009508086,-0.011816886
-0.24171306,-0.1922921,-0.12419059,-0.18587473,-0.16356292
-0.17781878,-0.20572184,-0.16677721,-0.105968475,-0.17626739
-0.2209046,-0.1660241,-0.20366383,-0.10588616,-0.16346872
-0.16757019,-0.17253916,-0.22325017,-0.1804718,-0.099614985
-0.189234,-0.22054341,-0.13708635,-0.14254464,-0.17475651
-0.23462489,-0.12373909,-0.108520605,-0.14119337,-0.16233496
-0.14512189,-0.11518555,-0.124273345,-0.09788573,-0.18691702
-0.23391347,-0.1128084,-0.1627373,-0.24113473,-0.24273118
-0.16073228,-0.13132939,-0.122981325,-0.22461762,-0.24200338
-0.19283879,-0.17869475,-0.13227007,-0.21106514,-0.20137529
-0.113580875,-0.18245484,-0.18618365,-0.22636878,-0.21348576
-0.16543365,-0.15710905,-0.18799655,-0.18392447,-0.24132407
-0.13477486,-0.14199375,-0.17542724,-0.20690867,-0.16433658
-0.16939801,-0.18185596,-0.10645593,-0.20358261,-0.21068996
-0.16914462,-0.1698507,-0.19210681,-0.22430755,-0.18968706
-0.14186373,-0.1442858,-0.17892084,-0.24156192,-0.15685003
-0.1741757,-0.1886651,-0.09576479,-0.10830395,-0.2606648
-0.19820844,-0.25497052,-0.091628395,-0.14931418,-0.21528754
-0.21725869,-0.117778584,-0.14712627,-0.11598469,-0.18402879
-0.10764219,-0.15012902,-0.111745246,-0.20463467,-0.23833317
-0.16868708,-0.13338575,-0.09961036,-0.23902678,-0.21338859
-0.17441256,-0.14597163,-0.10167818,-0.24029598,-0.17534468
-0.11798922,-0.20067492,-0.17583722,-0.11977358,-0.1921583
-0.2008399,-0.1714266,-0.1817846,-0.10966918,-0.22261246
-0.2455708,-0.15557753,-0.17197506,-0.174256,-0.1747827
-0.24476348,-0.11956965,-0.15970057,-0.16505793,-0.20119642
-0.14487389,-0.122764535,-0.2436257,-0.15904744,-0.10504316
-0.102494486,-0.23675554,-0.107996084,-0.17759737,-0.24232405
-0.22374001,-0.2474042,-0.10007856,-0.14770475,-0.16504207
-0.19366702,-0.14776586,-0.10934765,-0.18058448,-0.23933367
