-0.15110286,-0.2149975,-0.19023834,-0.16620481,-0.16511162
-0.18188067,-0.21332471,-0.21195991,-0.22844686,-0.23130614
-0.22370583,-0.20907685,-0.17917071,-0.15137306,-0.201671
-0.147265,-0.16382915,-0.17198505,-0.16887274,-0.19483374
-0.19903582,-0.2027657,-0.22956437,-0.20166785,-0.21215762
-0.22571921,-0.22137436,-0.14879808,-0.18528986,-0.15208365
-0.16014054,-0.17098416,-0.22316413,-0.20395261,-0.17109452
-0.17686218,-0.22462998,-0.1447034,-0.15140095,-0.16994902
-0.21485823,-0.16752024,-0.16088372,-0.16780874,-0.21068893
-0.1871518,-0.22268958,-0.21133594,0.16158931,-0.15130618
-0.22072005,-0.17211533,-0.18724276,-0.19013718,-0.17598315
-0.22040406,-0.16709477,-0.15575352,-0.23034479,-0.1654466
-0.19274408,-0.17944428,-0.19728437,-0.17660473,-0.16256219
-0.20303346,-0.22693826,-0.19614716,-0.15746146,-0.22943258
-0.15484342,-0.18862212,-0.20867765,-0.18095031,-0.16529238
-0.22785275,-0.22594064,-0.23221934,-0.16106562,-0.23217621
-0.1599547,-0.16097444,-0.1783877,-0.14676635,-0.19556022
-0.18924445,-0.16891606,-0.21851827,-0.15052082,-0.20683758
-0.22436978,-0.17216408,-0.2064387,-0.14997293,-0.19435528
-0.1569202,-0.19926016,-0.21456355,-0.19758995,-0.19414255
0.20457865,0.19586052,0.16671477,-0.22225437,-0.23176874
0.23167485,0.19701792,-0.188165,-0.15386856,-0.17841847
-0.1805161,-0.21533082,-0.22004174,-0.22615522,-0.1903642
-0.19248535,-0.21613914,-0.15884575,-0.19174679,-0.17237177
-0.20156334,-0.20430124,-0.2106954,-0.19775845,-0.19959298
-0.21221192,-0.14700685,-0.1528753,-0.14578709,-0.14657624
-0.20410852,-0.1680766,-0.20530851,-0.14500201,-0.201279
-0.22101691,-0.20979649,-0.18793926,-0.22579631,-0.1824753
-0.18752486,-0.2275715,-0.1507346,-0.20143855,-0.14648981
-0.19084921,-0.1588886,-0.1433325,-0.21847214,-0.16612376
-0.15641196,-0.1824591,-0.22880928,-0.2012179,-0.17625007
-0.22166678,-0.1473606,-0.21373984,-0.20538986,0.20731139
-0.22993901,-0.16034734,-0.18847334,-0.1818538,-0.22658947
-0.22625105,-0.22040403,0.14298064,-0.14633645,-0.20256199
-0.17778155,-0.18319029,-0.20956701,-0.22250149,-0.22395991
-0.17207435,-0.19735982,-0.16618629,-0.15685228,-0.19112839
-0.18348534,-0.19405612,-0.22168101,-0.15453395,-0.22244723
-0.19262473,-0.14357391,-0.20281105,-0.1776447,-0.15803848
-0.21919936,-0.1792838,-0.20568213,-0.21443321,-0.22740674
-0.16081968,-0.2060965,0.22650242,0.23088798,-0.18603538
-0.15083489,-0.19823498,-0.16201818,-0.19018185,-0.21766137
-0.21025167,-0.21615057,-0.17578803,-0.18870418,-0.15236336
-0.17625727,-0.19777799,-0.19337754,0.21649969,-0.21158345
-0.14352839,-0.19051011,0.19653124,0.22900242,0.14820571
-0.15739976,-0.15123412,-0.15059114,-0.17205513,-0.20155315
-0.21808407,-0.15483811,-0.17708671,-0.15311548,0.21495233
-0.2116558,-0.15787663,-0.18393654,-0.22865674,-0.18375827
-0.20994751,-0.20403889,-0.20318103,0.14593738,0.15783267
-0.15096322,-0.2114782,-0.1960205,-0.19387151,-0.15204419
0.2098642,-0.20652887,-0.18549716,-0.20774643,-0.18393661
-0.21026011,-0.21352874,-0.19972886,-0.22129138,-0.20660535
-0.1715733,-0.19550672,-0.22381124,-0.21798466,-0.21443264
-0.16023883,-0.21831349,-0.19062954,-0.16238707,-0.22819799
-0.17940941,-0.17046699,-0.14756165,-0.17037274,-0.20224471
-0.14345872,-0.19296727,-0.18856941,-0.17384909,0.15402162
0.03736698,0.012567748,0.030857144,0.012966058,-0.037381325
0.018075887,-0.0034486158,0.03188753,0.017034976,0.0077384366
0.0187367,0.029068297,0.0140731465,0.038377672,0.04283871
-0.035342347,-0.030889617,-0.03394907,-0.034991927,0.023541206
0.029579427,0.002838108,-0.008378218,-0.040054027,-0.043116324
-0.17645618,-0.17684682,-0.17180294,-0.19038357,-0.17629717
-0.1762615,-0.20691279,-0.15040624,-0.18994008,-0.1882276
-0.21650195,-0.15470976,-0.1483752,-0.17756988,-0.21623173
-0.21407233,-0.23134777,-0.19114478,-0.16590361,-0.21242143
-0.21039595,-0.21369998,-0.17964901,-0.16582303,-0.22097093
-0.022974527,0.018126016,0.032734457,0.028528843,-0.01057559
-0.0043202885,-0.026440505,0.013783502,0.034019697,-0.0026671202
-0.030182311,0.043511152,0.01803104,0.0156526,0.03924957
-0.012764544,-0.0024914464,0.009671328,0.034978356,0.02070497
-0.0056926357,0.03462714,0.0014500016,-0.0197173,0.0016148849
-0.14359714,-0.22808766,-0.14875887,0.15325226,-0.21553826
-0.2267166,-0.15804206,-0.1799963,-0.21764089,-0.2045313
-0.15712813,-0.1447868,-0.18568927,-0.17579252,-0.20397662
-0.16956833,-0.17490876,-0.22652772,-0.14665586,-0.15425536
-0.15190479,-0.18130057,-0.19811189,-0.15426482,-0.21962516
-0.22641622,-0.18477908,-0.17272873,-0.17746569,-0.18329005
-0.17735438,-0.19415192,-0.21434253,-0.22774628,-0.19728066
-0.16708808,-0.2079161,0.16753048,-0.1960931,-0.15031382
-0.16284505,-0.20927723,-0.19075915,-0.23051667,-0.17600864
-0.20815371,-0.16955264,0.19704503,-0.18309443,-0.18716912
-0.15628743,-0.18588476,-0.16225906,-0.16712432,-0.18342863
-0.19056173,-0.22251838,-0.18718337,-0.22759812,-0.19294417
-0.2124775,-0.14884423,-0.21895687,-0.21541294,-0.16877276
-0.22094199,-0.1995771,-0.21141465,-0.18387485,-0.15928733
-0.14301512,-0.19043283,-0.21777706,-0.18496753,-0.17591612
-0.1758619,-0.15480208,-0.20418301,-0.1465948,-0.22510503
-0.16425954,-0.21197993,-0.22108069,-0.14954673,-0.15339874
-0.17958786,-0.18713118,-0.21249855,-0.21471262,-0.18928383
-0.18991323,0.22878292,-0.17734048,-0.20186941,-0.16473037
-0.21662487,-0.1741825,-0.16044967,0.17667021,-0.17589797
-0.22349475,-0.14710355,-0.15026343,-0.15026815,-0.17594562
-0.15747027,-0.1568754,-0.19053535,-0.1850029,-0.22646666
-0.16791035,-0.18719526,-0.21618903,-0.15650141,-0.19481638
-0.18663652,-0.19116439,-0.1451299,-0.16242206,-0.14343414
-0.2288862,-0.2255932,-0.1737999,-0.19978292,-0.22867826
-0.1805889,-0.20485927,-0.1963609,-0.15817371,-0.19390738
-0.14841537,-0.19908908,-0.19383192,-0.15012638,-0.2220308
-0.17816816,-0.2078303,-0.21465957,-0.21944065,-0.14756383
-0.21654321,-0.1455463,-0.21966586,-0.1494265,-0.22695127
-0.2287388,-0.14914556,-0.16865297,0.2160283,0.14538257
