-0.17534561,-0.16799365,-0.17874597,-0.16449746,-0.14302017
-0.16922495,-0.14184082,-0.12708037,-0.1491837,-0.12232029
-0.13108385,-0.09832231,-0.14413635,-0.10314974,-0.1088473
-0.12028857,-0.116373405,-0.17197494,-0.23524547,-0.18711779
-0.12575954,-0.10204004,-0.21163605,-0.21477479,-0.17594916
-0.14067926,-0.10003474,-0.1649095,-0.1562755,-0.13969782
-0.11819921,-0.1810213,-0.2177034,-0.10979208,-0.1957136
-0.109830275,-0.15680836,-0.23373424,-0.23575355,-0.23195858
-0.2387613,-0.18328013,-0.19433074,-0.2343047,-0.16469297
-0.12938252,-0.18881945,-0.2245476,-0.17478189,-0.23948751
-0.1088176,-0.2298139,-0.12348106,-0.15834339,-0.11277867
-0.24353226,-0.15057966,-0.15406765,-0.23173387,-0.22698474
-0.2181966,-0.13688861,-0.11032735,-0.21487463,-0.16288663
-0.1629749,-0.16506146,-0.2086635,-0.21465808,-0.19169278
-0.10034197,-0.12689176,-0.24370909,-0.15716003,-0.2140397
-0.24612962,-0.19168274,-0.10330794,-0.18292117,-0.20631313
-0.20999865,-0.16271514,-0.14684296,-0.10237684,-0.22912344
-0.13498564,-0.17431915,-0.15466353,-0.20325793,-0.23937604
-0.12956795,-0.24350072,-0.22486791,-0.17402814,-0.16416451
-0.14551303,-0.23743057,-0.24179745,-0.15290883,-0.22812293
-0.17337452,-0.25636154,-0.18443577,-0.19902587,-0.21936792
-0.18578936,-0.2020066,-0.211492,-0.2357234,-0.15545562
-0.22272286,-0.17661633,-0.15597315,-0.15890259,-0.18585084
-0.18939294,-0.17448449,-0.17531443,-0.16563295,-0.10948165
-0.15407957,-0.113583945,-0.112915024,-0.17615478,-0.12932912
-0.18748806,-0.16858669,-0.16491155,-0.10753974,-0.16808978
-0.1405894,-0.16206224,-0.22952302,-0.193177,-0.2189869
-0.10435772,-0.16856498,-0.2073174,-0.24514958,-0.18880968
-0.10115332,-0.22382352,-0.22965688,-0.21606432,-0.19965747
-0.17259724,-0.18527123,-0.12217396,-0.15921222,-0.22266166
-0.23499756,0.0025806972,-0.08518197,0.20034839,0.019793585
-0.07163592,-0.09863327,-0.21180688,-0.16463926,0.20496342
-0.14781012,-0.0021568872,-0.11445991,0.18203911,-0.25303566
-0.2765344,0.25587833,0.22887467,-0.22507337,-0.17469916
-0.15980148,-0.19653898,-0.20943823,-0.18844953,-0.1741117
-0.15633081,-0.09943594,-0.16307737,-0.13341448,-0.13726148
-0.11153917,-0.13749601,-0.17806846,-0.1305782,-0.17673767
-0.14155191,-0.12721777,-0.16088368,-0.1566987,-0.22439098
-0.10991734,-0.12524381,-0.24783787,-0.19015104,-0.25032017
-0.16654514,-0.18778184,-0.18303609,-0.21621712,-0.16953306
0.23211221,-0.15276155,-0.118405074,-0.23012182,-0.12872829
0.22401084,-0.080339506,-0.20263813,-0.24096929,-0.2369391
-0.2147323,0.2318867,-0.028187469,-0.2333595,-0.23125805
-0.11840526,-0.15628803,-0.26631948,-0.2498978,-0.22513232
0.30796054,0.16532338,-0.18992534,-0.21694697,-0.20750238
-0.16587834,-0.17364226,-0.21914884,-0.22906835,-0.10873112
-0.12964185,-0.19553229,-0.14766487,-0.13270369,-0.09540089
-0.17177626,-0.2324741,-0.099489726,-0.15060994,-0.22206226
-0.12036287,-0.15530717,-0.12667136,-0.22411846,-0.19580014
-0.21556185,-0.15375113,-0.23404436,-0.20511675,-0.10942401
-0.18294409,-0.17336084,-0.18510458,-0.12140604,-0.17183967
-0.18483044,-0.13046302,-0.19592054,-0.22926682,-0.19713359
-0.10780294,-0.16129054,-0.18570635,-0.21568377,-0.23180865
-0.15932314,-0.20567529,-0.20964633,-0.17448045,-0.24681874
-0.20094657,-0.21937507,-0.13865554,-0.16328613,-0.20511408
-0.0077563813,-0.0151577,-0.04462915,-0.040518012,0.019485937
-0.02730986,0.025390413,-0.012679058,0.016134316,0.032646388
0.006542163,0.015355482,0.037792932,-0.014053021,0.03288899
-0.03761182,0.040951174,-0.014669244,-0.001683215,0.025088139
0.00328329,0.039104976,-0.019655816,-0.02464909,0.039922927
-0.16816032,-0.11102091,-0.09860708,-0.111376256,-0.15810247
-0.14147326,-0.18186861,-0.16664377,-0.15164463,-0.17169234
-0.11464894,-0.1175781,-0.21782507,-0.21308716,-0.16351561
-0.20797513,-0.16808964,-0.16410136,-0.2225313,-0.24848151
-0.16391145,-0.22919124,-0.16264637,-0.23632176,-0.20009652
0.013222723,-0.010564064,0.034874354,-0.040547688,-0.018583411
-0.007039724,0.034251355,0.020712677,0.028767185,0.019249866
0.040223677,-0.011137499,-0.013806011,-0.006141086,0.017592821
-0.01311457,0.01642531,0.012261226,0.01051539,0.036436334
0.007122976,0.029676348,-0.01246839,-0.040187974,0.027331904
-0.121154174,-0.104392454,-0.12523425,-0.20486774,-0.17423727
-0.1830528,-0.19607495,-0.105277985,-0.20885165,-0.15660667
-0.18337387,-0.22688241,-0.12655361,-0.24213026,-0.18248369
-0.16794457,-0.14843708,-0.1266463,-0.18412867,-0.23348396
-0.15093696,-0.12667337,-0.21586387,-0.20525636,-0.17618601
-0.15463138,-0.1181375,-0.16890654,-0.12689686,-0.21404351
-0.23354004,-0.17182434,-0.2143222,-0.12797515,-0.18106651
-0.1440836,-0.16959432,-0.22290522,-0.13240518,-0.23007885
-0.12996297,-0.10418585,-0.1899404,-0.13936318,-0.22363037
-0.17870335,-0.23643243,-0.24476236,-0.1742928,-0.22429076
-0.21309525,-0.18217945,-0.15458722,-0.16723405,-0.19818023
-0.21321052,-0.18188298,-0.17083451,-0.17088692,-0.23940805
-0.20181267,-0.24229382,-0.23686443,-0.171541,-0.24109991
-0.16422908,-0.1852721,-0.16231585,-0.18583617,-0.23390004
-0.15971981,-0.17130534,-0.11614034,-0.17778482,-0.1136599
-0.22253242,-0.10438732,-0.14146292,-0.13546734,-0.15012641
-0.1145463,-0.11343039,-0.21637608,-0.18875782,-0.21912174
-0.053601336,-0.097982205,-0.22120848,-0.27056322,-0.27236515
-0.1989874,-0.26504743,-0.21355975,-0.23443282,-0.11907266
-0.0030904596,-0.25035384,-0.16450492,-0.21517076,-0.2514518
-0.23840909,-0.099259034,-0.11694874,-0.16828667,-0.24396145
-0.10152694,-0.116586626,-0.14507543,-0.24613091,-0.18308707
-0.1674043,-0.11460451,-0.25860593,-0.25185302,-0.25326437
-0.1015505,-0.17261654,-0.24893656,-0.1722712,-0.23391059
-0.18185894,-0.19313608,-0.18089926,-0.18104711,-0.20189333
-0.09808163,-0.18031588,-0.11881502,-0.15440948,-0.13801524
-0.10729333,-0.16932236,-0.11887231,-0.21571542,-0.17840257
-0.13244161,-0.11475618,-0.16495678,-0.22907285,-0.25663766
-0.097029835,-0.23546281,-0.19739999,-0.1802838,-0.21961537
-0.1043266,-0.17785975,-0.15109594,-0.20142189,-0.21362968
