-0.20563027,-0.15748489,-0.11280481,-0.18410574,-0.21180731
-0.21070358,-0.17466937,-0.21613759,-0.18466282,-0.24921906
-0.13672061,-0.0993761,-0.18727785,-0.18678458,-0.2208024
-0.14508347,-0.17951596,-0.22787632,-0.20287871,-0.1921131
-0.114881046,-0.16744767,-0.19724372,-0.27638343,-0.24008864
-0.22223099,-0.17250581,-0.19760846,-0.19958626,-0.17659779
-0.11892957,-0.13355096,-0.18952934,-0.19452128,-0.24943511
-0.16206257,-0.17842048,-0.23402658,-0.20284276,-0.16277534
-0.11027227,-0.16066112,-0.20098148,-0.1955759,-0.13181457
-0.17801791,-0.20006,-0.19900274,-0.13557802,-0.10115123
-0.10506685,-0.22996423,-0.1712165,-0.2472213,-0.23049748
-0.12355055,-0.1395887,-0.10338704,-0.18187949,-0.15149927
-0.09963593,-0.1724332,-0.13413613,-0.1932292,-0.1769362
-0.09697581,-0.11870265,-0.1617382,-0.19037564,-0.17673251
-0.14109297,-0.10888044,-0.19809946,-0.2196935,-0.19526307
-0.14134872,-0.15387978,-0.13518676,-0.20568469,-0.17039368
-0.17403738,-0.12602133,-0.15968281,-0.20400086,-0.102575354
-0.10836743,-0.1157167,-0.18152437,-0.10996462,-0.23637313
-0.09919493,-0.17391759,-0.2352964,-0.22437774,-0.09815449
-0.11588435,-0.19395083,-0.1801755,-0.2476751,-0.1840018
-0.124702245,-0.15213503,-0.11639145,-0.17280492,-0.097685635
-0.17291605,-0.11023263,-0.1112643,-0.16272472,-0.10062191
-0.18348704,-0.14967725,-0.15346816,-0.103046425,-0.21712735
-0.20858641,-0.11189423,-0.11020243,-0.16004914,-0.10762514
-0.19939771,-0.11873811,-0.15496628,-0.118020855,-0.14705808
-0.11014433,-0.11766955,-0.1755883,-0.21168596,-0.11175581
-0.10506553,-0.12873718,-0.2089255,-0.23530655,-0.23047523
-0.109358445,-0.16199122,-0.23018673,-0.18241405,-0.22990386
-0.17351845,-0.1994294,-0.19025567,-0.25167972,-0.13584758
-0.16952606,-0.11341078,-0.11478508,-0.12482724,-0.09669418
-0.19608058,-0.20545317,0.1997124,-0.17421113,0.16760923
0.15732865,-0.2012671,-0.16911449,-0.16876964,0.1678456
-0.07368345,-0.24762745,-0.19285488,-0.17674439,0.1554474
-0.03830778,0.16567211,-0.16118424,-0.21070513,0.16253044
-0.066174574,-0.19257648,-0.1797062,-0.14560466,-0.22976942
-0.1693378,-0.2272611,-0.24226938,-0.18114406,-0.2192135
-0.24069525,-0.2270481,-0.17770314,-0.18644786,-0.209016
-0.118743695,-0.19663174,-0.2404287,-0.19966812,-0.109835416
-0.14644672,-0.21083015,-0.1650338,-0.22091499,-0.098538846
-0.10240215,-0.16940036,-0.21048163,-0.20549881,-0.13065766
-0.22860251,-0.20529892,0.16260982,0.18103042,0.16527766
0.17325176,0.15641733,-0.17013195,-0.23267244,-0.14401223
0.16950779,-0.10909141,-0.22271687,-0.2773771,-0.2312209
0.2269364,0.21804395,0.22082545,-0.2107809,-0.21722463
0.23053442,0.16056061,-0.22523142,-0.22492036,-0.17405446
-0.21497998,-0.23656172,-0.08039319,-0.16145709,-0.13873982
-0.11988433,-0.12223965,-0.044864103,-0.21124378,-0.11136998
-0.14597185,-0.12028251,-0.1395275,-0.11322237,-0.17742333
-0.19703984,-0.12710437,-0.11114546,-0.2597127,-0.22474653
-0.10036704,-0.106089965,-0.12553494,-0.28944445,-0.27627897
-0.24136887,-0.22711065,-0.17216004,-0.14596093,-0.1604828
-0.16447824,-0.2258667,-0.2425744,-0.18907037,-0.18930942
-0.1186159,-0.16666627,-0.17920499,-0.24755582,-0.20445606
-0.10324239,-0.17509758,-0.18928207,-0.22939241,-0.18017958
-0.097942404,-0.21960767,-0.19140457,-0.21736303,-0.22025804
0.015924342,0.041372485,-0.010622179,0.019372536,0.018005067
-0.0071439277,0.008898645,0.0148590505,0.039926484,-0.016881853
0.034398336,-0.0028874802,0.017639715,-0.03625882,0.030056845
0.037691317,0.010416757,0.0013726298,0.011670913,-0.03532144
-0.03855,0.03330977,-0.040158827,-0.010016966,-0.027390258
-0.24690703,-0.2248115,-0.20644648,-0.24095725,-0.17675444
-0.17826197,-0.14391758,-0.21974671,-0.17395051,-0.25087216
-0.17981501,-0.15459862,-0.1629138,-0.16797708,-0.21322018
-0.15215187,-0.13478218,-0.20423752,-0.20748782,-0.16156735
-0.14324814,-0.13312027,-0.18056804,-0.24363568,-0.21782398
0.02245514,0.02943745,0.024225332,-0.010846618,0.010197981
-0.015307719,0.0379822,0.025404546,-0.040356673,0.021722786
0.04390155,0.0119590955,-0.03547278,0.028766844,0.002394296
-0.011999112,0.019517891,0.034721967,0.020294616,-0.03526128
0.018664405,-0.027596613,-0.04177129,-0.022180928,0.023525106
-0.17124474,-0.12806633,-0.11432408,-0.24799915,-0.2298243
-0.23109958,-0.17923506,-0.16925888,-0.24031012,-0.25144807
-0.13559376,-0.16208106,-0.13957006,-0.2186151,-0.13799158
-0.18188158,-0.17741556,-0.18241873,-0.18532243,-0.23640072
-0.17868279,-0.15595551,-0.1424614,-0.25788388,-0.18812086
-0.17414068,-0.13050589,-0.21328874,-0.115907684,-0.12952696
-0.20143503,-0.19985418,-0.24720635,-0.12957491,-0.19094613
-0.11458842,-0.18503992,-0.17323458,-0.22924875,-0.13766526
-0.17456526,-0.16879576,-0.21739413,-0.24448569,-0.11099705
-0.13704032,-0.21945204,-0.19400056,-0.23903506,-0.1639016
-0.15656675,-0.199887,-0.24030112,-0.13097824,-0.1848954
-0.16518529,-0.23179543,-0.23800823,-0.13125631,-0.1207594
-0.15216559,-0.22125483,-0.20520552,-0.17628168,-0.18322928
-0.1710825,-0.24169631,-0.13525407,-0.1028325,-0.10816043
-0.2331897,-0.1836743,-0.10297176,-0.1488963,-0.15478839
-0.18405427,-0.13286924,-0.20499238,-0.21881269,-0.18132041
-0.1280565,-0.13067774,-0.27105993,-0.21486603,-0.18500262
-0.08849639,-0.17342865,-0.28439575,-0.22936687,-0.11546612
0.04819384,-0.25701842,0.008160331,-0.2423112,-0.09960919
0.26938626,-0.058476843,0.0075216745,0.11806463,0.19196554
-0.14741966,-0.18211119,-0.24092886,-0.19173467,-0.1433227
-0.10194827,-0.0941663,-0.24642274,-0.1657972,-0.1971992
-0.1388542,-0.17752776,-0.23557036,-0.23330504,-0.13526243
-0.11188624,-0.113550834,-0.17830588,-0.22896725,-0.10809734
-0.15521318,-0.24812387,-0.16142988,-0.12085887,-0.13047461
-0.24462269,-0.12794061,-0.21135306,-0.21864688,-0.16560395
-0.17724147,-0.14331192,-0.23048788,-0.22055113,-0.22813156
-0.09326568,-0.1437195,-0.25778285,-0.24175897,-0.21831606
-0.099820256,-0.12794694,-0.26031598,-0.2296023,-0.23298758
-0.13424419,-0.1880643,-0.17036092,-0.21540135,0.27140746
