-0.17974053
-0.14921218
-0.15519021
-0.19184178
-0.15628575
-0.1610251
-0.27173632
-0.16613795
-0.0987353
-0.17726062
-0.18783109
-0.20981224
-0.17216474
-0.21088926
-0.21505551
-0.21638079
-0.25895792
-0.19962113
-0.17027947
-0.12564509
-0.12169888
-0.21746613
-0.18512197
-0.17718765
-0.123685785
-0.22669378
-0.22412191
-0.17933671
-0.16383253
-0.19968987
-0.22143798
-0.16157472
-0.19618389
-0.13678145
-0.19347976
-0.21329893
-0.16155072
-0.17536275
-0.23752283
-0.27822188
-0.20610327
-0.17835377
-0.1693925
-0.19420807
-0.15542048
-0.16908726
-0.22385016
-0.19888866
-0.1773143
-0.18543439
