-0.19513752
-0.1603774
-0.19822258
-0.14178503
-0.19568214
-0.15061705
-0.14179337
-0.102060415
-0.16442934
-0.13628356
-0.16244332
-0.20861045
-0.107559465
-0.19412956
-0.11016178
-0.20039721
-0.15746006
-0.12934369
-0.22804184
-0.17435819
-0.15188527
-0.13744664
-0.09597331
-0.19916582
-0.11264221
-0.1692868
-0.075967506
-0.26123798
-0.20765258
-0.16123648
-0.1838589
-0.15452619
-0.16545571
-0.139868
-0.20846817
-0.18015109
-0.1991701
-0.17138936
-0.11501953
-0.1711576
-0.15538003
-0.2062259
-0.20787373
-0.18040486
-0.12675138
-0.03448111
-0.1908983
-0.1670696
-0.14781654
-0.18986337
-0.1062547
-0.14082047
-0.16667011
-0.18866152
-0.1234448
-0.20300163
-0.1662227
-0.078544356
-0.105491556
-0.1804694
-0.030119821
-0.15969294
-0.16177322
-0.21299829
-0.09485756
-0.15581778
-0.15529294
-0.21655107
-0.13969941
-0.16010942
-0.17997682
-0.08606317
-0.110332556
-0.19392388
-0.17791063
-0.20757012
-0.15299912
-0.066785954
-0.14876248
-0.12462769
-0.123590544
-0.18393785
-0.21628813
-0.15247262
-0.16384566
-0.16655602
-0.09786478
-0.15774794
-0.20044939
-0.20772602
-0.05850732
-0.19639969
-0.22153853
-0.20491824
-0.15533248
-0.18602157
-0.11221781
-0.017474055
-0.11938047
-0.14237612
-0.1451504
-0.17144309
-0.15297545
-0.15026136
-0.14846966
-0.16226009
-0.21673693
-0.15797882
-0.20258117
-0.1365563
-0.17628518
-0.13897154
-0.18363594
-0.2101877
-0.015077307
-0.20446877
-0.010652726
-0.12599646
-0.12015663
-0.0054224622
-0.12682502
-0.15586482
-0.14218226
-0.23483667
-0.15231337
-0.16880165
-0.18843864
-0.2117055
-0.20317061
-0.14077668
-0.14495954
-0.18426701
-0.1619663
-0.18435112
-0.15504174
-0.16135664
-0.24168575
-0.1526059
-0.17711446
-0.19133843
-0.15063982
-0.22051597
-0.14829636
-0.18530336
-0.1424425
-0.24011463
-0.18477632
-0.19720073
-0.23393238
-0.21682173
-0.15229712
-0.21946317
-0.17733528
-0.17742164
-0.095099695
-0.097281456
-0.13195752
-0.19827211
-0.19465019
-0.14480974
-0.17244269
-0.18488924
-0.036310825
-0.204492
-0.10281705
-0.14090951
-0.022561012
-0.1875984
-0.012353204
-0.15711014
-0.13369839
-0.18462367
-0.15143095
-0.1760354
-0.006485406
-0.14508691
-0.19667767
-0.19738604
-0.21605358
-0.20305502
-0.16183633
-0.109782614
-0.13110451
-0.16765448
-0.19533284
-0.1636524
-0.16917592
-0.06484287
-0.12088915
-0.21539517
-0.13417858
-0.16926526
-0.19583973
-0.18706138
-0.17628491
-0.17115323
-0.21970972
-0.18466517
-0.13275377
-0.11552382
-0.17771953
-0.23172653
-0.16413529
-0.035087734
-0.056232106
-0.10278617
-0.16731872
-0.12614077
-0.17907538
-0.12750286
-0.16499889
-0.204688
-0.15504144
-0.030668791
-0.18044764
-0.19165115
-0.20732811
-0.17576028
-0.20983355
-0.1785233
-0.122008435
-0.1042385
-0.12335268
-0.17164981
-0.03442887
-0.10756921
-0.07132568
-0.08142836
-0.218344
-0.0996661
-0.21280867
-0.006767659
-0.14112782
-0.16771369
-0.1956335
-0.16916914
-0.11126613
-0.16247593
-0.17616406
-0.19640377
-0.13676773
-0.1938536
-0.18542138
-0.15244928
-0.20001781
-0.15915081
-0.16969723
-0.17951529
-0.15585737
-0.27072883
-0.15123093
-0.09951305
-0.19595373
-0.15325406
-0.12992473
-0.016167596
-0.13001207
-0.03047136
-0.18401375
-0.23724668
-0.2517942
-0.1444952
-0.073624626
-0.2063698
-0.22538741
-0.11923064
-0.19557728
-0.1638172
-0.11260972
-0.13230209
-0.11804383
-0.1578088
-0.1291741
-0.16555616
-0.11902737
-0.14964157
-0.20186749
-0.124483384
-0.14120424
-0.13354245
-0.13926072
-0.17927054
-0.10059764
-0.15350233
-0.018821418
-0.14792
-0.19161855
-0.1539087
-0.02546715
-0.18800047
-0.15771557
-0.16177845
-0.13970284
-0.18838283
-0.20024878
-0.19483443
-0.1880214
-0.22094405
-0.18047105
-0.16344036
-0.13715115
-0.18304658
-0.1700161
-0.093505815
-0.1829129
-0.18221599
-0.17895626
-0.064047396
-0.20223626
-0.21773498
-0.2223192
-0.09240118
-0.20362407
-0.14150523
-0.16298217
-0.1655962
-0.17070054
-0.1625044
-0.19215791
-0.24613363
-0.23013751
-0.009091893
-0.16026312
-0.017830327
-0.19232705
-0.18410365
-0.10939328
-0.14320283
-0.1602576
-0.064070426
-0.15207271
-0.14913969
-0.109674715
-0.10830451
-0.22820796
-0.16693553
-0.18060893
-0.15888198
-0.14391431
-0.14855985
-0.15774491
-0.08952291
-0.030321537
-0.1341085
-0.14859425
-0.17106818
-0.21491608
-0.15443273
-0.16476029
-0.19104606
-0.1894964
-0.14603212
-0.22188465
-0.20020172
-0.15765701
-0.19610474
-0.19624583
-0.16515447
-0.10788064
-0.14487022
-0.0928738
-0.17031752
-0.16717125
-0.1748858
-0.17917879
-0.15636903
-0.032888632
-0.15773301
-0.16489881
-0.17792311
-0.17123787
-0.19879906
-0.1538151
-0.12922598
-0.14476877
-0.18541086
-0.18662597
-0.17738764
-0.1467749
-0.16306841
-0.025619958
-0.14348471
-0.17832865
-0.16235693
-0.2106206
-0.16875827
-0.21124913
-0.034474403
-0.013969025
-0.16069585
-0.17210591
-0.22436804
-0.10849877
-0.017273325
-0.16639568
-0.1592647
-0.0085880235
-0.08845003
-0.16856252
-0.15736447
-0.14465407
-0.23143345
-0.25549924
-0.197804
-0.22444247
-0.13545167
-0.13492316
-0.13935994
-0.22993115
-0.23498158
-0.016230486
-0.09889611
-0.14530708
-0.1495712
-0.092033066
-0.104401186
-0.18415648
-0.19352193
-0.12640262
-0.120816536
-0.20887747
-0.19505706
-0.17207928
-0.17065908
-0.17612568
-0.16422807
-0.18269877
-0.1534233
-0.16128625
-0.0121153565
-0.13233341
-0.15688829
-0.22180918
-0.16872379
-0.21926624
-0.106414594
-0.0061152256
-0.2030991
-0.1353346
-0.20668577
-0.18956111
-0.15306151
-0.15454258
-0.14495409
-0.17246655
-0.18089503
-0.15161596
-0.19007252
-0.16569206
-0.0989813
-0.13429302
-0.2021781
-0.101538494
-0.16912131
-0.1287405
-0.17071211
-0.1414128
-0.16572554
-0.19258493
-0.1538436
-0.1107
-0.16560663
-0.14895113
-0.19146626
-0.10512727
-0.19071452
-0.18586019
-0.17515408
-0.19967508
-0.16430056
-0.15210095
-0.19943824
-0.29158667
-0.17043874
-0.20997998
-0.19266447
-0.21453984
-0.19544299
-0.10246368
-0.18734403
-0.011200391
-0.20690295
-0.20692472
-0.19126405
-0.079663046
-0.14787129
-0.20414034
-0.10268304
-0.16888927
-0.14952415
-0.17822886
-0.19948341
-0.18365885
-0.08398752
-0.00499951
-0.1984661
-0.0007167674
-0.17494981
-0.12218641
-0.026164874
